       1   -0.027530
       2   -0.027530
       3   -0.027321
       4   -0.027321
       5   -0.027062
       6   -0.027062
       7   -0.027002
       8   -0.027002
       9   -0.027052
      10   -0.027052
      11   -0.027069
      12   -0.027069
      13   -0.027061
      14   -0.027061
      15   -0.027051
      16   -0.027051
      17   -0.027042
      18   -0.027042
      19   -0.027031
      20   -0.027031
      21   -0.027016
      22   -0.027016
      23   -0.026999
      24   -0.026999
      25   -0.026975
      26   -0.026975
      27   -0.026948
      28   -0.026948
      29   -0.026917
      30   -0.026917
      31   -0.026882
      32   -0.026882
      33   -0.026843
      34   -0.026843
      35   -0.026803
      36   -0.026803
      37   -0.026759
      38   -0.026759
      39   -0.026714
      40   -0.026714
      41   -0.026667
      42   -0.026667
      43   -0.026621
      44   -0.026621
      45   -0.026575
      46   -0.026575
      47   -0.026525
      48   -0.026525
      49   -0.026474
      50   -0.026474
      51   -0.026421
      52   -0.026421
      53   -0.026364
      54   -0.026364
      55   -0.026304
      56   -0.026304
      57   -0.026242
      58   -0.026242
      59   -0.026179
      60   -0.026179
      61   -0.026113
      62   -0.026113
      63   -0.026044
      64   -0.026044
      65   -0.025974
      66   -0.025974
      67   -0.025903
      68   -0.025903
      69   -0.025832
      70   -0.025832
      71   -0.025758
      72   -0.025758
      73   -0.025679
      74   -0.025679
      75   -0.025589
      76   -0.025589
      77   -0.025491
      78   -0.025491
      79   -0.025390
      80   -0.025390
      81   -0.025287
      82   -0.025287
      83   -0.025183
      84   -0.025183
      85   -0.025075
      86   -0.025075
      87   -0.024957
      88   -0.024957
      89   -0.024837
      90   -0.024837
      91   -0.024709
      92   -0.024709
      93   -0.024567
      94   -0.024567
      95   -0.024424
      96   -0.024424
      97   -0.024274
      98   -0.024274
      99   -0.024101
     100   -0.024101
     101   -0.023919
     102   -0.023919
     103   -0.023730
     104   -0.023730
     105   -0.023514
     106   -0.023514
     107   -0.023260
     108   -0.023260
     109   -0.022963
     110   -0.022963
     111   -0.022612
     112   -0.022612
     113   -0.022204
     114   -0.022204
     115   -0.021741
     116   -0.021741
     117   -0.021224
     118   -0.021224
     119   -0.020844
     120   -0.020844
     121   -0.020766
     122   -0.020766
     123   -0.020860
     124   -0.020860
     125   -0.020977
     126   -0.020977
     127   -0.021068
     128   -0.021068
     129   -0.021116
     130   -0.021116
     131   -0.021114
     132   -0.021114
     133   -0.021078
     134   -0.021078
     135   -0.021023
     136   -0.021023
     137   -0.020945
     138   -0.020945
     139   -0.020853
     140   -0.020853
     141   -0.020748
     142   -0.020748
     143   -0.020627
     144   -0.020627
     145   -0.020499
     146   -0.020499
     147   -0.020368
     148   -0.020368
     149   -0.020209
     150   -0.020209
     151   -0.020021
     152   -0.020021
     153   -0.019817
     154   -0.019817
     155   -0.019566
     156   -0.019566
     157   -0.019252
     158   -0.019252
     159   -0.018904
     160   -0.018904
     161   -0.018545
     162   -0.018545
     163   -0.018182
     164   -0.018182
     165   -0.017762
     166   -0.017762
     167   -0.017226
     168   -0.017226
     169   -0.016585
     170   -0.016585
     171   -0.015887
     172   -0.015887
     173   -0.015127
     174   -0.015127
     175   -0.014255
     176   -0.014255
     177   -0.013252
     178   -0.013252
     179   -0.012080
     180   -0.012080
     181   -0.010631
     182   -0.010631
     183   -0.008908
     184   -0.008908
     185   -0.006926
     186   -0.006926
     187   -0.004763
     188   -0.004763
     189   -0.002218
     190   -0.002218
     191    0.000899
     192    0.000899
     193    0.005717
     194    0.005717
     195    0.013283
     196    0.013283
     197    0.019961
     198    0.019961
     199   -0.078442
     200   -0.078442
     201   -0.078052
     202   -0.078052
     203   -0.077622
     204   -0.077622
     205   -0.077570
     206   -0.077570
     207   -0.077672
     208   -0.077672
     209   -0.077694
     210   -0.077694
     211   -0.077675
     212   -0.077675
     213   -0.077648
     214   -0.077648
     215   -0.077624
     216   -0.077624
     217   -0.077589
     218   -0.077589
     219   -0.077545
     220   -0.077545
     221   -0.077494
     222   -0.077494
     223   -0.077430
     224   -0.077430
     225   -0.077355
     226   -0.077355
     227   -0.077269
     228   -0.077269
     229   -0.077171
     230   -0.077171
     231   -0.077064
     232   -0.077064
     233   -0.076948
     234   -0.076948
     235   -0.076826
     236   -0.076826
     237   -0.076698
     238   -0.076698
     239   -0.076565
     240   -0.076565
     241   -0.076433
     242   -0.076433
     243   -0.076299
     244   -0.076299
     245   -0.076159
     246   -0.076159
     247   -0.076016
     248   -0.076016
     249   -0.075866
     250   -0.075866
     251   -0.075705
     252   -0.075705
     253   -0.075537
     254   -0.075537
     255   -0.075363
     256   -0.075363
     257   -0.075183
     258   -0.075183
     259   -0.074997
     260   -0.074997
     261   -0.074805
     262   -0.074805
     263   -0.074608
     264   -0.074608
     265   -0.074409
     266   -0.074409
     267   -0.074208
     268   -0.074208
     269   -0.074004
     270   -0.074004
     271   -0.073783
     272   -0.073783
     273   -0.073531
     274   -0.073531
     275   -0.073255
     276   -0.073255
     277   -0.072969
     278   -0.072969
     279   -0.072676
     280   -0.072676
     281   -0.072381
     282   -0.072381
     283   -0.072076
     284   -0.072076
     285   -0.071748
     286   -0.071748
     287   -0.071415
     288   -0.071415
     289   -0.071062
     290   -0.071062
     291   -0.070670
     292   -0.070670
     293   -0.070267
     294   -0.070267
     295   -0.069836
     296   -0.069836
     297   -0.069353
     298   -0.069353
     299   -0.068847
     300   -0.068847
     301   -0.068321
     302   -0.068321
     303   -0.067721
     304   -0.067721
     305   -0.067015
     306   -0.067015
     307   -0.066191
     308   -0.066191
     309   -0.065225
     310   -0.065225
     311   -0.064119
     312   -0.064119
     313   -0.062856
     314   -0.062856
     315   -0.061452
     316   -0.061452
     317   -0.060425
     318   -0.060425
     319   -0.060204
     320   -0.060204
     321   -0.060454
     322   -0.060454
     323   -0.060782
     324   -0.060782
     325   -0.061043
     326   -0.061043
     327   -0.061180
     328   -0.061180
     329   -0.061186
     330   -0.061186
     331   -0.061106
     332   -0.061106
     333   -0.060976
     334   -0.060976
     335   -0.060780
     336   -0.060780
     337   -0.060538
     338   -0.060538
     339   -0.060256
     340   -0.060256
     341   -0.059928
     342   -0.059928
     343   -0.059571
     344   -0.059571
     345   -0.059194
     346   -0.059194
     347   -0.058737
     348   -0.058737
     349   -0.058206
     350   -0.058206
     351   -0.057635
     352   -0.057635
     353   -0.056944
     354   -0.056944
     355   -0.056094
     356   -0.056094
     357   -0.055141
     358   -0.055141
     359   -0.054143
     360   -0.054143
     361   -0.053123
     362   -0.053123
     363   -0.051948
     364   -0.051948
     365   -0.050494
     366   -0.050494
     367   -0.048789
     368   -0.048789
     369   -0.046925
     370   -0.046925
     371   -0.044874
     372   -0.044874
     373   -0.042501
     374   -0.042501
     375   -0.039775
     376   -0.039775
     377   -0.036599
     378   -0.036599
     379   -0.032707
     380   -0.032707
     381   -0.028138
     382   -0.028138
     383   -0.022975
     384   -0.022975
     385   -0.017475
     386   -0.017475
     387   -0.011191
     388   -0.011191
     389   -0.003443
     390   -0.003443
     391    0.007916
     392    0.007916
     393    0.023867
     394    0.023867
     395    0.036789
     396    0.036789
     397   -0.122530
     398   -0.122530
     399   -0.122223
     400   -0.122223
     401   -0.121974
     402   -0.121974
     403   -0.122055
     404   -0.122055
     405   -0.122180
     406   -0.122180
     407   -0.122196
     408   -0.122196
     409   -0.122173
     410   -0.122173
     411   -0.122137
     412   -0.122137
     413   -0.122098
     414   -0.122098
     415   -0.122041
     416   -0.122041
     417   -0.121968
     418   -0.121968
     419   -0.121884
     420   -0.121884
     421   -0.121785
     422   -0.121785
     423   -0.121672
     424   -0.121672
     425   -0.121542
     426   -0.121542
     427   -0.121395
     428   -0.121395
     429   -0.121231
     430   -0.121231
     431   -0.121054
     432   -0.121054
     433   -0.120865
     434   -0.120865
     435   -0.120667
     436   -0.120667
     437   -0.120462
     438   -0.120462
     439   -0.120253
     440   -0.120253
     441   -0.120043
     442   -0.120043
     443   -0.119827
     444   -0.119827
     445   -0.119608
     446   -0.119608
     447   -0.119379
     448   -0.119379
     449   -0.119131
     450   -0.119131
     451   -0.118873
     452   -0.118873
     453   -0.118606
     454   -0.118606
     455   -0.118330
     456   -0.118330
     457   -0.118044
     458   -0.118044
     459   -0.117750
     460   -0.117750
     461   -0.117449
     462   -0.117449
     463   -0.117144
     464   -0.117144
     465   -0.116837
     466   -0.116837
     467   -0.116531
     468   -0.116531
     469   -0.116203
     470   -0.116203
     471   -0.115821
     472   -0.115821
     473   -0.115396
     474   -0.115396
     475   -0.114953
     476   -0.114953
     477   -0.114499
     478   -0.114499
     479   -0.114043
     480   -0.114043
     481   -0.113577
     482   -0.113577
     483   -0.113086
     484   -0.113086
     485   -0.112583
     486   -0.112583
     487   -0.112053
     488   -0.112053
     489   -0.111471
     490   -0.111471
     491   -0.110850
     492   -0.110850
     493   -0.110181
     494   -0.110181
     495   -0.109450
     496   -0.109450
     497   -0.108686
     498   -0.108686
     499   -0.107875
     500   -0.107875
     501   -0.106950
     502   -0.106950
     503   -0.105869
     504   -0.105869
     505   -0.104630
     506   -0.104630
     507   -0.103217
     508   -0.103217
     509   -0.101626
     510   -0.101626
     511   -0.099825
     512   -0.099825
     513   -0.097886
     514   -0.097886
     515   -0.096455
     516   -0.096455
     517   -0.096073
     518   -0.096073
     519   -0.096384
     520   -0.096384
     521   -0.096857
     522   -0.096857
     523   -0.097241
     524   -0.097241
     525   -0.097443
     526   -0.097443
     527   -0.097458
     528   -0.097458
     529   -0.097355
     530   -0.097355
     531   -0.097173
     532   -0.097173
     533   -0.096897
     534   -0.096897
     535   -0.096544
     536   -0.096544
     537   -0.096120
     538   -0.096120
     539   -0.095625
     540   -0.095625
     541   -0.095064
     542   -0.095064
     543   -0.094439
     544   -0.094439
     545   -0.093704
     546   -0.093704
     547   -0.092875
     548   -0.092875
     549   -0.091979
     550   -0.091979
     551   -0.090925
     552   -0.090925
     553   -0.089667
     554   -0.089667
     555   -0.088245
     556   -0.088245
     557   -0.086717
     558   -0.086717
     559   -0.085112
     560   -0.085112
     561   -0.083313
     562   -0.083313
     563   -0.081207
     564   -0.081207
     565   -0.078780
     566   -0.078780
     567   -0.076124
     568   -0.076124
     569   -0.073163
     570   -0.073163
     571   -0.069710
     572   -0.069710
     573   -0.065760
     574   -0.065760
     575   -0.061171
     576   -0.061171
     577   -0.055696
     578   -0.055696
     579   -0.049442
     580   -0.049442
     581   -0.042656
     582   -0.042656
     583   -0.035742
     584   -0.035742
     585   -0.028105
     586   -0.028105
     587   -0.017746
     588   -0.017746
     589   -0.003581
     590   -0.003581
     591    0.011451
     592    0.011451
     593    0.021437
     594    0.021437
     595   -0.163655
     596   -0.163655
     597   -0.163348
     598   -0.163348
     599   -0.163120
     600   -0.163120
     601   -0.163234
     602   -0.163234
     603   -0.163389
     604   -0.163389
     605   -0.163430
     606   -0.163430
     607   -0.163419
     608   -0.163419
     609   -0.163378
     610   -0.163378
     611   -0.163321
     612   -0.163321
     613   -0.163240
     614   -0.163240
     615   -0.163137
     616   -0.163137
     617   -0.163016
     618   -0.163016
     619   -0.162878
     620   -0.162878
     621   -0.162723
     622   -0.162723
     623   -0.162550
     624   -0.162550
     625   -0.162359
     626   -0.162359
     627   -0.162146
     628   -0.162146
     629   -0.161913
     630   -0.161913
     631   -0.161666
     632   -0.161666
     633   -0.161405
     634   -0.161405
     635   -0.161134
     636   -0.161134
     637   -0.160856
     638   -0.160856
     639   -0.160577
     640   -0.160577
     641   -0.160294
     642   -0.160294
     643   -0.160004
     644   -0.160004
     645   -0.159701
     646   -0.159701
     647   -0.159379
     648   -0.159379
     649   -0.159041
     650   -0.159041
     651   -0.158692
     652   -0.158692
     653   -0.158330
     654   -0.158330
     655   -0.157956
     656   -0.157956
     657   -0.157572
     658   -0.157572
     659   -0.157178
     660   -0.157178
     661   -0.156779
     662   -0.156779
     663   -0.156378
     664   -0.156378
     665   -0.155980
     666   -0.155980
     667   -0.155558
     668   -0.155558
     669   -0.155069
     670   -0.155069
     671   -0.154518
     672   -0.154518
     673   -0.153940
     674   -0.153940
     675   -0.153353
     676   -0.153353
     677   -0.152763
     678   -0.152763
     679   -0.152157
     680   -0.152157
     681   -0.151529
     682   -0.151529
     683   -0.150878
     684   -0.150878
     685   -0.150191
     686   -0.150191
     687   -0.149444
     688   -0.149444
     689   -0.148635
     690   -0.148635
     691   -0.147764
     692   -0.147764
     693   -0.146830
     694   -0.146830
     695   -0.145832
     696   -0.145832
     697   -0.144737
     698   -0.144737
     699   -0.143486
     700   -0.143486
     701   -0.142066
     702   -0.142066
     703   -0.140490
     704   -0.140490
     705   -0.138752
     706   -0.138752
     707   -0.136825
     708   -0.136825
     709   -0.134704
     710   -0.134704
     711   -0.132553
     712   -0.132553
     713   -0.130930
     714   -0.130930
     715   -0.130358
     716   -0.130358
     717   -0.130614
     718   -0.130614
     719   -0.131117
     720   -0.131117
     721   -0.131547
     722   -0.131547
     723   -0.131775
     724   -0.131775
     725   -0.131786
     726   -0.131786
     727   -0.131647
     728   -0.131647
     729   -0.131389
     730   -0.131389
     731   -0.131011
     732   -0.131011
     733   -0.130527
     734   -0.130527
     735   -0.129949
     736   -0.129949
     737   -0.129278
     738   -0.129278
     739   -0.128498
     740   -0.128498
     741   -0.127600
     742   -0.127600
     743   -0.126579
     744   -0.126579
     745   -0.125451
     746   -0.125451
     747   -0.124205
     748   -0.124205
     749   -0.122770
     750   -0.122770
     751   -0.121121
     752   -0.121121
     753   -0.119270
     754   -0.119270
     755   -0.117249
     756   -0.117249
     757   -0.115071
     758   -0.115071
     759   -0.112695
     760   -0.112695
     761   -0.110046
     762   -0.110046
     763   -0.107045
     764   -0.107045
     765   -0.103765
     766   -0.103765
     767   -0.100086
     768   -0.100086
     769   -0.095828
     770   -0.095828
     771   -0.091010
     772   -0.091010
     773   -0.085481
     774   -0.085481
     775   -0.079145
     776   -0.079145
     777   -0.072138
     778   -0.072138
     779   -0.065008
     780   -0.065008
     781   -0.058156
     782   -0.058156
     783   -0.050597
     784   -0.050597
     785   -0.038835
     786   -0.038835
     787   -0.023352
     788   -0.023352
     789   -0.011068
     790   -0.011068
     791   -0.004357
     792   -0.004357
     793   -0.205818
     794   -0.205818
     795   -0.205361
     796   -0.205361
     797   -0.204931
     798   -0.204931
     799   -0.204997
     800   -0.204997
     801   -0.205232
     802   -0.205232
     803   -0.205338
     804   -0.205338
     805   -0.205343
     806   -0.205343
     807   -0.205286
     808   -0.205286
     809   -0.205197
     810   -0.205197
     811   -0.205080
     812   -0.205080
     813   -0.204940
     814   -0.204940
     815   -0.204777
     816   -0.204777
     817   -0.204592
     818   -0.204592
     819   -0.204387
     820   -0.204387
     821   -0.204163
     822   -0.204163
     823   -0.203922
     824   -0.203922
     825   -0.203660
     826   -0.203660
     827   -0.203376
     828   -0.203376
     829   -0.203071
     830   -0.203071
     831   -0.202747
     832   -0.202747
     833   -0.202411
     834   -0.202411
     835   -0.202067
     836   -0.202067
     837   -0.201721
     838   -0.201721
     839   -0.201370
     840   -0.201370
     841   -0.201009
     842   -0.201009
     843   -0.200634
     844   -0.200634
     845   -0.200241
     846   -0.200241
     847   -0.199828
     848   -0.199828
     849   -0.199399
     850   -0.199399
     851   -0.198953
     852   -0.198953
     853   -0.198493
     854   -0.198493
     855   -0.198018
     856   -0.198018
     857   -0.197533
     858   -0.197533
     859   -0.197040
     860   -0.197040
     861   -0.196542
     862   -0.196542
     863   -0.196040
     864   -0.196040
     865   -0.195512
     866   -0.195512
     867   -0.194922
     868   -0.194922
     869   -0.194267
     870   -0.194267
     871   -0.193578
     872   -0.193578
     873   -0.192877
     874   -0.192877
     875   -0.192164
     876   -0.192164
     877   -0.191428
     878   -0.191428
     879   -0.190665
     880   -0.190665
     881   -0.189867
     882   -0.189867
     883   -0.189018
     884   -0.189018
     885   -0.188106
     886   -0.188106
     887   -0.187122
     888   -0.187122
     889   -0.186071
     890   -0.186071
     891   -0.184942
     892   -0.184942
     893   -0.183708
     894   -0.183708
     895   -0.182330
     896   -0.182330
     897   -0.180784
     898   -0.180784
     899   -0.179089
     900   -0.179089
     901   -0.177255
     902   -0.177255
     903   -0.175261
     904   -0.175261
     905   -0.173074
     906   -0.173074
     907   -0.170737
     908   -0.170737
     909   -0.168466
     910   -0.168466
     911   -0.166726
     912   -0.166726
     913   -0.165982
     914   -0.165982
     915   -0.166091
     916   -0.166091
     917   -0.166497
     918   -0.166497
     919   -0.166876
     920   -0.166876
     921   -0.167090
     922   -0.167090
     923   -0.167088
     924   -0.167088
     925   -0.166907
     926   -0.166907
     927   -0.166557
     928   -0.166557
     929   -0.166046
     930   -0.166046
     931   -0.165412
     932   -0.165412
     933   -0.164668
     934   -0.164668
     935   -0.163804
     936   -0.163804
     937   -0.162802
     938   -0.162802
     939   -0.161646
     940   -0.161646
     941   -0.160349
     942   -0.160349
     943   -0.158917
     944   -0.158917
     945   -0.157312
     946   -0.157312
     947   -0.155477
     948   -0.155477
     949   -0.153417
     950   -0.153417
     951   -0.151157
     952   -0.151157
     953   -0.148686
     954   -0.148686
     955   -0.145972
     956   -0.145972
     957   -0.143023
     958   -0.143023
     959   -0.139797
     960   -0.139797
     961   -0.136209
     962   -0.136209
     963   -0.132302
     964   -0.132302
     965   -0.127965
     966   -0.127965
     967   -0.123055
     968   -0.123055
     969   -0.117561
     970   -0.117561
     971   -0.111363
     972   -0.111363
     973   -0.104426
     974   -0.104426
     975   -0.096791
     976   -0.096791
     977   -0.089681
     978   -0.089681
     979   -0.083162
     980   -0.083162
     981   -0.075037
     982   -0.075037
     983   -0.062671
     984   -0.062671
     985   -0.047462
     986   -0.047462
     987   -0.035655
     988   -0.035655
     989   -0.028630
     990   -0.028630
     991   -0.251996
     992   -0.251996
     993   -0.251529
     994   -0.251529
     995   -0.251079
     996   -0.251079
     997   -0.251116
     998   -0.251116
     999   -0.251292
    1000   -0.251292
    1001   -0.251317
    1002   -0.251317
    1003   -0.251252
    1004   -0.251252
    1005   -0.251135
    1006   -0.251135
    1007   -0.250988
    1008   -0.250988
    1009   -0.250818
    1010   -0.250818
    1011   -0.250629
    1012   -0.250629
    1013   -0.250416
    1014   -0.250416
    1015   -0.250179
    1016   -0.250179
    1017   -0.249918
    1018   -0.249918
    1019   -0.249637
    1020   -0.249637
    1021   -0.249336
    1022   -0.249336
    1023   -0.249017
    1024   -0.249017
    1025   -0.248676
    1026   -0.248676
    1027   -0.248309
    1028   -0.248309
    1029   -0.247919
    1030   -0.247919
    1031   -0.247514
    1032   -0.247514
    1033   -0.247103
    1034   -0.247103
    1035   -0.246689
    1036   -0.246689
    1037   -0.246269
    1038   -0.246269
    1039   -0.245839
    1040   -0.245839
    1041   -0.245396
    1042   -0.245396
    1043   -0.244934
    1044   -0.244934
    1045   -0.244446
    1046   -0.244446
    1047   -0.243933
    1048   -0.243933
    1049   -0.243399
    1050   -0.243399
    1051   -0.242847
    1052   -0.242847
    1053   -0.242277
    1054   -0.242277
    1055   -0.241693
    1056   -0.241693
    1057   -0.241100
    1058   -0.241100
    1059   -0.240499
    1060   -0.240499
    1061   -0.239883
    1062   -0.239883
    1063   -0.239238
    1064   -0.239238
    1065   -0.238542
    1066   -0.238542
    1067   -0.237793
    1068   -0.237793
    1069   -0.237007
    1070   -0.237007
    1071   -0.236195
    1072   -0.236195
    1073   -0.235353
    1074   -0.235353
    1075   -0.234480
    1076   -0.234480
    1077   -0.233576
    1078   -0.233576
    1079   -0.232621
    1080   -0.232621
    1081   -0.231605
    1082   -0.231605
    1083   -0.230526
    1084   -0.230526
    1085   -0.229374
    1086   -0.229374
    1087   -0.228144
    1088   -0.228144
    1089   -0.226821
    1090   -0.226821
    1091   -0.225371
    1092   -0.225371
    1093   -0.223771
    1094   -0.223771
    1095   -0.222033
    1096   -0.222033
    1097   -0.220162
    1098   -0.220162
    1099   -0.218138
    1100   -0.218138
    1101   -0.215930
    1102   -0.215930
    1103   -0.213520
    1104   -0.213520
    1105   -0.210985
    1106   -0.210985
    1107   -0.208527
    1108   -0.208527
    1109   -0.206562
    1110   -0.206562
    1111   -0.205553
    1112   -0.205553
    1113   -0.205422
    1114   -0.205422
    1115   -0.205654
    1116   -0.205654
    1117   -0.205898
    1118   -0.205898
    1119   -0.206009
    1120   -0.206009
    1121   -0.205920
    1122   -0.205920
    1123   -0.205657
    1124   -0.205657
    1125   -0.205232
    1126   -0.205232
    1127   -0.204637
    1128   -0.204637
    1129   -0.203900
    1130   -0.203900
    1131   -0.203014
    1132   -0.203014
    1133   -0.201968
    1134   -0.201968
    1135   -0.200773
    1136   -0.200773
    1137   -0.199420
    1138   -0.199420
    1139   -0.197901
    1140   -0.197901
    1141   -0.196211
    1142   -0.196211
    1143   -0.194304
    1144   -0.194304
    1145   -0.192139
    1146   -0.192139
    1147   -0.189726
    1148   -0.189726
    1149   -0.187103
    1150   -0.187103
    1151   -0.184223
    1152   -0.184223
    1153   -0.181023
    1154   -0.181023
    1155   -0.177519
    1156   -0.177519
    1157   -0.173685
    1158   -0.173685
    1159   -0.169470
    1160   -0.169470
    1161   -0.164899
    1162   -0.164899
    1163   -0.159908
    1164   -0.159908
    1165   -0.154378
    1166   -0.154378
    1167   -0.148233
    1168   -0.148233
    1169   -0.141357
    1170   -0.141357
    1171   -0.133626
    1172   -0.133626
    1173   -0.124892
    1174   -0.124892
    1175   -0.117013
    1176   -0.117013
    1177   -0.109704
    1178   -0.109704
    1179   -0.099455
    1180   -0.099455
    1181   -0.086148
    1182   -0.086148
    1183   -0.071426
    1184   -0.071426
    1185   -0.057754
    1186   -0.057754
    1187   -0.047999
    1188   -0.047999
    1189   -0.304736
    1190   -0.304736
    1191   -0.304451
    1192   -0.304451
    1193   -0.304195
    1194   -0.304195
    1195   -0.304127
    1196   -0.304127
    1197   -0.304000
    1198   -0.304000
    1199   -0.303777
    1200   -0.303777
    1201   -0.303560
    1202   -0.303560
    1203   -0.303335
    1204   -0.303335
    1205   -0.303098
    1206   -0.303098
    1207   -0.302851
    1208   -0.302851
    1209   -0.302595
    1210   -0.302595
    1211   -0.302318
    1212   -0.302318
    1213   -0.302016
    1214   -0.302016
    1215   -0.301691
    1216   -0.301691
    1217   -0.301343
    1218   -0.301343
    1219   -0.300973
    1220   -0.300973
    1221   -0.300583
    1222   -0.300583
    1223   -0.300170
    1224   -0.300170
    1225   -0.299729
    1226   -0.299729
    1227   -0.299261
    1228   -0.299261
    1229   -0.298776
    1230   -0.298776
    1231   -0.298292
    1232   -0.298292
    1233   -0.297812
    1234   -0.297812
    1235   -0.297325
    1236   -0.297325
    1237   -0.296826
    1238   -0.296826
    1239   -0.296318
    1240   -0.296318
    1241   -0.295789
    1242   -0.295789
    1243   -0.295221
    1244   -0.295221
    1245   -0.294615
    1246   -0.294615
    1247   -0.293984
    1248   -0.293984
    1249   -0.293330
    1250   -0.293330
    1251   -0.292653
    1252   -0.292653
    1253   -0.291958
    1254   -0.291958
    1255   -0.291258
    1256   -0.291258
    1257   -0.290552
    1258   -0.290552
    1259   -0.289824
    1260   -0.289824
    1261   -0.289064
    1262   -0.289064
    1263   -0.288263
    1264   -0.288263
    1265   -0.287420
    1266   -0.287420
    1267   -0.286530
    1268   -0.286530
    1269   -0.285593
    1270   -0.285593
    1271   -0.284613
    1272   -0.284613
    1273   -0.283595
    1274   -0.283595
    1275   -0.282535
    1276   -0.282535
    1277   -0.281418
    1278   -0.281418
    1279   -0.280237
    1280   -0.280237
    1281   -0.278994
    1282   -0.278994
    1283   -0.277678
    1284   -0.277678
    1285   -0.276276
    1286   -0.276276
    1287   -0.274773
    1288   -0.274773
    1289   -0.273150
    1290   -0.273150
    1291   -0.271400
    1292   -0.271400
    1293   -0.269534
    1294   -0.269534
    1295   -0.267527
    1296   -0.267527
    1297   -0.265339
    1298   -0.265339
    1299   -0.262940
    1300   -0.262940
    1301   -0.260338
    1302   -0.260338
    1303   -0.257619
    1304   -0.257619
    1305   -0.254943
    1306   -0.254943
    1307   -0.252651
    1308   -0.252651
    1309   -0.251265
    1310   -0.251265
    1311   -0.250860
    1312   -0.250860
    1313   -0.250922
    1314   -0.250922
    1315   -0.250994
    1316   -0.250994
    1317   -0.250916
    1318   -0.250916
    1319   -0.250652
    1320   -0.250652
    1321   -0.250233
    1322   -0.250233
    1323   -0.249713
    1324   -0.249713
    1325   -0.249064
    1326   -0.249064
    1327   -0.248233
    1328   -0.248233
    1329   -0.247204
    1330   -0.247204
    1331   -0.245985
    1332   -0.245985
    1333   -0.244606
    1334   -0.244606
    1335   -0.243079
    1336   -0.243079
    1337   -0.241376
    1338   -0.241376
    1339   -0.239453
    1340   -0.239453
    1341   -0.237276
    1342   -0.237276
    1343   -0.234839
    1344   -0.234839
    1345   -0.232130
    1346   -0.232130
    1347   -0.229138
    1348   -0.229138
    1349   -0.225830
    1350   -0.225830
    1351   -0.222161
    1352   -0.222161
    1353   -0.218128
    1354   -0.218128
    1355   -0.213696
    1356   -0.213696
    1357   -0.208857
    1358   -0.208857
    1359   -0.203612
    1360   -0.203612
    1361   -0.197915
    1362   -0.197915
    1363   -0.191671
    1364   -0.191671
    1365   -0.184763
    1366   -0.184763
    1367   -0.177049
    1368   -0.177049
    1369   -0.168480
    1370   -0.168480
    1371   -0.158654
    1372   -0.158654
    1373   -0.148639
    1374   -0.148639
    1375   -0.138633
    1376   -0.138633
    1377   -0.126039
    1378   -0.126039
    1379   -0.111384
    1380   -0.111384
    1381   -0.095615
    1382   -0.095615
    1383   -0.079130
    1384   -0.079130
    1385   -0.066379
    1386   -0.066379
    1387   -0.366637
    1388   -0.366637
    1389   -0.366284
    1390   -0.366284
    1391   -0.365807
    1392   -0.365807
    1393   -0.365352
    1394   -0.365352
    1395   -0.364861
    1396   -0.364861
    1397   -0.364367
    1398   -0.364367
    1399   -0.363929
    1400   -0.363929
    1401   -0.363516
    1402   -0.363516
    1403   -0.363118
    1404   -0.363118
    1405   -0.362744
    1406   -0.362744
    1407   -0.362384
    1408   -0.362384
    1409   -0.362019
    1410   -0.362019
    1411   -0.361636
    1412   -0.361636
    1413   -0.361235
    1414   -0.361235
    1415   -0.360812
    1416   -0.360812
    1417   -0.360363
    1418   -0.360363
    1419   -0.359889
    1420   -0.359889
    1421   -0.359389
    1422   -0.359389
    1423   -0.358862
    1424   -0.358862
    1425   -0.358305
    1426   -0.358305
    1427   -0.357726
    1428   -0.357726
    1429   -0.357156
    1430   -0.357156
    1431   -0.356600
    1432   -0.356600
    1433   -0.356034
    1434   -0.356034
    1435   -0.355456
    1436   -0.355456
    1437   -0.354872
    1438   -0.354872
    1439   -0.354267
    1440   -0.354267
    1441   -0.353613
    1442   -0.353613
    1443   -0.352909
    1444   -0.352909
    1445   -0.352174
    1446   -0.352174
    1447   -0.351414
    1448   -0.351414
    1449   -0.350621
    1450   -0.350621
    1451   -0.349806
    1452   -0.349806
    1453   -0.348991
    1454   -0.348991
    1455   -0.348172
    1456   -0.348172
    1457   -0.347331
    1458   -0.347331
    1459   -0.346455
    1460   -0.346455
    1461   -0.345547
    1462   -0.345547
    1463   -0.344600
    1464   -0.344600
    1465   -0.343594
    1466   -0.343594
    1467   -0.342525
    1468   -0.342525
    1469   -0.341407
    1470   -0.341407
    1471   -0.340242
    1472   -0.340242
    1473   -0.339026
    1474   -0.339026
    1475   -0.337751
    1476   -0.337751
    1477   -0.336408
    1478   -0.336408
    1479   -0.334998
    1480   -0.334998
    1481   -0.333516
    1482   -0.333516
    1483   -0.331938
    1484   -0.331938
    1485   -0.330258
    1486   -0.330258
    1487   -0.328469
    1488   -0.328469
    1489   -0.326565
    1490   -0.326565
    1491   -0.324542
    1492   -0.324542
    1493   -0.322374
    1494   -0.322374
    1495   -0.320029
    1496   -0.320029
    1497   -0.317486
    1498   -0.317486
    1499   -0.314770
    1500   -0.314770
    1501   -0.311955
    1502   -0.311955
    1503   -0.309168
    1504   -0.309168
    1505   -0.306732
    1506   -0.306732
    1507   -0.305206
    1508   -0.305206
    1509   -0.304704
    1510   -0.304704
    1511   -0.304680
    1512   -0.304680
    1513   -0.304647
    1514   -0.304647
    1515   -0.304448
    1516   -0.304448
    1517   -0.304049
    1518   -0.304049
    1519   -0.303457
    1520   -0.303457
    1521   -0.302743
    1522   -0.302743
    1523   -0.301895
    1524   -0.301895
    1525   -0.300854
    1526   -0.300854
    1527   -0.299623
    1528   -0.299623
    1529   -0.298208
    1530   -0.298208
    1531   -0.296621
    1532   -0.296621
    1533   -0.294883
    1534   -0.294883
    1535   -0.292957
    1536   -0.292957
    1537   -0.290780
    1538   -0.290780
    1539   -0.288324
    1540   -0.288324
    1541   -0.285599
    1542   -0.285599
    1543   -0.282565
    1544   -0.282565
    1545   -0.279169
    1546   -0.279169
    1547   -0.275415
    1548   -0.275415
    1549   -0.271267
    1550   -0.271267
    1551   -0.266705
    1552   -0.266705
    1553   -0.261719
    1554   -0.261719
    1555   -0.256302
    1556   -0.256302
    1557   -0.250385
    1558   -0.250385
    1559   -0.243913
    1560   -0.243913
    1561   -0.236828
    1562   -0.236828
    1563   -0.228951
    1564   -0.228951
    1565   -0.220125
    1566   -0.220125
    1567   -0.210644
    1568   -0.210644
    1569   -0.199912
    1570   -0.199912
    1571   -0.187140
    1572   -0.187140
    1573   -0.173401
    1574   -0.173401
    1575   -0.158553
    1576   -0.158553
    1577   -0.141891
    1578   -0.141891
    1579   -0.123144
    1580   -0.123144
    1581   -0.102961
    1582   -0.102961
    1583   -0.087002
    1584   -0.087002
    1585   -0.441050
    1586   -0.441050
    1587   -0.440290
    1588   -0.440290
    1589   -0.439154
    1590   -0.439154
    1591   -0.438102
    1592   -0.438102
    1593   -0.437181
    1594   -0.437181
    1595   -0.436341
    1596   -0.436341
    1597   -0.435574
    1598   -0.435574
    1599   -0.434873
    1600   -0.434873
    1601   -0.434242
    1602   -0.434242
    1603   -0.433680
    1604   -0.433680
    1605   -0.433166
    1606   -0.433166
    1607   -0.432672
    1608   -0.432672
    1609   -0.432185
    1610   -0.432185
    1611   -0.431693
    1612   -0.431693
    1613   -0.431185
    1614   -0.431185
    1615   -0.430646
    1616   -0.430646
    1617   -0.430076
    1618   -0.430076
    1619   -0.429480
    1620   -0.429480
    1621   -0.428861
    1622   -0.428861
    1623   -0.428210
    1624   -0.428210
    1625   -0.427534
    1626   -0.427534
    1627   -0.426860
    1628   -0.426860
    1629   -0.426194
    1630   -0.426194
    1631   -0.425520
    1632   -0.425520
    1633   -0.424837
    1634   -0.424837
    1635   -0.424149
    1636   -0.424149
    1637   -0.423445
    1638   -0.423445
    1639   -0.422700
    1640   -0.422700
    1641   -0.421907
    1642   -0.421907
    1643   -0.421075
    1644   -0.421075
    1645   -0.420205
    1646   -0.420205
    1647   -0.419298
    1648   -0.419298
    1649   -0.418363
    1650   -0.418363
    1651   -0.417416
    1652   -0.417416
    1653   -0.416459
    1654   -0.416459
    1655   -0.415483
    1656   -0.415483
    1657   -0.414478
    1658   -0.414478
    1659   -0.413442
    1660   -0.413442
    1661   -0.412367
    1662   -0.412367
    1663   -0.411233
    1664   -0.411233
    1665   -0.410034
    1666   -0.410034
    1667   -0.408780
    1668   -0.408780
    1669   -0.407471
    1670   -0.407471
    1671   -0.406105
    1672   -0.406105
    1673   -0.404677
    1674   -0.404677
    1675   -0.403172
    1676   -0.403172
    1677   -0.401583
    1678   -0.401583
    1679   -0.399905
    1680   -0.399905
    1681   -0.398124
    1682   -0.398124
    1683   -0.396237
    1684   -0.396237
    1685   -0.394243
    1686   -0.394243
    1687   -0.392134
    1688   -0.392134
    1689   -0.389899
    1690   -0.389899
    1691   -0.387533
    1692   -0.387533
    1693   -0.385016
    1694   -0.385016
    1695   -0.382345
    1696   -0.382345
    1697   -0.379551
    1698   -0.379551
    1699   -0.376675
    1700   -0.376675
    1701   -0.373852
    1702   -0.373852
    1703   -0.371459
    1704   -0.371459
    1705   -0.370029
    1706   -0.370029
    1707   -0.369565
    1708   -0.369565
    1709   -0.369503
    1710   -0.369503
    1711   -0.369415
    1712   -0.369415
    1713   -0.369175
    1714   -0.369175
    1715   -0.368720
    1716   -0.368720
    1717   -0.368015
    1718   -0.368015
    1719   -0.367107
    1720   -0.367107
    1721   -0.366011
    1722   -0.366011
    1723   -0.364734
    1724   -0.364734
    1725   -0.363295
    1726   -0.363295
    1727   -0.361676
    1728   -0.361676
    1729   -0.359872
    1730   -0.359872
    1731   -0.357891
    1732   -0.357891
    1733   -0.355696
    1734   -0.355696
    1735   -0.353245
    1736   -0.353245
    1737   -0.350509
    1738   -0.350509
    1739   -0.347460
    1740   -0.347460
    1741   -0.344074
    1742   -0.344074
    1743   -0.340312
    1744   -0.340312
    1745   -0.336156
    1746   -0.336156
    1747   -0.331550
    1748   -0.331550
    1749   -0.326472
    1750   -0.326472
    1751   -0.320945
    1752   -0.320945
    1753   -0.314942
    1754   -0.314942
    1755   -0.308326
    1756   -0.308326
    1757   -0.301004
    1758   -0.301004
    1759   -0.292894
    1760   -0.292894
    1761   -0.283812
    1762   -0.283812
    1763   -0.273637
    1764   -0.273637
    1765   -0.262731
    1766   -0.262731
    1767   -0.250515
    1768   -0.250515
    1769   -0.235430
    1770   -0.235430
    1771   -0.218404
    1772   -0.218404
    1773   -0.200298
    1774   -0.200298
    1775   -0.179895
    1776   -0.179895
    1777   -0.156353
    1778   -0.156353
    1779   -0.130889
    1780   -0.130889
    1781   -0.110502
    1782   -0.110502
    1783   -0.532607
    1784   -0.532607
    1785   -0.531471
    1786   -0.531471
    1787   -0.529828
    1788   -0.529828
    1789   -0.528344
    1790   -0.528344
    1791   -0.527035
    1792   -0.527035
    1793   -0.525843
    1794   -0.525843
    1795   -0.524744
    1796   -0.524744
    1797   -0.523741
    1798   -0.523741
    1799   -0.522860
    1800   -0.522860
    1801   -0.522081
    1802   -0.522081
    1803   -0.521372
    1804   -0.521372
    1805   -0.520705
    1806   -0.520705
    1807   -0.520072
    1808   -0.520072
    1809   -0.519455
    1810   -0.519455
    1811   -0.518832
    1812   -0.518832
    1813   -0.518181
    1814   -0.518181
    1815   -0.517496
    1816   -0.517496
    1817   -0.516790
    1818   -0.516790
    1819   -0.516067
    1820   -0.516067
    1821   -0.515312
    1822   -0.515312
    1823   -0.514527
    1824   -0.514527
    1825   -0.513729
    1826   -0.513729
    1827   -0.512924
    1828   -0.512924
    1829   -0.512115
    1830   -0.512115
    1831   -0.511304
    1832   -0.511304
    1833   -0.510488
    1834   -0.510488
    1835   -0.509661
    1836   -0.509661
    1837   -0.508812
    1838   -0.508812
    1839   -0.507927
    1840   -0.507927
    1841   -0.506994
    1842   -0.506994
    1843   -0.506011
    1844   -0.506011
    1845   -0.504984
    1846   -0.504984
    1847   -0.503921
    1848   -0.503921
    1849   -0.502825
    1850   -0.502825
    1851   -0.501704
    1852   -0.501704
    1853   -0.500564
    1854   -0.500564
    1855   -0.499403
    1856   -0.499403
    1857   -0.498209
    1858   -0.498209
    1859   -0.496974
    1860   -0.496974
    1861   -0.495690
    1862   -0.495690
    1863   -0.494344
    1864   -0.494344
    1865   -0.492936
    1866   -0.492936
    1867   -0.491473
    1868   -0.491473
    1869   -0.489950
    1870   -0.489950
    1871   -0.488354
    1872   -0.488354
    1873   -0.486665
    1874   -0.486665
    1875   -0.484861
    1876   -0.484861
    1877   -0.482949
    1878   -0.482949
    1879   -0.480932
    1880   -0.480932
    1881   -0.478801
    1882   -0.478801
    1883   -0.476565
    1884   -0.476565
    1885   -0.474213
    1886   -0.474213
    1887   -0.471729
    1888   -0.471729
    1889   -0.469122
    1890   -0.469122
    1891   -0.466381
    1892   -0.466381
    1893   -0.463510
    1894   -0.463510
    1895   -0.460526
    1896   -0.460526
    1897   -0.457454
    1898   -0.457454
    1899   -0.454445
    1900   -0.454445
    1901   -0.451910
    1902   -0.451910
    1903   -0.450372
    1904   -0.450372
    1905   -0.449781
    1906   -0.449781
    1907   -0.449578
    1908   -0.449578
    1909   -0.449363
    1910   -0.449363
    1911   -0.449026
    1912   -0.449026
    1913   -0.448520
    1914   -0.448520
    1915   -0.447778
    1916   -0.447778
    1917   -0.446791
    1918   -0.446791
    1919   -0.445579
    1920   -0.445579
    1921   -0.444173
    1922   -0.444173
    1923   -0.442568
    1924   -0.442568
    1925   -0.440746
    1926   -0.440746
    1927   -0.438713
    1928   -0.438713
    1929   -0.436450
    1930   -0.436450
    1931   -0.433926
    1932   -0.433926
    1933   -0.431124
    1934   -0.431124
    1935   -0.428023
    1936   -0.428023
    1937   -0.424579
    1938   -0.424579
    1939   -0.420809
    1940   -0.420809
    1941   -0.416693
    1942   -0.416693
    1943   -0.412148
    1944   -0.412148
    1945   -0.407104
    1946   -0.407104
    1947   -0.401506
    1948   -0.401506
    1949   -0.395364
    1950   -0.395364
    1951   -0.388654
    1952   -0.388654
    1953   -0.381234
    1954   -0.381234
    1955   -0.372922
    1956   -0.372922
    1957   -0.363559
    1958   -0.363559
    1959   -0.353040
    1960   -0.353040
    1961   -0.341282
    1962   -0.341282
    1963   -0.328332
    1964   -0.328332
    1965   -0.313824
    1966   -0.313824
    1967   -0.296640
    1968   -0.296640
    1969   -0.276601
    1970   -0.276601
    1971   -0.253933
    1972   -0.253933
    1973   -0.227898
    1974   -0.227898
    1975   -0.197887
    1976   -0.197887
    1977   -0.165546
    1978   -0.165546
    1979   -0.139451
    1980   -0.139451
    1981   -0.648156
    1982   -0.648156
    1983   -0.646738
    1984   -0.646738
    1985   -0.644743
    1986   -0.644743
    1987   -0.642994
    1988   -0.642994
    1989   -0.641415
    1990   -0.641415
    1991   -0.639930
    1992   -0.639930
    1993   -0.638546
    1994   -0.638546
    1995   -0.637280
    1996   -0.637280
    1997   -0.636148
    1998   -0.636148
    1999   -0.635128
    2000   -0.635128
    2001   -0.634191
    2002   -0.634191
    2003   -0.633320
    2004   -0.633320
    2005   -0.632504
    2006   -0.632504
    2007   -0.631719
    2008   -0.631719
    2009   -0.630941
    2010   -0.630941
    2011   -0.630147
    2012   -0.630147
    2013   -0.629329
    2014   -0.629329
    2015   -0.628492
    2016   -0.628492
    2017   -0.627635
    2018   -0.627635
    2019   -0.626747
    2020   -0.626747
    2021   -0.625829
    2022   -0.625829
    2023   -0.624887
    2024   -0.624887
    2025   -0.623932
    2026   -0.623932
    2027   -0.622978
    2028   -0.622978
    2029   -0.622026
    2030   -0.622026
    2031   -0.621068
    2032   -0.621068
    2033   -0.620100
    2034   -0.620100
    2035   -0.619118
    2036   -0.619118
    2037   -0.618109
    2038   -0.618109
    2039   -0.617053
    2040   -0.617053
    2041   -0.615943
    2042   -0.615943
    2043   -0.614780
    2044   -0.614780
    2045   -0.613567
    2046   -0.613567
    2047   -0.612307
    2048   -0.612307
    2049   -0.611006
    2050   -0.611006
    2051   -0.609676
    2052   -0.609676
    2053   -0.608321
    2054   -0.608321
    2055   -0.606935
    2056   -0.606935
    2057   -0.605508
    2058   -0.605508
    2059   -0.604033
    2060   -0.604033
    2061   -0.602501
    2062   -0.602501
    2063   -0.600910
    2064   -0.600910
    2065   -0.599273
    2066   -0.599273
    2067   -0.597585
    2068   -0.597585
    2069   -0.595804
    2070   -0.595804
    2071   -0.593873
    2072   -0.593873
    2073   -0.591784
    2074   -0.591784
    2075   -0.589586
    2076   -0.589586
    2077   -0.587297
    2078   -0.587297
    2079   -0.584901
    2080   -0.584901
    2081   -0.582396
    2082   -0.582396
    2083   -0.579778
    2084   -0.579778
    2085   -0.577032
    2086   -0.577032
    2087   -0.574172
    2088   -0.574172
    2089   -0.571192
    2090   -0.571192
    2091   -0.568078
    2092   -0.568078
    2093   -0.564821
    2094   -0.564821
    2095   -0.561456
    2096   -0.561456
    2097   -0.558149
    2098   -0.558149
    2099   -0.555350
    2100   -0.555350
    2101   -0.553594
    2102   -0.553594
    2103   -0.552822
    2104   -0.552822
    2105   -0.552486
    2106   -0.552486
    2107   -0.552190
    2108   -0.552190
    2109   -0.551787
    2110   -0.551787
    2111   -0.551230
    2112   -0.551230
    2113   -0.550456
    2114   -0.550456
    2115   -0.549397
    2116   -0.549397
    2117   -0.548061
    2118   -0.548061
    2119   -0.546478
    2120   -0.546478
    2121   -0.544636
    2122   -0.544636
    2123   -0.542545
    2124   -0.542545
    2125   -0.540195
    2126   -0.540195
    2127   -0.537548
    2128   -0.537548
    2129   -0.534576
    2130   -0.534576
    2131   -0.531267
    2132   -0.531267
    2133   -0.527629
    2134   -0.527629
    2135   -0.523648
    2136   -0.523648
    2137   -0.519335
    2138   -0.519335
    2139   -0.514651
    2140   -0.514651
    2141   -0.509506
    2142   -0.509506
    2143   -0.503834
    2144   -0.503834
    2145   -0.497524
    2146   -0.497524
    2147   -0.490553
    2148   -0.490553
    2149   -0.482888
    2150   -0.482888
    2151   -0.474358
    2152   -0.474358
    2153   -0.464770
    2154   -0.464770
    2155   -0.453934
    2156   -0.453934
    2157   -0.441716
    2158   -0.441716
    2159   -0.427926
    2160   -0.427926
    2161   -0.412349
    2162   -0.412349
    2163   -0.395022
    2164   -0.395022
    2165   -0.375226
    2166   -0.375226
    2167   -0.351611
    2168   -0.351611
    2169   -0.323643
    2170   -0.323643
    2171   -0.290828
    2172   -0.290828
    2173   -0.252788
    2174   -0.252788
    2175   -0.211814
    2176   -0.211814
    2177   -0.178617
    2178   -0.178617
    2179   -0.798580
    2180   -0.798580
    2181   -0.797102
    2182   -0.797102
    2183   -0.794984
    2184   -0.794984
    2185   -0.793103
    2186   -0.793103
    2187   -0.791357
    2188   -0.791357
    2189   -0.789653
    2190   -0.789653
    2191   -0.788070
    2192   -0.788070
    2193   -0.786620
    2194   -0.786620
    2195   -0.785272
    2196   -0.785272
    2197   -0.784011
    2198   -0.784011
    2199   -0.782832
    2200   -0.782832
    2201   -0.781738
    2202   -0.781738
    2203   -0.780720
    2204   -0.780720
    2205   -0.779742
    2206   -0.779742
    2207   -0.778778
    2208   -0.778778
    2209   -0.777813
    2210   -0.777813
    2211   -0.776839
    2212   -0.776839
    2213   -0.775843
    2214   -0.775843
    2215   -0.774817
    2216   -0.774817
    2217   -0.773759
    2218   -0.773759
    2219   -0.772675
    2220   -0.772675
    2221   -0.771568
    2222   -0.771568
    2223   -0.770450
    2224   -0.770450
    2225   -0.769335
    2226   -0.769335
    2227   -0.768221
    2228   -0.768221
    2229   -0.767096
    2230   -0.767096
    2231   -0.765958
    2232   -0.765958
    2233   -0.764804
    2234   -0.764804
    2235   -0.763624
    2236   -0.763624
    2237   -0.762403
    2238   -0.762403
    2239   -0.761130
    2240   -0.761130
    2241   -0.759792
    2242   -0.759792
    2243   -0.758391
    2244   -0.758391
    2245   -0.756934
    2246   -0.756934
    2247   -0.755423
    2248   -0.755423
    2249   -0.753864
    2250   -0.753864
    2251   -0.752267
    2252   -0.752267
    2253   -0.750635
    2254   -0.750635
    2255   -0.748963
    2256   -0.748963
    2257   -0.747239
    2258   -0.747239
    2259   -0.745460
    2260   -0.745460
    2261   -0.743632
    2262   -0.743632
    2263   -0.741768
    2264   -0.741768
    2265   -0.739873
    2266   -0.739873
    2267   -0.737868
    2268   -0.737868
    2269   -0.735627
    2270   -0.735627
    2271   -0.733171
    2272   -0.733171
    2273   -0.730620
    2274   -0.730620
    2275   -0.728004
    2276   -0.728004
    2277   -0.725289
    2278   -0.725289
    2279   -0.722466
    2280   -0.722466
    2281   -0.719541
    2282   -0.719541
    2283   -0.716509
    2284   -0.716509
    2285   -0.713359
    2286   -0.713359
    2287   -0.710089
    2288   -0.710089
    2289   -0.706667
    2290   -0.706667
    2291   -0.703090
    2292   -0.703090
    2293   -0.699422
    2294   -0.699422
    2295   -0.695843
    2296   -0.695843
    2297   -0.692890
    2298   -0.692890
    2299   -0.691114
    2300   -0.691114
    2301   -0.690360
    2302   -0.690360
    2303   -0.690088
    2304   -0.690088
    2305   -0.689909
    2306   -0.689909
    2307   -0.689581
    2308   -0.689581
    2309   -0.689017
    2310   -0.689017
    2311   -0.688190
    2312   -0.688190
    2313   -0.687006
    2314   -0.687006
    2315   -0.685451
    2316   -0.685451
    2317   -0.683582
    2318   -0.683582
    2319   -0.681424
    2320   -0.681424
    2321   -0.678977
    2322   -0.678977
    2323   -0.676177
    2324   -0.676177
    2325   -0.672990
    2326   -0.672990
    2327   -0.669421
    2328   -0.669421
    2329   -0.665455
    2330   -0.665455
    2331   -0.661109
    2332   -0.661109
    2333   -0.656378
    2334   -0.656378
    2335   -0.651221
    2336   -0.651221
    2337   -0.645610
    2338   -0.645610
    2339   -0.639493
    2340   -0.639493
    2341   -0.632793
    2342   -0.632793
    2343   -0.625359
    2344   -0.625359
    2345   -0.617114
    2346   -0.617114
    2347   -0.607979
    2348   -0.607979
    2349   -0.597775
    2350   -0.597775
    2351   -0.586418
    2352   -0.586418
    2353   -0.573730
    2354   -0.573730
    2355   -0.559432
    2356   -0.559432
    2357   -0.543216
    2358   -0.543216
    2359   -0.524478
    2360   -0.524478
    2361   -0.503274
    2362   -0.503274
    2363   -0.479458
    2364   -0.479458
    2365   -0.451330
    2366   -0.451330
    2367   -0.417557
    2368   -0.417557
    2369   -0.377050
    2370   -0.377050
    2371   -0.329268
    2372   -0.329268
    2373   -0.277240
    2374   -0.277240
    2375   -0.234701
    2376   -0.234701
    2377   -1.001317
    2378   -1.001317
    2379   -1.000205
    2380   -1.000205
    2381   -0.998449
    2382   -0.998449
    2383   -0.996749
    2384   -0.996749
    2385   -0.995063
    2386   -0.995063
    2387   -0.993313
    2388   -0.993313
    2389   -0.991673
    2390   -0.991673
    2391   -0.990151
    2392   -0.990151
    2393   -0.988685
    2394   -0.988685
    2395   -0.987262
    2396   -0.987262
    2397   -0.985886
    2398   -0.985886
    2399   -0.984580
    2400   -0.984580
    2401   -0.983342
    2402   -0.983342
    2403   -0.982144
    2404   -0.982144
    2405   -0.980965
    2406   -0.980965
    2407   -0.979793
    2408   -0.979793
    2409   -0.978620
    2410   -0.978620
    2411   -0.977427
    2412   -0.977427
    2413   -0.976199
    2414   -0.976199
    2415   -0.974933
    2416   -0.974933
    2417   -0.973638
    2418   -0.973638
    2419   -0.972324
    2420   -0.972324
    2421   -0.971003
    2422   -0.971003
    2423   -0.969675
    2424   -0.969675
    2425   -0.968338
    2426   -0.968338
    2427   -0.966988
    2428   -0.966988
    2429   -0.965623
    2430   -0.965623
    2431   -0.964240
    2432   -0.964240
    2433   -0.962827
    2434   -0.962827
    2435   -0.961368
    2436   -0.961368
    2437   -0.959852
    2438   -0.959852
    2439   -0.958268
    2440   -0.958268
    2441   -0.956612
    2442   -0.956612
    2443   -0.954885
    2444   -0.954885
    2445   -0.953087
    2446   -0.953087
    2447   -0.951224
    2448   -0.951224
    2449   -0.949305
    2450   -0.949305
    2451   -0.947339
    2452   -0.947339
    2453   -0.945323
    2454   -0.945323
    2455   -0.943248
    2456   -0.943248
    2457   -0.941117
    2458   -0.941117
    2459   -0.938933
    2460   -0.938933
    2461   -0.936702
    2462   -0.936702
    2463   -0.934430
    2464   -0.934430
    2465   -0.932041
    2466   -0.932041
    2467   -0.929402
    2468   -0.929402
    2469   -0.926540
    2470   -0.926540
    2471   -0.923579
    2472   -0.923579
    2473   -0.920546
    2474   -0.920546
    2475   -0.917408
    2476   -0.917408
    2477   -0.914148
    2478   -0.914148
    2479   -0.910790
    2480   -0.910790
    2481   -0.907322
    2482   -0.907322
    2483   -0.903698
    2484   -0.903698
    2485   -0.899901
    2486   -0.899901
    2487   -0.895916
    2488   -0.895916
    2489   -0.891777
    2490   -0.891777
    2491   -0.887567
    2492   -0.887567
    2493   -0.883476
    2494   -0.883476
    2495   -0.880136
    2496   -0.880136
    2497   -0.878198
    2498   -0.878198
    2499   -0.877415
    2500   -0.877415
    2501   -0.877145
    2502   -0.877145
    2503   -0.876975
    2504   -0.876975
    2505   -0.876604
    2506   -0.876604
    2507   -0.875923
    2508   -0.875923
    2509   -0.874911
    2510   -0.874911
    2511   -0.873469
    2512   -0.873469
    2513   -0.871550
    2514   -0.871550
    2515   -0.869249
    2516   -0.869249
    2517   -0.866649
    2518   -0.866649
    2519   -0.863670
    2520   -0.863670
    2521   -0.860204
    2522   -0.860204
    2523   -0.856255
    2524   -0.856255
    2525   -0.851854
    2526   -0.851854
    2527   -0.847001
    2528   -0.847001
    2529   -0.841688
    2530   -0.841688
    2531   -0.835875
    2532   -0.835875
    2533   -0.829495
    2534   -0.829495
    2535   -0.822570
    2536   -0.822570
    2537   -0.815048
    2538   -0.815048
    2539   -0.806811
    2540   -0.806811
    2541   -0.797729
    2542   -0.797729
    2543   -0.787644
    2544   -0.787644
    2545   -0.776415
    2546   -0.776415
    2547   -0.763931
    2548   -0.763931
    2549   -0.750148
    2550   -0.750148
    2551   -0.734883
    2552   -0.734883
    2553   -0.717793
    2554   -0.717793
    2555   -0.698515
    2556   -0.698515
    2557   -0.676044
    2558   -0.676044
    2559   -0.649878
    2560   -0.649878
    2561   -0.620262
    2562   -0.620262
    2563   -0.586223
    2564   -0.586223
    2565   -0.545788
    2566   -0.545788
    2567   -0.496291
    2568   -0.496291
    2569   -0.436708
    2570   -0.436708
    2571   -0.370782
    2572   -0.370782
    2573   -0.316008
    2574   -0.316008
    2575   -1.280223
    2576   -1.280223
    2577   -1.280118
    2578   -1.280118
    2579   -1.279562
    2580   -1.279562
    2581   -1.278516
    2582   -1.278516
    2583   -1.277104
    2584   -1.277104
    2585   -1.275497
    2586   -1.275497
    2587   -1.273954
    2588   -1.273954
    2589   -1.272456
    2590   -1.272456
    2591   -1.270953
    2592   -1.270953
    2593   -1.269440
    2594   -1.269440
    2595   -1.267926
    2596   -1.267926
    2597   -1.266421
    2598   -1.266421
    2599   -1.264928
    2600   -1.264928
    2601   -1.263459
    2602   -1.263459
    2603   -1.262014
    2604   -1.262014
    2605   -1.260575
    2606   -1.260575
    2607   -1.259131
    2608   -1.259131
    2609   -1.257671
    2610   -1.257671
    2611   -1.256181
    2612   -1.256181
    2613   -1.254643
    2614   -1.254643
    2615   -1.253065
    2616   -1.253065
    2617   -1.251464
    2618   -1.251464
    2619   -1.249849
    2620   -1.249849
    2621   -1.248211
    2622   -1.248211
    2623   -1.246549
    2624   -1.246549
    2625   -1.244868
    2626   -1.244868
    2627   -1.243167
    2628   -1.243167
    2629   -1.241438
    2630   -1.241438
    2631   -1.239669
    2632   -1.239669
    2633   -1.237843
    2634   -1.237843
    2635   -1.235948
    2636   -1.235948
    2637   -1.233983
    2638   -1.233983
    2639   -1.231940
    2640   -1.231940
    2641   -1.229805
    2642   -1.229805
    2643   -1.227579
    2644   -1.227579
    2645   -1.225272
    2646   -1.225272
    2647   -1.222888
    2648   -1.222888
    2649   -1.220433
    2650   -1.220433
    2651   -1.217908
    2652   -1.217908
    2653   -1.215311
    2654   -1.215311
    2655   -1.212645
    2656   -1.212645
    2657   -1.209899
    2658   -1.209899
    2659   -1.207059
    2660   -1.207059
    2661   -1.204128
    2662   -1.204128
    2663   -1.201077
    2664   -1.201077
    2665   -1.197858
    2666   -1.197858
    2667   -1.194480
    2668   -1.194480
    2669   -1.190972
    2670   -1.190972
    2671   -1.187341
    2672   -1.187341
    2673   -1.183584
    2674   -1.183584
    2675   -1.179676
    2676   -1.179676
    2677   -1.175610
    2678   -1.175610
    2679   -1.171376
    2680   -1.171376
    2681   -1.166920
    2682   -1.166920
    2683   -1.162208
    2684   -1.162208
    2685   -1.157244
    2686   -1.157244
    2687   -1.152074
    2688   -1.152074
    2689   -1.146775
    2690   -1.146775
    2691   -1.141545
    2692   -1.141545
    2693   -1.137089
    2694   -1.137089
    2695   -1.134308
    2696   -1.134308
    2697   -1.133022
    2698   -1.133022
    2699   -1.132302
    2700   -1.132302
    2701   -1.131568
    2702   -1.131568
    2703   -1.130560
    2704   -1.130560
    2705   -1.129201
    2706   -1.129201
    2707   -1.127456
    2708   -1.127456
    2709   -1.125306
    2710   -1.125306
    2711   -1.122665
    2712   -1.122665
    2713   -1.119523
    2714   -1.119523
    2715   -1.115991
    2716   -1.115991
    2717   -1.111986
    2718   -1.111986
    2719   -1.107421
    2720   -1.107421
    2721   -1.102305
    2722   -1.102305
    2723   -1.096634
    2724   -1.096634
    2725   -1.090415
    2726   -1.090415
    2727   -1.083591
    2728   -1.083591
    2729   -1.076095
    2730   -1.076095
    2731   -1.067880
    2732   -1.067880
    2733   -1.058949
    2734   -1.058949
    2735   -1.049221
    2736   -1.049221
    2737   -1.038594
    2738   -1.038594
    2739   -1.027015
    2740   -1.027015
    2741   -1.014249
    2742   -1.014249
    2743   -1.000084
    2744   -1.000084
    2745   -0.984449
    2746   -0.984449
    2747   -0.967204
    2748   -0.967204
    2749   -0.948133
    2750   -0.948133
    2751   -0.926911
    2752   -0.926911
    2753   -0.903056
    2754   -0.903056
    2755   -0.875675
    2756   -0.875675
    2757   -0.844033
    2758   -0.844033
    2759   -0.807421
    2760   -0.807421
    2761   -0.765153
    2762   -0.765153
    2763   -0.715690
    2764   -0.715690
    2765   -0.654879
    2766   -0.654879
    2767   -0.580967
    2768   -0.580967
    2769   -0.498288
    2770   -0.498288
    2771   -0.428555
    2772   -0.428555
    2773   -1.665450
    2774   -1.665450
    2775   -1.666794
    2776   -1.666794
    2777   -1.667893
    2778   -1.667893
    2779   -1.667425
    2780   -1.667425
    2781   -1.666109
    2782   -1.666109
    2783   -1.664643
    2784   -1.664643
    2785   -1.663218
    2786   -1.663218
    2787   -1.661739
    2788   -1.661739
    2789   -1.660168
    2790   -1.660168
    2791   -1.658525
    2792   -1.658525
    2793   -1.656830
    2794   -1.656830
    2795   -1.655074
    2796   -1.655074
    2797   -1.653259
    2798   -1.653259
    2799   -1.651429
    2800   -1.651429
    2801   -1.649605
    2802   -1.649605
    2803   -1.647787
    2804   -1.647787
    2805   -1.645962
    2806   -1.645962
    2807   -1.644111
    2808   -1.644111
    2809   -1.642224
    2810   -1.642224
    2811   -1.640294
    2812   -1.640294
    2813   -1.638319
    2814   -1.638319
    2815   -1.636300
    2816   -1.636300
    2817   -1.634238
    2818   -1.634238
    2819   -1.632133
    2820   -1.632133
    2821   -1.629986
    2822   -1.629986
    2823   -1.627798
    2824   -1.627798
    2825   -1.625562
    2826   -1.625562
    2827   -1.623268
    2828   -1.623268
    2829   -1.620911
    2830   -1.620911
    2831   -1.618486
    2832   -1.618486
    2833   -1.615985
    2834   -1.615985
    2835   -1.613403
    2836   -1.613403
    2837   -1.610729
    2838   -1.610729
    2839   -1.607950
    2840   -1.607950
    2841   -1.605065
    2842   -1.605065
    2843   -1.602070
    2844   -1.602070
    2845   -1.598966
    2846   -1.598966
    2847   -1.595757
    2848   -1.595757
    2849   -1.592449
    2850   -1.592449
    2851   -1.589040
    2852   -1.589040
    2853   -1.585528
    2854   -1.585528
    2855   -1.581886
    2856   -1.581886
    2857   -1.578089
    2858   -1.578089
    2859   -1.574132
    2860   -1.574132
    2861   -1.570050
    2862   -1.570050
    2863   -1.565902
    2864   -1.565902
    2865   -1.561667
    2866   -1.561667
    2867   -1.557257
    2868   -1.557257
    2869   -1.552647
    2870   -1.552647
    2871   -1.547869
    2872   -1.547869
    2873   -1.542890
    2874   -1.542890
    2875   -1.537649
    2876   -1.537649
    2877   -1.532138
    2878   -1.532138
    2879   -1.526325
    2880   -1.526325
    2881   -1.520176
    2882   -1.520176
    2883   -1.513687
    2884   -1.513687
    2885   -1.506868
    2886   -1.506868
    2887   -1.499788
    2888   -1.499788
    2889   -1.492737
    2890   -1.492737
    2891   -1.486491
    2892   -1.486491
    2893   -1.482177
    2894   -1.482177
    2895   -1.479810
    2896   -1.479810
    2897   -1.478135
    2898   -1.478135
    2899   -1.476269
    2900   -1.476269
    2901   -1.474000
    2902   -1.474000
    2903   -1.471297
    2904   -1.471297
    2905   -1.468151
    2906   -1.468151
    2907   -1.464678
    2908   -1.464678
    2909   -1.460807
    2910   -1.460807
    2911   -1.456304
    2912   -1.456304
    2913   -1.451160
    2914   -1.451160
    2915   -1.445400
    2916   -1.445400
    2917   -1.439018
    2918   -1.439018
    2919   -1.431969
    2920   -1.431969
    2921   -1.424230
    2922   -1.424230
    2923   -1.415780
    2924   -1.415780
    2925   -1.406496
    2926   -1.406496
    2927   -1.396311
    2928   -1.396311
    2929   -1.385185
    2930   -1.385185
    2931   -1.373047
    2932   -1.373047
    2933   -1.359837
    2934   -1.359837
    2935   -1.345498
    2936   -1.345498
    2937   -1.329974
    2938   -1.329974
    2939   -1.313008
    2940   -1.313008
    2941   -1.294335
    2942   -1.294335
    2943   -1.273842
    2944   -1.273842
    2945   -1.251284
    2946   -1.251284
    2947   -1.226382
    2948   -1.226382
    2949   -1.198784
    2950   -1.198784
    2951   -1.167925
    2952   -1.167925
    2953   -1.133097
    2954   -1.133097
    2955   -1.093605
    2956   -1.093605
    2957   -1.047604
    2958   -1.047604
    2959   -0.993636
    2960   -0.993636
    2961   -0.930402
    2962   -0.930402
    2963   -0.853728
    2964   -0.853728
    2965   -0.761688
    2966   -0.761688
    2967   -0.658509
    2968   -0.658509
    2969   -0.570889
    2970   -0.570889
    2971   -2.218432
    2972   -2.218432
    2973   -2.220282
    2974   -2.220282
    2975   -2.221384
    2976   -2.221384
    2977   -2.220096
    2978   -2.220096
    2979   -2.218288
    2980   -2.218288
    2981   -2.216702
    2982   -2.216702
    2983   -2.215113
    2984   -2.215113
    2985   -2.213426
    2986   -2.213426
    2987   -2.211604
    2988   -2.211604
    2989   -2.209659
    2990   -2.209659
    2991   -2.207602
    2992   -2.207602
    2993   -2.205427
    2994   -2.205427
    2995   -2.203140
    2996   -2.203140
    2997   -2.200775
    2998   -2.200775
    2999   -2.198370
    3000   -2.198370
    3001   -2.195958
    3002   -2.195958
    3003   -2.193531
    3004   -2.193531
    3005   -2.191050
    3006   -2.191050
    3007   -2.188513
    3008   -2.188513
    3009   -2.185945
    3010   -2.185945
    3011   -2.183336
    3012   -2.183336
    3013   -2.180648
    3014   -2.180648
    3015   -2.177870
    3016   -2.177870
    3017   -2.175014
    3018   -2.175014
    3019   -2.172080
    3020   -2.172080
    3021   -2.169058
    3022   -2.169058
    3023   -2.165935
    3024   -2.165935
    3025   -2.162699
    3026   -2.162699
    3027   -2.159355
    3028   -2.159355
    3029   -2.155925
    3030   -2.155925
    3031   -2.152407
    3032   -2.152407
    3033   -2.148782
    3034   -2.148782
    3035   -2.145042
    3036   -2.145042
    3037   -2.141186
    3038   -2.141186
    3039   -2.137202
    3040   -2.137202
    3041   -2.133068
    3042   -2.133068
    3043   -2.128772
    3044   -2.128772
    3045   -2.124319
    3046   -2.124319
    3047   -2.119717
    3048   -2.119717
    3049   -2.114964
    3050   -2.114964
    3051   -2.110045
    3052   -2.110045
    3053   -2.104934
    3054   -2.104934
    3055   -2.099602
    3056   -2.099602
    3057   -2.094027
    3058   -2.094027
    3059   -2.088295
    3060   -2.088295
    3061   -2.082563
    3062   -2.082563
    3063   -2.076781
    3064   -2.076781
    3065   -2.070756
    3066   -2.070756
    3067   -2.064428
    3068   -2.064428
    3069   -2.057823
    3070   -2.057823
    3071   -2.050919
    3072   -2.050919
    3073   -2.043661
    3074   -2.043661
    3075   -2.036030
    3076   -2.036030
    3077   -2.028009
    3078   -2.028009
    3079   -2.019575
    3080   -2.019575
    3081   -2.010705
    3082   -2.010705
    3083   -2.001355
    3084   -2.001355
    3085   -1.991556
    3086   -1.991556
    3087   -1.981755
    3088   -1.981755
    3089   -1.972994
    3090   -1.972994
    3091   -1.966615
    3092   -1.966615
    3093   -1.962654
    3094   -1.962654
    3095   -1.959519
    3096   -1.959519
    3097   -1.956103
    3098   -1.956103
    3099   -1.952204
    3100   -1.952204
    3101   -1.947730
    3102   -1.947730
    3103   -1.942652
    3104   -1.942652
    3105   -1.937045
    3106   -1.937045
    3107   -1.930933
    3108   -1.930933
    3109   -1.924112
    3110   -1.924112
    3111   -1.916341
    3112   -1.916341
    3113   -1.907679
    3114   -1.907679
    3115   -1.898197
    3116   -1.898197
    3117   -1.887815
    3118   -1.887815
    3119   -1.876510
    3120   -1.876510
    3121   -1.864215
    3122   -1.864215
    3123   -1.850802
    3124   -1.850802
    3125   -1.836222
    3126   -1.836222
    3127   -1.820381
    3128   -1.820381
    3129   -1.803111
    3130   -1.803111
    3131   -1.784394
    3132   -1.784394
    3133   -1.764181
    3134   -1.764181
    3135   -1.742312
    3136   -1.742312
    3137   -1.718536
    3138   -1.718536
    3139   -1.692572
    3140   -1.692572
    3141   -1.664175
    3142   -1.664175
    3143   -1.633000
    3144   -1.633000
    3145   -1.598659
    3146   -1.598659
    3147   -1.560704
    3148   -1.560704
    3149   -1.518523
    3150   -1.518523
    3151   -1.471197
    3152   -1.471197
    3153   -1.417673
    3154   -1.417673
    3155   -1.355972
    3156   -1.355972
    3157   -1.283959
    3158   -1.283959
    3159   -1.199059
    3160   -1.199059
    3161   -1.098034
    3162   -1.098034
    3163   -0.979733
    3164   -0.979733
    3165   -0.848132
    3166   -0.848132
    3167   -0.737006
    3168   -0.737006
    3169   -3.107457
    3170   -3.107457
    3171   -3.108475
    3172   -3.108475
    3173   -3.107772
    3174   -3.107772
    3175   -3.104402
    3176   -3.104402
    3177   -3.101398
    3178   -3.101398
    3179   -3.099211
    3180   -3.099211
    3181   -3.097050
    3182   -3.097050
    3183   -3.094786
    3184   -3.094786
    3185   -3.092366
    3186   -3.092366
    3187   -3.089759
    3188   -3.089759
    3189   -3.086961
    3190   -3.086961
    3191   -3.083980
    3192   -3.083980
    3193   -3.080832
    3194   -3.080832
    3195   -3.077539
    3196   -3.077539
    3197   -3.074135
    3198   -3.074135
    3199   -3.070664
    3200   -3.070664
    3201   -3.067127
    3202   -3.067127
    3203   -3.063500
    3204   -3.063500
    3205   -3.059797
    3206   -3.059797
    3207   -3.056054
    3208   -3.056054
    3209   -3.052254
    3210   -3.052254
    3211   -3.048341
    3212   -3.048341
    3213   -3.044288
    3214   -3.044288
    3215   -3.040089
    3216   -3.040089
    3217   -3.035735
    3218   -3.035735
    3219   -3.031211
    3220   -3.031211
    3221   -3.026503
    3222   -3.026503
    3223   -3.021603
    3224   -3.021603
    3225   -3.016525
    3226   -3.016525
    3227   -3.011301
    3228   -3.011301
    3229   -3.005937
    3230   -3.005937
    3231   -3.000418
    3232   -3.000418
    3233   -2.994741
    3234   -2.994741
    3235   -2.988905
    3236   -2.988905
    3237   -2.982895
    3238   -2.982895
    3239   -2.976679
    3240   -2.976679
    3241   -2.970236
    3242   -2.970236
    3243   -2.963546
    3244   -2.963546
    3245   -2.956613
    3246   -2.956613
    3247   -2.949444
    3248   -2.949444
    3249   -2.942013
    3250   -2.942013
    3251   -2.934297
    3252   -2.934297
    3253   -2.926272
    3254   -2.926272
    3255   -2.917903
    3256   -2.917903
    3257   -2.909302
    3258   -2.909302
    3259   -2.900667
    3260   -2.900667
    3261   -2.891924
    3262   -2.891924
    3263   -2.882828
    3264   -2.882828
    3265   -2.873279
    3266   -2.873279
    3267   -2.863274
    3268   -2.863274
    3269   -2.852811
    3270   -2.852811
    3271   -2.841877
    3272   -2.841877
    3273   -2.830449
    3274   -2.830449
    3275   -2.818506
    3276   -2.818506
    3277   -2.806022
    3278   -2.806022
    3279   -2.792964
    3280   -2.792964
    3281   -2.779253
    3282   -2.779253
    3283   -2.764848
    3284   -2.764848
    3285   -2.750181
    3286   -2.750181
    3287   -2.736840
    3288   -2.736840
    3289   -2.726983
    3290   -2.726983
    3291   -2.720482
    3292   -2.720482
    3293   -2.714993
    3294   -2.714993
    3295   -2.709179
    3296   -2.709179
    3297   -2.702838
    3298   -2.702838
    3299   -2.695696
    3300   -2.695696
    3301   -2.687564
    3302   -2.687564
    3303   -2.678363
    3304   -2.678363
    3305   -2.668182
    3306   -2.668182
    3307   -2.657028
    3308   -2.657028
    3309   -2.644579
    3310   -2.644579
    3311   -2.630828
    3312   -2.630828
    3313   -2.615860
    3314   -2.615860
    3315   -2.599582
    3316   -2.599582
    3317   -2.581915
    3318   -2.581915
    3319   -2.562741
    3320   -2.562741
    3321   -2.541999
    3322   -2.541999
    3323   -2.519649
    3324   -2.519649
    3325   -2.495508
    3326   -2.495508
    3327   -2.469286
    3328   -2.469286
    3329   -2.440910
    3330   -2.440910
    3331   -2.410326
    3332   -2.410326
    3333   -2.377280
    3334   -2.377280
    3335   -2.341462
    3336   -2.341462
    3337   -2.302557
    3338   -2.302557
    3339   -2.260141
    3340   -2.260141
    3341   -2.213665
    3342   -2.213665
    3343   -2.162516
    3344   -2.162516
    3345   -2.106054
    3346   -2.106054
    3347   -2.043494
    3348   -2.043494
    3349   -1.973502
    3350   -1.973502
    3351   -1.894385
    3352   -1.894385
    3353   -1.804019
    3354   -1.804019
    3355   -1.699679
    3356   -1.699679
    3357   -1.577333
    3358   -1.577333
    3359   -1.434187
    3360   -1.434187
    3361   -1.269360
    3362   -1.269360
    3363   -1.089213
    3364   -1.089213
    3365   -0.940061
    3366   -0.940061
    3367   -4.734646
    3368   -4.734646
    3369   -4.733092
    3370   -4.733092
    3371   -4.728512
    3372   -4.728512
    3373   -4.722060
    3374   -4.722060
    3375   -4.717329
    3376   -4.717329
    3377   -4.713929
    3378   -4.713929
    3379   -4.710639
    3380   -4.710639
    3381   -4.707208
    3382   -4.707208
    3383   -4.703535
    3384   -4.703535
    3385   -4.699550
    3386   -4.699550
    3387   -4.695242
    3388   -4.695242
    3389   -4.690638
    3390   -4.690638
    3391   -4.685770
    3392   -4.685770
    3393   -4.680660
    3394   -4.680660
    3395   -4.675329
    3396   -4.675329
    3397   -4.669787
    3398   -4.669787
    3399   -4.664054
    3400   -4.664054
    3401   -4.658183
    3402   -4.658183
    3403   -4.652219
    3404   -4.652219
    3405   -4.646173
    3406   -4.646173
    3407   -4.640017
    3408   -4.640017
    3409   -4.633699
    3410   -4.633699
    3411   -4.627167
    3412   -4.627167
    3413   -4.620367
    3414   -4.620367
    3415   -4.613263
    3416   -4.613263
    3417   -4.605837
    3418   -4.605837
    3419   -4.598088
    3420   -4.598088
    3421   -4.590021
    3422   -4.590021
    3423   -4.581649
    3424   -4.581649
    3425   -4.572992
    3426   -4.572992
    3427   -4.564072
    3428   -4.564072
    3429   -4.554906
    3430   -4.554906
    3431   -4.545495
    3432   -4.545495
    3433   -4.535824
    3434   -4.535824
    3435   -4.525872
    3436   -4.525872
    3437   -4.515619
    3438   -4.515619
    3439   -4.505032
    3440   -4.505032
    3441   -4.494051
    3442   -4.494051
    3443   -4.482648
    3444   -4.482648
    3445   -4.470839
    3446   -4.470839
    3447   -4.458610
    3448   -4.458610
    3449   -4.445922
    3450   -4.445922
    3451   -4.432751
    3452   -4.432751
    3453   -4.419083
    3454   -4.419083
    3455   -4.405045
    3456   -4.405045
    3457   -4.390818
    3458   -4.390818
    3459   -4.376291
    3460   -4.376291
    3461   -4.361180
    3462   -4.361180
    3463   -4.345353
    3464   -4.345353
    3465   -4.328782
    3466   -4.328782
    3467   -4.311486
    3468   -4.311486
    3469   -4.293477
    3470   -4.293477
    3471   -4.274724
    3472   -4.274724
    3473   -4.255211
    3474   -4.255211
    3475   -4.234888
    3476   -4.234888
    3477   -4.213690
    3478   -4.213690
    3479   -4.191531
    3480   -4.191531
    3481   -4.168389
    3482   -4.168389
    3483   -4.144485
    3484   -4.144485
    3485   -4.121996
    3486   -4.121996
    3487   -4.104932
    3488   -4.104932
    3489   -4.093479
    3490   -4.093479
    3491   -4.083964
    3492   -4.083964
    3493   -4.074162
    3494   -4.074162
    3495   -4.063443
    3496   -4.063443
    3497   -4.051330
    3498   -4.051330
    3499   -4.037566
    3500   -4.037566
    3501   -4.022023
    3502   -4.022023
    3503   -4.004731
    3504   -4.004731
    3505   -3.985700
    3506   -3.985700
    3507   -3.964710
    3508   -3.964710
    3509   -3.941705
    3510   -3.941705
    3511   -3.916688
    3512   -3.916688
    3513   -3.889535
    3514   -3.889535
    3515   -3.860078
    3516   -3.860078
    3517   -3.828153
    3518   -3.828153
    3519   -3.793710
    3520   -3.793710
    3521   -3.756654
    3522   -3.756654
    3523   -3.716735
    3524   -3.716735
    3525   -3.673554
    3526   -3.673554
    3527   -3.626838
    3528   -3.626838
    3529   -3.576443
    3530   -3.576443
    3531   -3.522059
    3532   -3.522059
    3533   -3.463237
    3534   -3.463237
    3535   -3.399505
    3536   -3.399505
    3537   -3.330195
    3538   -3.330195
    3539   -3.254411
    3540   -3.254411
    3541   -3.171073
    3542   -3.171073
    3543   -3.079113
    3544   -3.079113
    3545   -2.977256
    3546   -2.977256
    3547   -2.863605
    3548   -2.863605
    3549   -2.735666
    3550   -2.735666
    3551   -2.590301
    3552   -2.590301
    3553   -2.423342
    3554   -2.423342
    3555   -2.229341
    3556   -2.229341
    3557   -2.004289
    3558   -2.004289
    3559   -1.746372
    3560   -1.746372
    3561   -1.469811
    3562   -1.469811
    3563   -1.245564
    3564   -1.245564
    3565   -7.859479
    3566   -7.859479
    3567   -7.852086
    3568   -7.852086
    3569   -7.839060
    3570   -7.839060
    3571   -7.827291
    3572   -7.827291
    3573   -7.820237
    3574   -7.820237
    3575   -7.814804
    3576   -7.814804
    3577   -7.809377
    3578   -7.809377
    3579   -7.803642
    3580   -7.803642
    3581   -7.797460
    3582   -7.797460
    3583   -7.790738
    3584   -7.790738
    3585   -7.783460
    3586   -7.783460
    3587   -7.775669
    3588   -7.775669
    3589   -7.767427
    3590   -7.767427
    3591   -7.758762
    3592   -7.758762
    3593   -7.749666
    3594   -7.749666
    3595   -7.740093
    3596   -7.740093
    3597   -7.730090
    3598   -7.730090
    3599   -7.719861
    3600   -7.719861
    3601   -7.709517
    3602   -7.709517
    3603   -7.699021
    3604   -7.699021
    3605   -7.688305
    3606   -7.688305
    3607   -7.677316
    3608   -7.677316
    3609   -7.665964
    3610   -7.665964
    3611   -7.654136
    3612   -7.654136
    3613   -7.641737
    3614   -7.641737
    3615   -7.628724
    3616   -7.628724
    3617   -7.615123
    3618   -7.615123
    3619   -7.600964
    3620   -7.600964
    3621   -7.586262
    3622   -7.586262
    3623   -7.571016
    3624   -7.571016
    3625   -7.555276
    3626   -7.555276
    3627   -7.539117
    3628   -7.539117
    3629   -7.522539
    3630   -7.522539
    3631   -7.505502
    3632   -7.505502
    3633   -7.487976
    3634   -7.487976
    3635   -7.469945
    3636   -7.469945
    3637   -7.451371
    3638   -7.451371
    3639   -7.432152
    3640   -7.432152
    3641   -7.412172
    3642   -7.412172
    3643   -7.391448
    3644   -7.391448
    3645   -7.370010
    3646   -7.370010
    3647   -7.347764
    3648   -7.347764
    3649   -7.324677
    3650   -7.324677
    3651   -7.300789
    3652   -7.300789
    3653   -7.276267
    3654   -7.276267
    3655   -7.251340
    3656   -7.251340
    3657   -7.225793
    3658   -7.225793
    3659   -7.199151
    3660   -7.199151
    3661   -7.171245
    3662   -7.171245
    3663   -7.142043
    3664   -7.142043
    3665   -7.111605
    3666   -7.111605
    3667   -7.079985
    3668   -7.079985
    3669   -7.047109
    3670   -7.047109
    3671   -7.012969
    3672   -7.012969
    3673   -6.977493
    3674   -6.977493
    3675   -6.940528
    3676   -6.940528
    3677   -6.901954
    3678   -6.901954
    3679   -6.861810
    3680   -6.861810
    3681   -6.820066
    3682   -6.820066
    3683   -6.779809
    3684   -6.779809
    3685   -6.748358
    3686   -6.748358
    3687   -6.727029
    3688   -6.727029
    3689   -6.710444
    3690   -6.710444
    3691   -6.694201
    3692   -6.694201
    3693   -6.675527
    3694   -6.675527
    3695   -6.653861
    3696   -6.653861
    3697   -6.629522
    3698   -6.629522
    3699   -6.602264
    3700   -6.602264
    3701   -6.571933
    3702   -6.571933
    3703   -6.538405
    3704   -6.538405
    3705   -6.501535
    3706   -6.501535
    3707   -6.461230
    3708   -6.461230
    3709   -6.417388
    3710   -6.417388
    3711   -6.369772
    3712   -6.369772
    3713   -6.318097
    3714   -6.318097
    3715   -6.262131
    3716   -6.262131
    3717   -6.201716
    3718   -6.201716
    3719   -6.136664
    3720   -6.136664
    3721   -6.066678
    3722   -6.066678
    3723   -5.991121
    3724   -5.991121
    3725   -5.909346
    3726   -5.909346
    3727   -5.820966
    3728   -5.820966
    3729   -5.725679
    3730   -5.725679
    3731   -5.622844
    3732   -5.622844
    3733   -5.511427
    3734   -5.511427
    3735   -5.390372
    3736   -5.390372
    3737   -5.258302
    3738   -5.258302
    3739   -5.113174
    3740   -5.113174
    3741   -4.953036
    3742   -4.953036
    3743   -4.775620
    3744   -4.775620
    3745   -4.578007
    3746   -4.578007
    3747   -4.356298
    3748   -4.356298
    3749   -4.105159
    3750   -4.105159
    3751   -3.817272
    3752   -3.817272
    3753   -3.484096
    3754   -3.484096
    3755   -3.097491
    3756   -3.097491
    3757   -2.652305
    3758   -2.652305
    3759   -2.175764
    3760   -2.175764
    3761   -1.790343
    3762   -1.790343
    3763  -12.645398
    3764  -12.645398
    3765  -12.629935
    3766  -12.629935
    3767  -12.604927
    3768  -12.604927
    3769  -12.585791
    3770  -12.585791
    3771  -12.575486
    3772  -12.575486
    3773  -12.566970
    3774  -12.566970
    3775  -12.558300
    3776  -12.558300
    3777  -12.549026
    3778  -12.549026
    3779  -12.538979
    3780  -12.538979
    3781  -12.528062
    3782  -12.528062
    3783  -12.516248
    3784  -12.516248
    3785  -12.503582
    3786  -12.503582
    3787  -12.490174
    3788  -12.490174
    3789  -12.476068
    3790  -12.476068
    3791  -12.461229
    3792  -12.461229
    3793  -12.445523
    3794  -12.445523
    3795  -12.429025
    3796  -12.429025
    3797  -12.412172
    3798  -12.412172
    3799  -12.395182
    3800  -12.395182
    3801  -12.377946
    3802  -12.377946
    3803  -12.360329
    3804  -12.360329
    3805  -12.342258
    3806  -12.342258
    3807  -12.323587
    3808  -12.323587
    3809  -12.304149
    3810  -12.304149
    3811  -12.283750
    3812  -12.283750
    3813  -12.262283
    3814  -12.262283
    3815  -12.239827
    3816  -12.239827
    3817  -12.216448
    3818  -12.216448
    3819  -12.192168
    3820  -12.192168
    3821  -12.166959
    3822  -12.166959
    3823  -12.140913
    3824  -12.140913
    3825  -12.114191
    3826  -12.114191
    3827  -12.086792
    3828  -12.086792
    3829  -12.058634
    3830  -12.058634
    3831  -12.029665
    3832  -12.029665
    3833  -11.999866
    3834  -11.999866
    3835  -11.969205
    3836  -11.969205
    3837  -11.937539
    3838  -11.937539
    3839  -11.904590
    3840  -11.904590
    3841  -11.870375
    3842  -11.870375
    3843  -11.835015
    3844  -11.835015
    3845  -11.798299
    3846  -11.798299
    3847  -11.760183
    3848  -11.760183
    3849  -11.720782
    3850  -11.720782
    3851  -11.680344
    3852  -11.680344
    3853  -11.639273
    3854  -11.639273
    3855  -11.597163
    3856  -11.597163
    3857  -11.553134
    3858  -11.553134
    3859  -11.506969
    3860  -11.506969
    3861  -11.458656
    3862  -11.458656
    3863  -11.408334
    3864  -11.408334
    3865  -11.356124
    3866  -11.356124
    3867  -11.301865
    3868  -11.301865
    3869  -11.245561
    3870  -11.245561
    3871  -11.187109
    3872  -11.187109
    3873  -11.126213
    3874  -11.126213
    3875  -11.062664
    3876  -11.062664
    3877  -10.996411
    3878  -10.996411
    3879  -10.926923
    3880  -10.926923
    3881  -10.859119
    3882  -10.859119
    3883  -10.805778
    3884  -10.805778
    3885  -10.769574
    3886  -10.769574
    3887  -10.742848
    3888  -10.742848
    3889  -10.717876
    3890  -10.717876
    3891  -10.687497
    3892  -10.687497
    3893  -10.651313
    3894  -10.651313
    3895  -10.611141
    3896  -10.611141
    3897  -10.566319
    3898  -10.566319
    3899  -10.516411
    3900  -10.516411
    3901  -10.461182
    3902  -10.461182
    3903  -10.400485
    3904  -10.400485
    3905  -10.334163
    3906  -10.334163
    3907  -10.262039
    3908  -10.262039
    3909  -10.183673
    3910  -10.183673
    3911  -10.098589
    3912  -10.098589
    3913  -10.006423
    3914  -10.006423
    3915   -9.906834
    3916   -9.906834
    3917   -9.799579
    3918   -9.799579
    3919   -9.684304
    3920   -9.684304
    3921   -9.559891
    3922   -9.559891
    3923   -9.425124
    3924   -9.425124
    3925   -9.279234
    3926   -9.279234
    3927   -9.122047
    3928   -9.122047
    3929   -8.952697
    3930   -8.952697
    3931   -8.769057
    3932   -8.769057
    3933   -8.569571
    3934   -8.569571
    3935   -8.352298
    3936   -8.352298
    3937   -8.113588
    3938   -8.113588
    3939   -7.850172
    3940   -7.850172
    3941   -7.558374
    3942   -7.558374
    3943   -7.233684
    3944   -7.233684
    3945   -6.869874
    3946   -6.869874
    3947   -6.458218
    3948   -6.458218
    3949   -5.986375
    3950   -5.986375
    3951   -5.440599
    3952   -5.440599
    3953   -4.805479
    3954   -4.805479
    3955   -4.066763
    3956   -4.066763
    3957   -3.264211
    3958   -3.264211
    3959   -2.607853
    3960   -2.607853
