       1   -0.019214
       2   -0.019214
       3   -0.019083
       4   -0.019083
       5   -0.018915
       6   -0.018915
       7   -0.018871
       8   -0.018871
       9   -0.018903
      10   -0.018903
      11   -0.018914
      12   -0.018914
      13   -0.018907
      14   -0.018907
      15   -0.018897
      16   -0.018897
      17   -0.018888
      18   -0.018888
      19   -0.018879
      20   -0.018879
      21   -0.018870
      22   -0.018870
      23   -0.018857
      24   -0.018857
      25   -0.018838
      26   -0.018838
      27   -0.018813
      28   -0.018813
      29   -0.018782
      30   -0.018782
      31   -0.018747
      32   -0.018747
      33   -0.018715
      34   -0.018715
      35   -0.018690
      36   -0.018690
      37   -0.018667
      38   -0.018667
      39   -0.018641
      40   -0.018641
      41   -0.018612
      42   -0.018612
      43   -0.018582
      44   -0.018582
      45   -0.018550
      46   -0.018550
      47   -0.018514
      48   -0.018514
      49   -0.018477
      50   -0.018477
      51   -0.018440
      52   -0.018440
      53   -0.018403
      54   -0.018403
      55   -0.018362
      56   -0.018362
      57   -0.018317
      58   -0.018317
      59   -0.018271
      60   -0.018271
      61   -0.018223
      62   -0.018223
      63   -0.018174
      64   -0.018174
      65   -0.018124
      66   -0.018124
      67   -0.018073
      68   -0.018073
      69   -0.018023
      70   -0.018023
      71   -0.017971
      72   -0.017971
      73   -0.017915
      74   -0.017915
      75   -0.017851
      76   -0.017851
      77   -0.017782
      78   -0.017782
      79   -0.017711
      80   -0.017711
      81   -0.017639
      82   -0.017639
      83   -0.017566
      84   -0.017566
      85   -0.017487
      86   -0.017487
      87   -0.017399
      88   -0.017399
      89   -0.017307
      90   -0.017307
      91   -0.017211
      92   -0.017211
      93   -0.017107
      94   -0.017107
      95   -0.017005
      96   -0.017005
      97   -0.016898
      98   -0.016898
      99   -0.016780
     100   -0.016780
     101   -0.016658
     102   -0.016658
     103   -0.016535
     104   -0.016535
     105   -0.016390
     106   -0.016390
     107   -0.016201
     108   -0.016201
     109   -0.015970
     110   -0.015970
     111   -0.015700
     112   -0.015700
     113   -0.015398
     114   -0.015398
     115   -0.015058
     116   -0.015058
     117   -0.014684
     118   -0.014684
     119   -0.014419
     120   -0.014419
     121   -0.014370
     122   -0.014370
     123   -0.014428
     124   -0.014428
     125   -0.014491
     126   -0.014491
     127   -0.014534
     128   -0.014534
     129   -0.014549
     130   -0.014549
     131   -0.014529
     132   -0.014529
     133   -0.014485
     134   -0.014485
     135   -0.014428
     136   -0.014428
     137   -0.014353
     138   -0.014353
     139   -0.014265
     140   -0.014265
     141   -0.014167
     142   -0.014167
     143   -0.014053
     144   -0.014053
     145   -0.013929
     146   -0.013929
     147   -0.013800
     148   -0.013800
     149   -0.013649
     150   -0.013649
     151   -0.013472
     152   -0.013472
     153   -0.013284
     154   -0.013284
     155   -0.013075
     156   -0.013075
     157   -0.012839
     158   -0.012839
     159   -0.012579
     160   -0.012579
     161   -0.012299
     162   -0.012299
     163   -0.012004
     164   -0.012004
     165   -0.011650
     166   -0.011650
     167   -0.011210
     168   -0.011210
     169   -0.010709
     170   -0.010709
     171   -0.010158
     172   -0.010158
     173   -0.009526
     174   -0.009526
     175   -0.008785
     176   -0.008785
     177   -0.007941
     178   -0.007941
     179   -0.007008
     180   -0.007008
     181   -0.005952
     182   -0.005952
     183   -0.004804
     184   -0.004804
     185   -0.003614
     186   -0.003614
     187   -0.002419
     188   -0.002419
     189   -0.001259
     190   -0.001259
     191   -0.000341
     192   -0.000341
     193    0.001060
     194    0.001060
     195    0.004238
     196    0.004238
     197    0.007589
     198    0.007589
     199   -0.054736
     200   -0.054736
     201   -0.054498
     202   -0.054498
     203   -0.054224
     204   -0.054224
     205   -0.054185
     206   -0.054185
     207   -0.054250
     208   -0.054250
     209   -0.054262
     210   -0.054262
     211   -0.054245
     212   -0.054245
     213   -0.054221
     214   -0.054221
     215   -0.054198
     216   -0.054198
     217   -0.054172
     218   -0.054172
     219   -0.054142
     220   -0.054142
     221   -0.054105
     222   -0.054105
     223   -0.054054
     224   -0.054054
     225   -0.053989
     226   -0.053989
     227   -0.053910
     228   -0.053910
     229   -0.053820
     230   -0.053820
     231   -0.053734
     232   -0.053734
     233   -0.053661
     234   -0.053661
     235   -0.053590
     236   -0.053590
     237   -0.053513
     238   -0.053513
     239   -0.053429
     240   -0.053429
     241   -0.053341
     242   -0.053341
     243   -0.053248
     244   -0.053248
     245   -0.053147
     246   -0.053147
     247   -0.053043
     248   -0.053043
     249   -0.052940
     250   -0.052940
     251   -0.052834
     252   -0.052834
     253   -0.052717
     254   -0.052717
     255   -0.052592
     256   -0.052592
     257   -0.052462
     258   -0.052462
     259   -0.052329
     260   -0.052329
     261   -0.052192
     262   -0.052192
     263   -0.052051
     264   -0.052051
     265   -0.051909
     266   -0.051909
     267   -0.051766
     268   -0.051766
     269   -0.051622
     270   -0.051622
     271   -0.051466
     272   -0.051466
     273   -0.051289
     274   -0.051289
     275   -0.051095
     276   -0.051095
     277   -0.050894
     278   -0.050894
     279   -0.050688
     280   -0.050688
     281   -0.050478
     282   -0.050478
     283   -0.050258
     284   -0.050258
     285   -0.050014
     286   -0.050014
     287   -0.049760
     288   -0.049760
     289   -0.049495
     290   -0.049495
     291   -0.049209
     292   -0.049209
     293   -0.048917
     294   -0.048917
     295   -0.048612
     296   -0.048612
     297   -0.048277
     298   -0.048277
     299   -0.047939
     300   -0.047939
     301   -0.047601
     302   -0.047601
     303   -0.047199
     304   -0.047199
     305   -0.046676
     306   -0.046676
     307   -0.046038
     308   -0.046038
     309   -0.045303
     310   -0.045303
     311   -0.044486
     312   -0.044486
     313   -0.043567
     314   -0.043567
     315   -0.042561
     316   -0.042561
     317   -0.041844
     318   -0.041844
     319   -0.041696
     320   -0.041696
     321   -0.041848
     322   -0.041848
     323   -0.042028
     324   -0.042028
     325   -0.042155
     326   -0.042155
     327   -0.042200
     328   -0.042200
     329   -0.042155
     330   -0.042155
     331   -0.042049
     332   -0.042049
     333   -0.041905
     334   -0.041905
     335   -0.041712
     336   -0.041712
     337   -0.041482
     338   -0.041482
     339   -0.041218
     340   -0.041218
     341   -0.040911
     342   -0.040911
     343   -0.040573
     344   -0.040573
     345   -0.040213
     346   -0.040213
     347   -0.039790
     348   -0.039790
     349   -0.039305
     350   -0.039305
     351   -0.038791
     352   -0.038791
     353   -0.038219
     354   -0.038219
     355   -0.037568
     356   -0.037568
     357   -0.036844
     358   -0.036844
     359   -0.036066
     360   -0.036066
     361   -0.035238
     362   -0.035238
     363   -0.034258
     364   -0.034258
     365   -0.033070
     366   -0.033070
     367   -0.031723
     368   -0.031723
     369   -0.030237
     370   -0.030237
     371   -0.028532
     372   -0.028532
     373   -0.026528
     374   -0.026528
     375   -0.024254
     376   -0.024254
     377   -0.021740
     378   -0.021740
     379   -0.018900
     380   -0.018900
     381   -0.015837
     382   -0.015837
     383   -0.012701
     384   -0.012701
     385   -0.009629
     386   -0.009629
     387   -0.006741
     388   -0.006741
     389   -0.004338
     390   -0.004338
     391   -0.001016
     392   -0.001016
     393    0.005215
     394    0.005215
     395    0.011110
     396    0.011110
     397   -0.085480
     398   -0.085480
     399   -0.085298
     400   -0.085298
     401   -0.085148
     402   -0.085148
     403   -0.085201
     404   -0.085201
     405   -0.085281
     406   -0.085281
     407   -0.085286
     408   -0.085286
     409   -0.085265
     410   -0.085265
     411   -0.085235
     412   -0.085235
     413   -0.085203
     414   -0.085203
     415   -0.085162
     416   -0.085162
     417   -0.085114
     418   -0.085114
     419   -0.085055
     420   -0.085055
     421   -0.084981
     422   -0.084981
     423   -0.084890
     424   -0.084890
     425   -0.084782
     426   -0.084782
     427   -0.084661
     428   -0.084661
     429   -0.084538
     430   -0.084538
     431   -0.084420
     432   -0.084420
     433   -0.084302
     434   -0.084302
     435   -0.084175
     436   -0.084175
     437   -0.084039
     438   -0.084039
     439   -0.083898
     440   -0.083898
     441   -0.083751
     442   -0.083751
     443   -0.083597
     444   -0.083597
     445   -0.083440
     446   -0.083440
     447   -0.083280
     448   -0.083280
     449   -0.083112
     450   -0.083112
     451   -0.082932
     452   -0.082932
     453   -0.082743
     454   -0.082743
     455   -0.082546
     456   -0.082546
     457   -0.082343
     458   -0.082343
     459   -0.082134
     460   -0.082134
     461   -0.081920
     462   -0.081920
     463   -0.081704
     464   -0.081704
     465   -0.081487
     466   -0.081487
     467   -0.081270
     468   -0.081270
     469   -0.081039
     470   -0.081039
     471   -0.080771
     472   -0.080771
     473   -0.080472
     474   -0.080472
     475   -0.080161
     476   -0.080161
     477   -0.079841
     478   -0.079841
     479   -0.079516
     480   -0.079516
     481   -0.079179
     482   -0.079179
     483   -0.078815
     484   -0.078815
     485   -0.078438
     486   -0.078438
     487   -0.078042
     488   -0.078042
     489   -0.077615
     490   -0.077615
     491   -0.077164
     492   -0.077164
     493   -0.076683
     494   -0.076683
     495   -0.076172
     496   -0.076172
     497   -0.075660
     498   -0.075660
     499   -0.075142
     500   -0.075142
     501   -0.074526
     502   -0.074526
     503   -0.073734
     504   -0.073734
     505   -0.072792
     506   -0.072792
     507   -0.071734
     508   -0.071734
     509   -0.070568
     510   -0.070568
     511   -0.069267
     512   -0.069267
     513   -0.067885
     514   -0.067885
     515   -0.066880
     516   -0.066880
     517   -0.066605
     518   -0.066605
     519   -0.066785
     520   -0.066785
     521   -0.067050
     522   -0.067050
     523   -0.067248
     524   -0.067248
     525   -0.067323
     526   -0.067323
     527   -0.067269
     528   -0.067269
     529   -0.067134
     530   -0.067134
     531   -0.066942
     532   -0.066942
     533   -0.066682
     534   -0.066682
     535   -0.066363
     536   -0.066363
     537   -0.065989
     538   -0.065989
     539   -0.065554
     540   -0.065554
     541   -0.065064
     542   -0.065064
     543   -0.064521
     544   -0.064521
     545   -0.063894
     546   -0.063894
     547   -0.063196
     548   -0.063196
     549   -0.062452
     550   -0.062452
     551   -0.061620
     552   -0.061620
     553   -0.060673
     554   -0.060673
     555   -0.059614
     556   -0.059614
     557   -0.058462
     558   -0.058462
     559   -0.057220
     560   -0.057220
     561   -0.055799
     562   -0.055799
     563   -0.054149
     564   -0.054149
     565   -0.052283
     566   -0.052283
     567   -0.050221
     568   -0.050221
     569   -0.047859
     570   -0.047859
     571   -0.045085
     572   -0.045085
     573   -0.041953
     574   -0.041953
     575   -0.038465
     576   -0.038465
     577   -0.034543
     578   -0.034543
     579   -0.030330
     580   -0.030330
     581   -0.026040
     582   -0.026040
     583   -0.021889
     584   -0.021889
     585   -0.017899
     586   -0.017899
     587   -0.013505
     588   -0.013505
     589   -0.007917
     590   -0.007917
     591   -0.001855
     592   -0.001855
     593    0.002220
     594    0.002220
     595   -0.114146
     596   -0.114146
     597   -0.113955
     598   -0.113955
     599   -0.113813
     600   -0.113813
     601   -0.113884
     602   -0.113884
     603   -0.113981
     604   -0.113981
     605   -0.114001
     606   -0.114001
     607   -0.113987
     608   -0.113987
     609   -0.113955
     610   -0.113955
     611   -0.113912
     612   -0.113912
     613   -0.113857
     614   -0.113857
     615   -0.113789
     616   -0.113789
     617   -0.113706
     618   -0.113706
     619   -0.113608
     620   -0.113608
     621   -0.113493
     622   -0.113493
     623   -0.113362
     624   -0.113362
     625   -0.113219
     626   -0.113219
     627   -0.113065
     628   -0.113065
     629   -0.112907
     630   -0.112907
     631   -0.112743
     632   -0.112743
     633   -0.112569
     634   -0.112569
     635   -0.112386
     636   -0.112386
     637   -0.112195
     638   -0.112195
     639   -0.111999
     640   -0.111999
     641   -0.111798
     642   -0.111798
     643   -0.111591
     644   -0.111591
     645   -0.111377
     646   -0.111377
     647   -0.111154
     648   -0.111154
     649   -0.110919
     650   -0.110919
     651   -0.110675
     652   -0.110675
     653   -0.110420
     654   -0.110420
     655   -0.110157
     656   -0.110157
     657   -0.109886
     658   -0.109886
     659   -0.109607
     660   -0.109607
     661   -0.109325
     662   -0.109325
     663   -0.109042
     664   -0.109042
     665   -0.108761
     666   -0.108761
     667   -0.108464
     668   -0.108464
     669   -0.108121
     670   -0.108121
     671   -0.107734
     672   -0.107734
     673   -0.107327
     674   -0.107327
     675   -0.106913
     676   -0.106913
     677   -0.106493
     678   -0.106493
     679   -0.106056
     680   -0.106056
     681   -0.105595
     682   -0.105595
     683   -0.105113
     684   -0.105113
     685   -0.104604
     686   -0.104604
     687   -0.104054
     688   -0.104054
     689   -0.103463
     690   -0.103463
     691   -0.102831
     692   -0.102831
     693   -0.102164
     694   -0.102164
     695   -0.101477
     696   -0.101477
     697   -0.100753
     698   -0.100753
     699   -0.099907
     700   -0.099907
     701   -0.098883
     702   -0.098883
     703   -0.097718
     704   -0.097718
     705   -0.096442
     706   -0.096442
     707   -0.095040
     708   -0.095040
     709   -0.093510
     710   -0.093510
     711   -0.091972
     712   -0.091972
     713   -0.090817
     714   -0.090817
     715   -0.090390
     716   -0.090390
     717   -0.090519
     718   -0.090519
     719   -0.090806
     720   -0.090806
     721   -0.091041
     722   -0.091041
     723   -0.091141
     724   -0.091141
     725   -0.091096
     726   -0.091096
     727   -0.090949
     728   -0.090949
     729   -0.090721
     730   -0.090721
     731   -0.090411
     732   -0.090411
     733   -0.090026
     734   -0.090026
     735   -0.089574
     736   -0.089574
     737   -0.089052
     738   -0.089052
     739   -0.088451
     740   -0.088451
     741   -0.087767
     742   -0.087767
     743   -0.086999
     744   -0.086999
     745   -0.086159
     746   -0.086159
     747   -0.085246
     748   -0.085246
     749   -0.084221
     750   -0.084221
     751   -0.083069
     752   -0.083069
     753   -0.081786
     754   -0.081786
     755   -0.080380
     756   -0.080380
     757   -0.078850
     758   -0.078850
     759   -0.077167
     760   -0.077167
     761   -0.075293
     762   -0.075293
     763   -0.073183
     764   -0.073183
     765   -0.070863
     766   -0.070863
     767   -0.068223
     768   -0.068223
     769   -0.065149
     770   -0.065149
     771   -0.061690
     772   -0.061690
     773   -0.057798
     774   -0.057798
     775   -0.053440
     776   -0.053440
     777   -0.048691
     778   -0.048691
     779   -0.043849
     780   -0.043849
     781   -0.039086
     782   -0.039086
     783   -0.033978
     784   -0.033978
     785   -0.026695
     786   -0.026695
     787   -0.017482
     788   -0.017482
     789   -0.010454
     790   -0.010454
     791   -0.006928
     792   -0.006928
     793   -0.143514
     794   -0.143514
     795   -0.143214
     796   -0.143214
     797   -0.142927
     798   -0.142927
     799   -0.142963
     800   -0.142963
     801   -0.143111
     802   -0.143111
     803   -0.143174
     804   -0.143174
     805   -0.143172
     806   -0.143172
     807   -0.143131
     808   -0.143131
     809   -0.143068
     810   -0.143068
     811   -0.142988
     812   -0.142988
     813   -0.142894
     814   -0.142894
     815   -0.142783
     816   -0.142783
     817   -0.142655
     818   -0.142655
     819   -0.142510
     820   -0.142510
     821   -0.142349
     822   -0.142349
     823   -0.142177
     824   -0.142177
     825   -0.141993
     826   -0.141993
     827   -0.141798
     828   -0.141798
     829   -0.141591
     830   -0.141591
     831   -0.141370
     832   -0.141370
     833   -0.141139
     834   -0.141139
     835   -0.140900
     836   -0.140900
     837   -0.140656
     838   -0.140656
     839   -0.140408
     840   -0.140408
     841   -0.140151
     842   -0.140151
     843   -0.139885
     844   -0.139885
     845   -0.139610
     846   -0.139610
     847   -0.139322
     848   -0.139322
     849   -0.139024
     850   -0.139024
     851   -0.138713
     852   -0.138713
     853   -0.138391
     854   -0.138391
     855   -0.138059
     856   -0.138059
     857   -0.137717
     858   -0.137717
     859   -0.137370
     860   -0.137370
     861   -0.137019
     862   -0.137019
     863   -0.136665
     864   -0.136665
     865   -0.136295
     866   -0.136295
     867   -0.135880
     868   -0.135880
     869   -0.135420
     870   -0.135420
     871   -0.134935
     872   -0.134935
     873   -0.134441
     874   -0.134441
     875   -0.133933
     876   -0.133933
     877   -0.133405
     878   -0.133405
     879   -0.132851
     880   -0.132851
     881   -0.132268
     882   -0.132268
     883   -0.131646
     884   -0.131646
     885   -0.130978
     886   -0.130978
     887   -0.130259
     888   -0.130259
     889   -0.129491
     890   -0.129491
     891   -0.128670
     892   -0.128670
     893   -0.127784
     894   -0.127784
     895   -0.126809
     896   -0.126809
     897   -0.125714
     898   -0.125714
     899   -0.124498
     900   -0.124498
     901   -0.123176
     902   -0.123176
     903   -0.121737
     904   -0.121737
     905   -0.120157
     906   -0.120157
     907   -0.118472
     908   -0.118472
     909   -0.116840
     910   -0.116840
     911   -0.115584
     912   -0.115584
     913   -0.115019
     914   -0.115019
     915   -0.115042
     916   -0.115042
     917   -0.115269
     918   -0.115269
     919   -0.115482
     920   -0.115482
     921   -0.115587
     922   -0.115587
     923   -0.115547
     924   -0.115547
     925   -0.115389
     926   -0.115389
     927   -0.115118
     928   -0.115118
     929   -0.114739
     930   -0.114739
     931   -0.114276
     932   -0.114276
     933   -0.113741
     934   -0.113741
     935   -0.113125
     936   -0.113125
     937   -0.112417
     938   -0.112417
     939   -0.111609
     940   -0.111609
     941   -0.110714
     942   -0.110714
     943   -0.109738
     944   -0.109738
     945   -0.108658
     946   -0.108658
     947   -0.107442
     948   -0.107442
     949   -0.106094
     950   -0.106094
     951   -0.104623
     952   -0.104623
     953   -0.103018
     954   -0.103018
     955   -0.101258
     956   -0.101258
     957   -0.099353
     958   -0.099353
     959   -0.097280
     960   -0.097280
     961   -0.094978
     962   -0.094978
     963   -0.092468
     964   -0.092468
     965   -0.089658
     966   -0.089658
     967   -0.086446
     968   -0.086446
     969   -0.082827
     970   -0.082827
     971   -0.078723
     972   -0.078723
     973   -0.074080
     974   -0.074080
     975   -0.068843
     976   -0.068843
     977   -0.063698
     978   -0.063698
     979   -0.058631
     980   -0.058631
     981   -0.052251
     982   -0.052251
     983   -0.042984
     984   -0.042984
     985   -0.031817
     986   -0.031817
     987   -0.023111
     988   -0.023111
     989   -0.018171
     990   -0.018171
     991   -0.175634
     992   -0.175634
     993   -0.175326
     994   -0.175326
     995   -0.175027
     996   -0.175027
     997   -0.175053
     998   -0.175053
     999   -0.175170
    1000   -0.175170
    1001   -0.175184
    1002   -0.175184
    1003   -0.175138
    1004   -0.175138
    1005   -0.175056
    1006   -0.175056
    1007   -0.174953
    1008   -0.174953
    1009   -0.174834
    1010   -0.174834
    1011   -0.174703
    1012   -0.174703
    1013   -0.174556
    1014   -0.174556
    1015   -0.174391
    1016   -0.174391
    1017   -0.174209
    1018   -0.174209
    1019   -0.174011
    1020   -0.174011
    1021   -0.173801
    1022   -0.173801
    1023   -0.173580
    1024   -0.173580
    1025   -0.173345
    1026   -0.173345
    1027   -0.173092
    1028   -0.173092
    1029   -0.172823
    1030   -0.172823
    1031   -0.172542
    1032   -0.172542
    1033   -0.172255
    1034   -0.172255
    1035   -0.171964
    1036   -0.171964
    1037   -0.171668
    1038   -0.171668
    1039   -0.171363
    1040   -0.171363
    1041   -0.171047
    1042   -0.171047
    1043   -0.170719
    1044   -0.170719
    1045   -0.170378
    1046   -0.170378
    1047   -0.170023
    1048   -0.170023
    1049   -0.169654
    1050   -0.169654
    1051   -0.169270
    1052   -0.169270
    1053   -0.168872
    1054   -0.168872
    1055   -0.168463
    1056   -0.168463
    1057   -0.168047
    1058   -0.168047
    1059   -0.167623
    1060   -0.167623
    1061   -0.167190
    1062   -0.167190
    1063   -0.166736
    1064   -0.166736
    1065   -0.166246
    1066   -0.166246
    1067   -0.165718
    1068   -0.165718
    1069   -0.165164
    1070   -0.165164
    1071   -0.164589
    1072   -0.164589
    1073   -0.163990
    1074   -0.163990
    1075   -0.163366
    1076   -0.163366
    1077   -0.162716
    1078   -0.162716
    1079   -0.162027
    1080   -0.162027
    1081   -0.161294
    1082   -0.161294
    1083   -0.160513
    1084   -0.160513
    1085   -0.159679
    1086   -0.159679
    1087   -0.158786
    1088   -0.158786
    1089   -0.157821
    1090   -0.157821
    1091   -0.156754
    1092   -0.156754
    1093   -0.155568
    1094   -0.155568
    1095   -0.154289
    1096   -0.154289
    1097   -0.152942
    1098   -0.152942
    1099   -0.151500
    1100   -0.151500
    1101   -0.149919
    1102   -0.149919
    1103   -0.148187
    1104   -0.148187
    1105   -0.146362
    1106   -0.146362
    1107   -0.144590
    1108   -0.144590
    1109   -0.143162
    1110   -0.143162
    1111   -0.142397
    1112   -0.142397
    1113   -0.142243
    1114   -0.142243
    1115   -0.142344
    1116   -0.142344
    1117   -0.142458
    1118   -0.142458
    1119   -0.142484
    1120   -0.142484
    1121   -0.142374
    1122   -0.142374
    1123   -0.142147
    1124   -0.142147
    1125   -0.141812
    1126   -0.141812
    1127   -0.141364
    1128   -0.141364
    1129   -0.140819
    1130   -0.140819
    1131   -0.140176
    1132   -0.140176
    1133   -0.139428
    1134   -0.139428
    1135   -0.138584
    1136   -0.138584
    1137   -0.137640
    1138   -0.137640
    1139   -0.136593
    1140   -0.136593
    1141   -0.135443
    1142   -0.135443
    1143   -0.134164
    1144   -0.134164
    1145   -0.132728
    1146   -0.132728
    1147   -0.131145
    1148   -0.131145
    1149   -0.129437
    1150   -0.129437
    1151   -0.127572
    1152   -0.127572
    1153   -0.125512
    1154   -0.125512
    1155   -0.123274
    1156   -0.123274
    1157   -0.120843
    1158   -0.120843
    1159   -0.118180
    1160   -0.118180
    1161   -0.115292
    1162   -0.115292
    1163   -0.112123
    1164   -0.112123
    1165   -0.108573
    1166   -0.108573
    1167   -0.104577
    1168   -0.104577
    1169   -0.100034
    1170   -0.100034
    1171   -0.094816
    1172   -0.094816
    1173   -0.088756
    1174   -0.088756
    1175   -0.082989
    1176   -0.082989
    1177   -0.077335
    1178   -0.077335
    1179   -0.069554
    1180   -0.069554
    1181   -0.059589
    1182   -0.059589
    1183   -0.048660
    1184   -0.048660
    1185   -0.038724
    1186   -0.038724
    1187   -0.031886
    1188   -0.031886
    1189   -0.212330
    1190   -0.212330
    1191   -0.212146
    1192   -0.212146
    1193   -0.211985
    1194   -0.211985
    1195   -0.211953
    1196   -0.211953
    1197   -0.211879
    1198   -0.211879
    1199   -0.211735
    1200   -0.211735
    1201   -0.211589
    1202   -0.211589
    1203   -0.211431
    1204   -0.211431
    1205   -0.211261
    1206   -0.211261
    1207   -0.211084
    1208   -0.211084
    1209   -0.210901
    1210   -0.210901
    1211   -0.210706
    1212   -0.210706
    1213   -0.210494
    1214   -0.210494
    1215   -0.210267
    1216   -0.210267
    1217   -0.210025
    1218   -0.210025
    1219   -0.209768
    1220   -0.209768
    1221   -0.209499
    1222   -0.209499
    1223   -0.209213
    1224   -0.209213
    1225   -0.208909
    1226   -0.208909
    1227   -0.208584
    1228   -0.208584
    1229   -0.208247
    1230   -0.208247
    1231   -0.207908
    1232   -0.207908
    1233   -0.207572
    1234   -0.207572
    1235   -0.207228
    1236   -0.207228
    1237   -0.206873
    1238   -0.206873
    1239   -0.206507
    1240   -0.206507
    1241   -0.206125
    1242   -0.206125
    1243   -0.205726
    1244   -0.205726
    1245   -0.205311
    1246   -0.205311
    1247   -0.204878
    1248   -0.204878
    1249   -0.204425
    1250   -0.204425
    1251   -0.203953
    1252   -0.203953
    1253   -0.203467
    1254   -0.203467
    1255   -0.202975
    1256   -0.202975
    1257   -0.202478
    1258   -0.202478
    1259   -0.201965
    1260   -0.201965
    1261   -0.201428
    1262   -0.201428
    1263   -0.200862
    1264   -0.200862
    1265   -0.200264
    1266   -0.200264
    1267   -0.199632
    1268   -0.199632
    1269   -0.198966
    1270   -0.198966
    1271   -0.198267
    1272   -0.198267
    1273   -0.197541
    1274   -0.197541
    1275   -0.196785
    1276   -0.196785
    1277   -0.195988
    1278   -0.195988
    1279   -0.195144
    1280   -0.195144
    1281   -0.194255
    1282   -0.194255
    1283   -0.193313
    1284   -0.193313
    1285   -0.192306
    1286   -0.192306
    1287   -0.191218
    1288   -0.191218
    1289   -0.190026
    1290   -0.190026
    1291   -0.188725
    1292   -0.188725
    1293   -0.187348
    1294   -0.187348
    1295   -0.185902
    1296   -0.185902
    1297   -0.184342
    1298   -0.184342
    1299   -0.182625
    1300   -0.182625
    1301   -0.180755
    1302   -0.180755
    1303   -0.178797
    1304   -0.178797
    1305   -0.176863
    1306   -0.176863
    1307   -0.175190
    1308   -0.175190
    1309   -0.174140
    1310   -0.174140
    1311   -0.173771
    1312   -0.173771
    1313   -0.173727
    1314   -0.173727
    1315   -0.173691
    1316   -0.173691
    1317   -0.173550
    1318   -0.173550
    1319   -0.173281
    1320   -0.173281
    1321   -0.172906
    1322   -0.172906
    1323   -0.172462
    1324   -0.172462
    1325   -0.171931
    1326   -0.171931
    1327   -0.171277
    1328   -0.171277
    1329   -0.170486
    1330   -0.170486
    1331   -0.169570
    1332   -0.169570
    1333   -0.168550
    1334   -0.168550
    1335   -0.167434
    1336   -0.167434
    1337   -0.166205
    1338   -0.166205
    1339   -0.164836
    1340   -0.164836
    1341   -0.163308
    1342   -0.163308
    1343   -0.161619
    1344   -0.161619
    1345   -0.159761
    1346   -0.159761
    1347   -0.157729
    1348   -0.157729
    1349   -0.155497
    1350   -0.155497
    1351   -0.153039
    1352   -0.153039
    1353   -0.150358
    1354   -0.150358
    1355   -0.147435
    1356   -0.147435
    1357   -0.144255
    1358   -0.144255
    1359   -0.140809
    1360   -0.140809
    1361   -0.137055
    1362   -0.137055
    1363   -0.132911
    1364   -0.132911
    1365   -0.128281
    1366   -0.128281
    1367   -0.123050
    1368   -0.123050
    1369   -0.117150
    1370   -0.117150
    1371   -0.110299
    1372   -0.110299
    1373   -0.103154
    1374   -0.103154
    1375   -0.095840
    1376   -0.095840
    1377   -0.086754
    1378   -0.086754
    1379   -0.076284
    1380   -0.076284
    1381   -0.065139
    1382   -0.065139
    1383   -0.053760
    1384   -0.053760
    1385   -0.045109
    1386   -0.045109
    1387   -0.255526
    1388   -0.255526
    1389   -0.255291
    1390   -0.255291
    1391   -0.254980
    1392   -0.254980
    1393   -0.254688
    1394   -0.254688
    1395   -0.254372
    1396   -0.254372
    1397   -0.254045
    1398   -0.254045
    1399   -0.253744
    1400   -0.253744
    1401   -0.253448
    1402   -0.253448
    1403   -0.253157
    1404   -0.253157
    1405   -0.252883
    1406   -0.252883
    1407   -0.252624
    1408   -0.252624
    1409   -0.252366
    1410   -0.252366
    1411   -0.252098
    1412   -0.252098
    1413   -0.251820
    1414   -0.251820
    1415   -0.251528
    1416   -0.251528
    1417   -0.251218
    1418   -0.251218
    1419   -0.250892
    1420   -0.250892
    1421   -0.250547
    1422   -0.250547
    1423   -0.250183
    1424   -0.250183
    1425   -0.249796
    1426   -0.249796
    1427   -0.249394
    1428   -0.249394
    1429   -0.248996
    1430   -0.248996
    1431   -0.248606
    1432   -0.248606
    1433   -0.248208
    1434   -0.248208
    1435   -0.247796
    1436   -0.247796
    1437   -0.247371
    1438   -0.247371
    1439   -0.246931
    1440   -0.246931
    1441   -0.246470
    1442   -0.246470
    1443   -0.245989
    1444   -0.245989
    1445   -0.245486
    1446   -0.245486
    1447   -0.244959
    1448   -0.244959
    1449   -0.244405
    1450   -0.244405
    1451   -0.243834
    1452   -0.243834
    1453   -0.243260
    1454   -0.243260
    1455   -0.242683
    1456   -0.242683
    1457   -0.242089
    1458   -0.242089
    1459   -0.241469
    1460   -0.241469
    1461   -0.240824
    1462   -0.240824
    1463   -0.240150
    1464   -0.240150
    1465   -0.239432
    1466   -0.239432
    1467   -0.238670
    1468   -0.238670
    1469   -0.237873
    1470   -0.237873
    1471   -0.237042
    1472   -0.237042
    1473   -0.236177
    1474   -0.236177
    1475   -0.235271
    1476   -0.235271
    1477   -0.234317
    1478   -0.234317
    1479   -0.233314
    1480   -0.233314
    1481   -0.232258
    1482   -0.232258
    1483   -0.231131
    1484   -0.231131
    1485   -0.229923
    1486   -0.229923
    1487   -0.228627
    1488   -0.228627
    1489   -0.227237
    1490   -0.227237
    1491   -0.225767
    1492   -0.225767
    1493   -0.224208
    1494   -0.224208
    1495   -0.222529
    1496   -0.222529
    1497   -0.220702
    1498   -0.220702
    1499   -0.218744
    1500   -0.218744
    1501   -0.216708
    1502   -0.216708
    1503   -0.214683
    1504   -0.214683
    1505   -0.212892
    1506   -0.212892
    1507   -0.211720
    1508   -0.211720
    1509   -0.211252
    1510   -0.211252
    1511   -0.211113
    1512   -0.211113
    1513   -0.210964
    1514   -0.210964
    1515   -0.210696
    1516   -0.210696
    1517   -0.210285
    1518   -0.210285
    1519   -0.209738
    1520   -0.209738
    1521   -0.209106
    1522   -0.209106
    1523   -0.208380
    1524   -0.208380
    1525   -0.207521
    1526   -0.207521
    1527   -0.206529
    1528   -0.206529
    1529   -0.205412
    1530   -0.205412
    1531   -0.204178
    1532   -0.204178
    1533   -0.202844
    1534   -0.202844
    1535   -0.201385
    1536   -0.201385
    1537   -0.199761
    1538   -0.199761
    1539   -0.197958
    1540   -0.197958
    1541   -0.195984
    1542   -0.195984
    1543   -0.193813
    1544   -0.193813
    1545   -0.191410
    1546   -0.191410
    1547   -0.188776
    1548   -0.188776
    1549   -0.185888
    1550   -0.185888
    1551   -0.182736
    1552   -0.182736
    1553   -0.179312
    1554   -0.179312
    1555   -0.175608
    1556   -0.175608
    1557   -0.171568
    1558   -0.171568
    1559   -0.167150
    1560   -0.167150
    1561   -0.162302
    1562   -0.162302
    1563   -0.156895
    1564   -0.156895
    1565   -0.150813
    1566   -0.150813
    1567   -0.144224
    1568   -0.144224
    1569   -0.136759
    1570   -0.136759
    1571   -0.127896
    1572   -0.127896
    1573   -0.118293
    1574   -0.118293
    1575   -0.107903
    1576   -0.107903
    1577   -0.096317
    1578   -0.096317
    1579   -0.083415
    1580   -0.083415
    1581   -0.069714
    1582   -0.069714
    1583   -0.058958
    1584   -0.058958
    1585   -0.307603
    1586   -0.307603
    1587   -0.307074
    1588   -0.307074
    1589   -0.306295
    1590   -0.306295
    1591   -0.305589
    1592   -0.305589
    1593   -0.304978
    1594   -0.304978
    1595   -0.304417
    1596   -0.304417
    1597   -0.303883
    1598   -0.303883
    1599   -0.303370
    1600   -0.303370
    1601   -0.302902
    1602   -0.302902
    1603   -0.302490
    1604   -0.302490
    1605   -0.302120
    1606   -0.302120
    1607   -0.301773
    1608   -0.301773
    1609   -0.301434
    1610   -0.301434
    1611   -0.301095
    1612   -0.301095
    1613   -0.300746
    1614   -0.300746
    1615   -0.300376
    1616   -0.300376
    1617   -0.299983
    1618   -0.299983
    1619   -0.299573
    1620   -0.299573
    1621   -0.299146
    1622   -0.299146
    1623   -0.298694
    1624   -0.298694
    1625   -0.298224
    1626   -0.298224
    1627   -0.297754
    1628   -0.297754
    1629   -0.297288
    1630   -0.297288
    1631   -0.296816
    1632   -0.296816
    1633   -0.296334
    1634   -0.296334
    1635   -0.295845
    1636   -0.295845
    1637   -0.295343
    1638   -0.295343
    1639   -0.294818
    1640   -0.294818
    1641   -0.294266
    1642   -0.294266
    1643   -0.293686
    1644   -0.293686
    1645   -0.293078
    1646   -0.293078
    1647   -0.292441
    1648   -0.292441
    1649   -0.291783
    1650   -0.291783
    1651   -0.291116
    1652   -0.291116
    1653   -0.290441
    1654   -0.290441
    1655   -0.289750
    1656   -0.289750
    1657   -0.289038
    1658   -0.289038
    1659   -0.288302
    1660   -0.288302
    1661   -0.287537
    1662   -0.287537
    1663   -0.286730
    1664   -0.286730
    1665   -0.285876
    1666   -0.285876
    1667   -0.284983
    1668   -0.284983
    1669   -0.284051
    1670   -0.284051
    1671   -0.283080
    1672   -0.283080
    1673   -0.282067
    1674   -0.282067
    1675   -0.280999
    1676   -0.280999
    1677   -0.279870
    1678   -0.279870
    1679   -0.278677
    1680   -0.278677
    1681   -0.277408
    1682   -0.277408
    1683   -0.276058
    1684   -0.276058
    1685   -0.274627
    1686   -0.274627
    1687   -0.273109
    1688   -0.273109
    1689   -0.271503
    1690   -0.271503
    1691   -0.269806
    1692   -0.269806
    1693   -0.268002
    1694   -0.268002
    1695   -0.266081
    1696   -0.266081
    1697   -0.264064
    1698   -0.264064
    1699   -0.261979
    1700   -0.261979
    1701   -0.259921
    1702   -0.259921
    1703   -0.258147
    1704   -0.258147
    1705   -0.257024
    1706   -0.257024
    1707   -0.256560
    1708   -0.256560
    1709   -0.256366
    1710   -0.256366
    1711   -0.256148
    1712   -0.256148
    1713   -0.255816
    1714   -0.255816
    1715   -0.255326
    1716   -0.255326
    1717   -0.254653
    1718   -0.254653
    1719   -0.253833
    1720   -0.253833
    1721   -0.252879
    1722   -0.252879
    1723   -0.251798
    1724   -0.251798
    1725   -0.250601
    1726   -0.250601
    1727   -0.249276
    1728   -0.249276
    1729   -0.247821
    1730   -0.247821
    1731   -0.246245
    1732   -0.246245
    1733   -0.244528
    1734   -0.244528
    1735   -0.242642
    1736   -0.242642
    1737   -0.240569
    1738   -0.240569
    1739   -0.238293
    1740   -0.238293
    1741   -0.235796
    1742   -0.235796
    1743   -0.233054
    1744   -0.233054
    1745   -0.230057
    1746   -0.230057
    1747   -0.226770
    1748   -0.226770
    1749   -0.223177
    1750   -0.223177
    1751   -0.219286
    1752   -0.219286
    1753   -0.215082
    1754   -0.215082
    1755   -0.210472
    1756   -0.210472
    1757   -0.205390
    1758   -0.205390
    1759   -0.199777
    1760   -0.199777
    1761   -0.193505
    1762   -0.193505
    1763   -0.186487
    1764   -0.186487
    1765   -0.178953
    1766   -0.178953
    1767   -0.170555
    1768   -0.170555
    1769   -0.160289
    1770   -0.160289
    1771   -0.148712
    1772   -0.148712
    1773   -0.136358
    1774   -0.136358
    1775   -0.122441
    1776   -0.122441
    1777   -0.106451
    1778   -0.106451
    1779   -0.089235
    1780   -0.089235
    1781   -0.075466
    1782   -0.075466
    1783   -0.371745
    1784   -0.371745
    1785   -0.370938
    1786   -0.370938
    1787   -0.369788
    1788   -0.369788
    1789   -0.368773
    1790   -0.368773
    1791   -0.367894
    1792   -0.367894
    1793   -0.367096
    1794   -0.367096
    1795   -0.366332
    1796   -0.366332
    1797   -0.365602
    1798   -0.365602
    1799   -0.364953
    1800   -0.364953
    1801   -0.364389
    1802   -0.364389
    1803   -0.363884
    1804   -0.363884
    1805   -0.363415
    1806   -0.363415
    1807   -0.362973
    1808   -0.362973
    1809   -0.362545
    1810   -0.362545
    1811   -0.362115
    1812   -0.362115
    1813   -0.361665
    1814   -0.361665
    1815   -0.361192
    1816   -0.361192
    1817   -0.360704
    1818   -0.360704
    1819   -0.360203
    1820   -0.360203
    1821   -0.359679
    1822   -0.359679
    1823   -0.359133
    1824   -0.359133
    1825   -0.358577
    1826   -0.358577
    1827   -0.358016
    1828   -0.358016
    1829   -0.357453
    1830   -0.357453
    1831   -0.356890
    1832   -0.356890
    1833   -0.356326
    1834   -0.356326
    1835   -0.355754
    1836   -0.355754
    1837   -0.355157
    1838   -0.355157
    1839   -0.354528
    1840   -0.354528
    1841   -0.353865
    1842   -0.353865
    1843   -0.353170
    1844   -0.353170
    1845   -0.352446
    1846   -0.352446
    1847   -0.351695
    1848   -0.351695
    1849   -0.350922
    1850   -0.350922
    1851   -0.350130
    1852   -0.350130
    1853   -0.349324
    1854   -0.349324
    1855   -0.348503
    1856   -0.348503
    1857   -0.347658
    1858   -0.347658
    1859   -0.346783
    1860   -0.346783
    1861   -0.345872
    1862   -0.345872
    1863   -0.344917
    1864   -0.344917
    1865   -0.343916
    1866   -0.343916
    1867   -0.342877
    1868   -0.342877
    1869   -0.341796
    1870   -0.341796
    1871   -0.340666
    1872   -0.340666
    1873   -0.339469
    1874   -0.339469
    1875   -0.338192
    1876   -0.338192
    1877   -0.336836
    1878   -0.336836
    1879   -0.335404
    1880   -0.335404
    1881   -0.333888
    1882   -0.333888
    1883   -0.332293
    1884   -0.332293
    1885   -0.330614
    1886   -0.330614
    1887   -0.328841
    1888   -0.328841
    1889   -0.326981
    1890   -0.326981
    1891   -0.325024
    1892   -0.325024
    1893   -0.322970
    1894   -0.322970
    1895   -0.320829
    1896   -0.320829
    1897   -0.318618
    1898   -0.318618
    1899   -0.316439
    1900   -0.316439
    1901   -0.314573
    1902   -0.314573
    1903   -0.313376
    1904   -0.313376
    1905   -0.312820
    1906   -0.312820
    1907   -0.312519
    1908   -0.312519
    1909   -0.312196
    1910   -0.312196
    1911   -0.311773
    1912   -0.311773
    1913   -0.311215
    1914   -0.311215
    1915   -0.310481
    1916   -0.310481
    1917   -0.309564
    1918   -0.309564
    1919   -0.308480
    1920   -0.308480
    1921   -0.307255
    1922   -0.307255
    1923   -0.305889
    1924   -0.305889
    1925   -0.304370
    1926   -0.304370
    1927   -0.302698
    1928   -0.302698
    1929   -0.300870
    1930   -0.300870
    1931   -0.298867
    1932   -0.298867
    1933   -0.296679
    1934   -0.296679
    1935   -0.294291
    1936   -0.294291
    1937   -0.291675
    1938   -0.291675
    1939   -0.288844
    1940   -0.288844
    1941   -0.285787
    1942   -0.285787
    1943   -0.282451
    1944   -0.282451
    1945   -0.278793
    1946   -0.278793
    1947   -0.274775
    1948   -0.274775
    1949   -0.270400
    1950   -0.270400
    1951   -0.265656
    1952   -0.265656
    1953   -0.260453
    1954   -0.260453
    1955   -0.254666
    1956   -0.254666
    1957   -0.248191
    1958   -0.248191
    1959   -0.240955
    1960   -0.240955
    1961   -0.232903
    1962   -0.232903
    1963   -0.224075
    1964   -0.224075
    1965   -0.214256
    1966   -0.214256
    1967   -0.202720
    1968   -0.202720
    1969   -0.189311
    1970   -0.189311
    1971   -0.174124
    1972   -0.174124
    1973   -0.156621
    1974   -0.156621
    1975   -0.136373
    1976   -0.136373
    1977   -0.114461
    1978   -0.114461
    1979   -0.096699
    1980   -0.096699
    1981   -0.452629
    1982   -0.452629
    1983   -0.451627
    1984   -0.451627
    1985   -0.450234
    1986   -0.450234
    1987   -0.449036
    1988   -0.449036
    1989   -0.447962
    1990   -0.447962
    1991   -0.446955
    1992   -0.446955
    1993   -0.446006
    1994   -0.446006
    1995   -0.445122
    1996   -0.445122
    1997   -0.444329
    1998   -0.444329
    1999   -0.443615
    2000   -0.443615
    2001   -0.442961
    2002   -0.442961
    2003   -0.442352
    2004   -0.442352
    2005   -0.441781
    2006   -0.441781
    2007   -0.441232
    2008   -0.441232
    2009   -0.440690
    2010   -0.440690
    2011   -0.440137
    2012   -0.440137
    2013   -0.439568
    2014   -0.439568
    2015   -0.438986
    2016   -0.438986
    2017   -0.438389
    2018   -0.438389
    2019   -0.437772
    2020   -0.437772
    2021   -0.437132
    2022   -0.437132
    2023   -0.436478
    2024   -0.436478
    2025   -0.435815
    2026   -0.435815
    2027   -0.435154
    2028   -0.435154
    2029   -0.434499
    2030   -0.434499
    2031   -0.433844
    2032   -0.433844
    2033   -0.433180
    2034   -0.433180
    2035   -0.432495
    2036   -0.432495
    2037   -0.431777
    2038   -0.431777
    2039   -0.431026
    2040   -0.431026
    2041   -0.430241
    2042   -0.430241
    2043   -0.429419
    2044   -0.429419
    2045   -0.428563
    2046   -0.428563
    2047   -0.427675
    2048   -0.427675
    2049   -0.426759
    2050   -0.426759
    2051   -0.425823
    2052   -0.425823
    2053   -0.424869
    2054   -0.424869
    2055   -0.423892
    2056   -0.423892
    2057   -0.422886
    2058   -0.422886
    2059   -0.421845
    2060   -0.421845
    2061   -0.420762
    2062   -0.420762
    2063   -0.419637
    2064   -0.419637
    2065   -0.418478
    2066   -0.418478
    2067   -0.417281
    2068   -0.417281
    2069   -0.416022
    2070   -0.416022
    2071   -0.414659
    2072   -0.414659
    2073   -0.413188
    2074   -0.413188
    2075   -0.411639
    2076   -0.411639
    2077   -0.410023
    2078   -0.410023
    2079   -0.408328
    2080   -0.408328
    2081   -0.406554
    2082   -0.406554
    2083   -0.404697
    2084   -0.404697
    2085   -0.402748
    2086   -0.402748
    2087   -0.400716
    2088   -0.400716
    2089   -0.398596
    2090   -0.398596
    2091   -0.396380
    2092   -0.396380
    2093   -0.394062
    2094   -0.394062
    2095   -0.391660
    2096   -0.391660
    2097   -0.389286
    2098   -0.389286
    2099   -0.387241
    2100   -0.387241
    2101   -0.385891
    2102   -0.385891
    2103   -0.385198
    2104   -0.385198
    2105   -0.384783
    2106   -0.384783
    2107   -0.384371
    2108   -0.384371
    2109   -0.383861
    2110   -0.383861
    2111   -0.383221
    2112   -0.383221
    2113   -0.382414
    2114   -0.382414
    2115   -0.381393
    2116   -0.381393
    2117   -0.380164
    2118   -0.380164
    2119   -0.378755
    2120   -0.378755
    2121   -0.377164
    2122   -0.377164
    2123   -0.375398
    2124   -0.375398
    2125   -0.373453
    2126   -0.373453
    2127   -0.371301
    2128   -0.371301
    2129   -0.368928
    2130   -0.368928
    2131   -0.366327
    2132   -0.366327
    2133   -0.363503
    2134   -0.363503
    2135   -0.360450
    2136   -0.360450
    2137   -0.357179
    2138   -0.357179
    2139   -0.353665
    2140   -0.353665
    2141   -0.349849
    2142   -0.349849
    2143   -0.345689
    2144   -0.345689
    2145   -0.341113
    2146   -0.341113
    2147   -0.336113
    2148   -0.336113
    2149   -0.330670
    2150   -0.330670
    2151   -0.324669
    2152   -0.324669
    2153   -0.317985
    2154   -0.317985
    2155   -0.310497
    2156   -0.310497
    2157   -0.302112
    2158   -0.302112
    2159   -0.292715
    2160   -0.292715
    2161   -0.282186
    2162   -0.282186
    2163   -0.270558
    2164   -0.270558
    2165   -0.257356
    2166   -0.257356
    2167   -0.241693
    2168   -0.241693
    2169   -0.223163
    2170   -0.223163
    2171   -0.201339
    2172   -0.201339
    2173   -0.175846
    2174   -0.175846
    2175   -0.148094
    2176   -0.148094
    2177   -0.125401
    2178   -0.125401
    2179   -0.557522
    2180   -0.557522
    2181   -0.556536
    2182   -0.556536
    2183   -0.555145
    2184   -0.555145
    2185   -0.553917
    2186   -0.553917
    2187   -0.552749
    2188   -0.552749
    2189   -0.551595
    2190   -0.551595
    2191   -0.550535
    2192   -0.550535
    2193   -0.549583
    2194   -0.549583
    2195   -0.548696
    2196   -0.548696
    2197   -0.547851
    2198   -0.547851
    2199   -0.547049
    2200   -0.547049
    2201   -0.546298
    2202   -0.546298
    2203   -0.545593
    2204   -0.545593
    2205   -0.544914
    2206   -0.544914
    2207   -0.544243
    2208   -0.544243
    2209   -0.543571
    2210   -0.543571
    2211   -0.542894
    2212   -0.542894
    2213   -0.542202
    2214   -0.542202
    2215   -0.541488
    2216   -0.541488
    2217   -0.540753
    2218   -0.540753
    2219   -0.539999
    2220   -0.539999
    2221   -0.539232
    2222   -0.539232
    2223   -0.538459
    2224   -0.538459
    2225   -0.537690
    2226   -0.537690
    2227   -0.536924
    2228   -0.536924
    2229   -0.536152
    2230   -0.536152
    2231   -0.535370
    2232   -0.535370
    2233   -0.534568
    2234   -0.534568
    2235   -0.533741
    2236   -0.533741
    2237   -0.532883
    2238   -0.532883
    2239   -0.531988
    2240   -0.531988
    2241   -0.531050
    2242   -0.531050
    2243   -0.530067
    2244   -0.530067
    2245   -0.529045
    2246   -0.529045
    2247   -0.527987
    2248   -0.527987
    2249   -0.526896
    2250   -0.526896
    2251   -0.525778
    2252   -0.525778
    2253   -0.524636
    2254   -0.524636
    2255   -0.523464
    2256   -0.523464
    2257   -0.522254
    2258   -0.522254
    2259   -0.521005
    2260   -0.521005
    2261   -0.519720
    2262   -0.519720
    2263   -0.518408
    2264   -0.518408
    2265   -0.517069
    2266   -0.517069
    2267   -0.515656
    2268   -0.515656
    2269   -0.514083
    2270   -0.514083
    2271   -0.512366
    2272   -0.512366
    2273   -0.510580
    2274   -0.510580
    2275   -0.508743
    2276   -0.508743
    2277   -0.506837
    2278   -0.506837
    2279   -0.504851
    2280   -0.504851
    2281   -0.502791
    2282   -0.502791
    2283   -0.500650
    2284   -0.500650
    2285   -0.498421
    2286   -0.498421
    2287   -0.496099
    2288   -0.496099
    2289   -0.493667
    2290   -0.493667
    2291   -0.491120
    2292   -0.491120
    2293   -0.488496
    2294   -0.488496
    2295   -0.485907
    2296   -0.485907
    2297   -0.483708
    2298   -0.483708
    2299   -0.482281
    2300   -0.482281
    2301   -0.481527
    2302   -0.481527
    2303   -0.481071
    2304   -0.481071
    2305   -0.480644
    2306   -0.480644
    2307   -0.480081
    2308   -0.480081
    2309   -0.479329
    2310   -0.479329
    2311   -0.478376
    2312   -0.478376
    2313   -0.477162
    2314   -0.477162
    2315   -0.475680
    2316   -0.475680
    2317   -0.473965
    2318   -0.473965
    2319   -0.472042
    2320   -0.472042
    2321   -0.469921
    2322   -0.469921
    2323   -0.467560
    2324   -0.467560
    2325   -0.464934
    2326   -0.464934
    2327   -0.462045
    2328   -0.462045
    2329   -0.458886
    2330   -0.458886
    2331   -0.455469
    2332   -0.455469
    2333   -0.451796
    2334   -0.451796
    2335   -0.447839
    2336   -0.447839
    2337   -0.443579
    2338   -0.443579
    2339   -0.438985
    2340   -0.438985
    2341   -0.434010
    2342   -0.434010
    2343   -0.428554
    2344   -0.428554
    2345   -0.422573
    2346   -0.422573
    2347   -0.416020
    2348   -0.416020
    2349   -0.408782
    2350   -0.408782
    2351   -0.400812
    2352   -0.400812
    2353   -0.391998
    2354   -0.391998
    2355   -0.382158
    2356   -0.382158
    2357   -0.371105
    2358   -0.371105
    2359   -0.358475
    2360   -0.358475
    2361   -0.344310
    2362   -0.344310
    2363   -0.328485
    2364   -0.328485
    2365   -0.309894
    2366   -0.309894
    2367   -0.287679
    2368   -0.287679
    2369   -0.261041
    2370   -0.261041
    2371   -0.229393
    2372   -0.229393
    2373   -0.194473
    2374   -0.194473
    2375   -0.165577
    2376   -0.165577
    2377   -0.697336
    2378   -0.697336
    2379   -0.696682
    2380   -0.696682
    2381   -0.695662
    2382   -0.695662
    2383   -0.694645
    2384   -0.694645
    2385   -0.693569
    2386   -0.693569
    2387   -0.692422
    2388   -0.692422
    2389   -0.691360
    2390   -0.691360
    2391   -0.690400
    2392   -0.690400
    2393   -0.689471
    2394   -0.689471
    2395   -0.688546
    2396   -0.688546
    2397   -0.687634
    2398   -0.687634
    2399   -0.686756
    2400   -0.686756
    2401   -0.685914
    2402   -0.685914
    2403   -0.685094
    2404   -0.685094
    2405   -0.684284
    2406   -0.684284
    2407   -0.683477
    2408   -0.683477
    2409   -0.682668
    2410   -0.682668
    2411   -0.681845
    2412   -0.681845
    2413   -0.680997
    2414   -0.680997
    2415   -0.680122
    2416   -0.680122
    2417   -0.679227
    2418   -0.679227
    2419   -0.678321
    2420   -0.678321
    2421   -0.677411
    2422   -0.677411
    2423   -0.676499
    2424   -0.676499
    2425   -0.675581
    2426   -0.675581
    2427   -0.674654
    2428   -0.674654
    2429   -0.673716
    2430   -0.673716
    2431   -0.672762
    2432   -0.672762
    2433   -0.671783
    2434   -0.671783
    2435   -0.670770
    2436   -0.670770
    2437   -0.669717
    2438   -0.669717
    2439   -0.668616
    2440   -0.668616
    2441   -0.667466
    2442   -0.667466
    2443   -0.666265
    2444   -0.666265
    2445   -0.665016
    2446   -0.665016
    2447   -0.663722
    2448   -0.663722
    2449   -0.662388
    2450   -0.662388
    2451   -0.661022
    2452   -0.661022
    2453   -0.659620
    2454   -0.659620
    2455   -0.658176
    2456   -0.658176
    2457   -0.656693
    2458   -0.656693
    2459   -0.655173
    2460   -0.655173
    2461   -0.653617
    2462   -0.653617
    2463   -0.652030
    2464   -0.652030
    2465   -0.650360
    2466   -0.650360
    2467   -0.648522
    2468   -0.648522
    2469   -0.646531
    2470   -0.646531
    2471   -0.644467
    2472   -0.644467
    2473   -0.642351
    2474   -0.642351
    2475   -0.640163
    2476   -0.640163
    2477   -0.637890
    2478   -0.637890
    2479   -0.635544
    2480   -0.635544
    2481   -0.633113
    2482   -0.633113
    2483   -0.630566
    2484   -0.630566
    2485   -0.627887
    2486   -0.627887
    2487   -0.625065
    2488   -0.625065
    2489   -0.622117
    2490   -0.622117
    2491   -0.619095
    2492   -0.619095
    2493   -0.616109
    2494   -0.616109
    2495   -0.613567
    2496   -0.613567
    2497   -0.611919
    2498   -0.611919
    2499   -0.611017
    2500   -0.611017
    2501   -0.610421
    2502   -0.610421
    2503   -0.609845
    2504   -0.609845
    2505   -0.609089
    2506   -0.609089
    2507   -0.608090
    2508   -0.608090
    2509   -0.606841
    2510   -0.606841
    2511   -0.605288
    2512   -0.605288
    2513   -0.603398
    2514   -0.603398
    2515   -0.601224
    2516   -0.601224
    2517   -0.598827
    2518   -0.598827
    2519   -0.596170
    2520   -0.596170
    2521   -0.593187
    2522   -0.593187
    2523   -0.589879
    2524   -0.589879
    2525   -0.586260
    2526   -0.586260
    2527   -0.582332
    2528   -0.582332
    2529   -0.578094
    2530   -0.578094
    2531   -0.573520
    2532   -0.573520
    2533   -0.568563
    2534   -0.568563
    2535   -0.563238
    2536   -0.563238
    2537   -0.557514
    2538   -0.557514
    2539   -0.551323
    2540   -0.551323
    2541   -0.544582
    2542   -0.544582
    2543   -0.537182
    2544   -0.537182
    2545   -0.529039
    2546   -0.529039
    2547   -0.520103
    2548   -0.520103
    2549   -0.510361
    2550   -0.510361
    2551   -0.499695
    2552   -0.499695
    2553   -0.487897
    2554   -0.487897
    2555   -0.474751
    2556   -0.474751
    2557   -0.459637
    2558   -0.459637
    2559   -0.442252
    2560   -0.442252
    2561   -0.422699
    2562   -0.422699
    2563   -0.400293
    2564   -0.400293
    2565   -0.373883
    2566   -0.373883
    2567   -0.341783
    2568   -0.341783
    2569   -0.302998
    2570   -0.302998
    2571   -0.259482
    2572   -0.259482
    2573   -0.222843
    2574   -0.222843
    2575   -0.883918
    2576   -0.883918
    2577   -0.883890
    2578   -0.883890
    2579   -0.883604
    2580   -0.883604
    2581   -0.882965
    2582   -0.882965
    2583   -0.882070
    2584   -0.882070
    2585   -0.881057
    2586   -0.881057
    2587   -0.880088
    2588   -0.880088
    2589   -0.879157
    2590   -0.879157
    2591   -0.878214
    2592   -0.878214
    2593   -0.877245
    2594   -0.877245
    2595   -0.876259
    2596   -0.876259
    2597   -0.875263
    2598   -0.875263
    2599   -0.874265
    2600   -0.874265
    2601   -0.873277
    2602   -0.873277
    2603   -0.872299
    2604   -0.872299
    2605   -0.871321
    2606   -0.871321
    2607   -0.870338
    2608   -0.870338
    2609   -0.869343
    2610   -0.869343
    2611   -0.868324
    2612   -0.868324
    2613   -0.867272
    2614   -0.867272
    2615   -0.866192
    2616   -0.866192
    2617   -0.865097
    2618   -0.865097
    2619   -0.863993
    2620   -0.863993
    2621   -0.862875
    2622   -0.862875
    2623   -0.861740
    2624   -0.861740
    2625   -0.860594
    2626   -0.860594
    2627   -0.859432
    2628   -0.859432
    2629   -0.858250
    2630   -0.858250
    2631   -0.857039
    2632   -0.857039
    2633   -0.855785
    2634   -0.855785
    2635   -0.854485
    2636   -0.854485
    2637   -0.853136
    2638   -0.853136
    2639   -0.851733
    2640   -0.851733
    2641   -0.850265
    2642   -0.850265
    2643   -0.848734
    2644   -0.848734
    2645   -0.847147
    2646   -0.847147
    2647   -0.845507
    2648   -0.845507
    2649   -0.843817
    2650   -0.843817
    2651   -0.842079
    2652   -0.842079
    2653   -0.840291
    2654   -0.840291
    2655   -0.838457
    2656   -0.838457
    2657   -0.836567
    2658   -0.836567
    2659   -0.834613
    2660   -0.834613
    2661   -0.832597
    2662   -0.832597
    2663   -0.830496
    2664   -0.830496
    2665   -0.828275
    2666   -0.828275
    2667   -0.825937
    2668   -0.825937
    2669   -0.823505
    2670   -0.823505
    2671   -0.820989
    2672   -0.820989
    2673   -0.818388
    2674   -0.818388
    2675   -0.815688
    2676   -0.815688
    2677   -0.812882
    2678   -0.812882
    2679   -0.809954
    2680   -0.809954
    2681   -0.806862
    2682   -0.806862
    2683   -0.803576
    2684   -0.803576
    2685   -0.800095
    2686   -0.800095
    2687   -0.796449
    2688   -0.796449
    2689   -0.792685
    2690   -0.792685
    2691   -0.788911
    2692   -0.788911
    2693   -0.785566
    2694   -0.785566
    2695   -0.783249
    2696   -0.783249
    2697   -0.781849
    2698   -0.781849
    2699   -0.780761
    2700   -0.780761
    2701   -0.779606
    2702   -0.779606
    2703   -0.778220
    2704   -0.778220
    2705   -0.776563
    2706   -0.776563
    2707   -0.774621
    2708   -0.774621
    2709   -0.772388
    2710   -0.772388
    2711   -0.769806
    2712   -0.769806
    2713   -0.766865
    2714   -0.766865
    2715   -0.763645
    2716   -0.763645
    2717   -0.760094
    2718   -0.760094
    2719   -0.756161
    2720   -0.756161
    2721   -0.751850
    2722   -0.751850
    2723   -0.747160
    2724   -0.747160
    2725   -0.742098
    2726   -0.742098
    2727   -0.736627
    2728   -0.736627
    2729   -0.730705
    2730   -0.730705
    2731   -0.724302
    2732   -0.724302
    2733   -0.717421
    2734   -0.717421
    2735   -0.710013
    2736   -0.710013
    2737   -0.702018
    2738   -0.702018
    2739   -0.693409
    2740   -0.693409
    2741   -0.684030
    2742   -0.684030
    2743   -0.673751
    2744   -0.673751
    2745   -0.662550
    2746   -0.662550
    2747   -0.650349
    2748   -0.650349
    2749   -0.637018
    2750   -0.637018
    2751   -0.622376
    2752   -0.622376
    2753   -0.606138
    2754   -0.606138
    2755   -0.587753
    2756   -0.587753
    2757   -0.566775
    2758   -0.566775
    2759   -0.542759
    2760   -0.542759
    2761   -0.515259
    2762   -0.515259
    2763   -0.483361
    2764   -0.483361
    2765   -0.444501
    2766   -0.444501
    2767   -0.397351
    2768   -0.397351
    2769   -0.344065
    2770   -0.344065
    2771   -0.298578
    2772   -0.298578
    2773   -1.125036
    2774   -1.125036
    2775   -1.125809
    2776   -1.125809
    2777   -1.126421
    2778   -1.126421
    2779   -1.126034
    2780   -1.126034
    2781   -1.125150
    2782   -1.125150
    2783   -1.124240
    2784   -1.124240
    2785   -1.123370
    2786   -1.123370
    2787   -1.122461
    2788   -1.122461
    2789   -1.121480
    2790   -1.121480
    2791   -1.120438
    2792   -1.120438
    2793   -1.119345
    2794   -1.119345
    2795   -1.118199
    2796   -1.118199
    2797   -1.117004
    2798   -1.117004
    2799   -1.115790
    2800   -1.115790
    2801   -1.114573
    2802   -1.114573
    2803   -1.113356
    2804   -1.113356
    2805   -1.112130
    2806   -1.112130
    2807   -1.110884
    2808   -1.110884
    2809   -1.109611
    2810   -1.109611
    2811   -1.108308
    2812   -1.108308
    2813   -1.106974
    2814   -1.106974
    2815   -1.105610
    2816   -1.105610
    2817   -1.104217
    2818   -1.104217
    2819   -1.102795
    2820   -1.102795
    2821   -1.101345
    2822   -1.101345
    2823   -1.099868
    2824   -1.099868
    2825   -1.098359
    2826   -1.098359
    2827   -1.096808
    2828   -1.096808
    2829   -1.095213
    2830   -1.095213
    2831   -1.093571
    2832   -1.093571
    2833   -1.091877
    2834   -1.091877
    2835   -1.090128
    2836   -1.090128
    2837   -1.088316
    2838   -1.088316
    2839   -1.086432
    2840   -1.086432
    2841   -1.084473
    2842   -1.084473
    2843   -1.082440
    2844   -1.082440
    2845   -1.080330
    2846   -1.080330
    2847   -1.078150
    2848   -1.078150
    2849   -1.075901
    2850   -1.075901
    2851   -1.073585
    2852   -1.073585
    2853   -1.071198
    2854   -1.071198
    2855   -1.068726
    2856   -1.068726
    2857   -1.066149
    2858   -1.066149
    2859   -1.063468
    2860   -1.063468
    2861   -1.060699
    2862   -1.060699
    2863   -1.057869
    2864   -1.057869
    2865   -1.054964
    2866   -1.054964
    2867   -1.051936
    2868   -1.051936
    2869   -1.048774
    2870   -1.048774
    2871   -1.045502
    2872   -1.045502
    2873   -1.042100
    2874   -1.042100
    2875   -1.038533
    2876   -1.038533
    2877   -1.034783
    2878   -1.034783
    2879   -1.030809
    2880   -1.030809
    2881   -1.026576
    2882   -1.026576
    2883   -1.022084
    2884   -1.022084
    2885   -1.017353
    2886   -1.017353
    2887   -1.012420
    2888   -1.012420
    2889   -1.007441
    2890   -1.007441
    2891   -1.002876
    2892   -1.002876
    2893   -0.999410
    2894   -0.999410
    2895   -0.997048
    2896   -0.997048
    2897   -0.995022
    2898   -0.995022
    2899   -0.992808
    2900   -0.992808
    2901   -0.990286
    2902   -0.990286
    2903   -0.987446
    2904   -0.987446
    2905   -0.984286
    2906   -0.984286
    2907   -0.980882
    2908   -0.980882
    2909   -0.977187
    2910   -0.977187
    2911   -0.973057
    2912   -0.973057
    2913   -0.968487
    2914   -0.968487
    2915   -0.963481
    2916   -0.963481
    2917   -0.958034
    2918   -0.958034
    2919   -0.952125
    2920   -0.952125
    2921   -0.945747
    2922   -0.945747
    2923   -0.938890
    2924   -0.938890
    2925   -0.931472
    2926   -0.931472
    2927   -0.923453
    2928   -0.923453
    2929   -0.914814
    2930   -0.914814
    2931   -0.905517
    2932   -0.905517
    2933   -0.895526
    2934   -0.895526
    2935   -0.884801
    2936   -0.884801
    2937   -0.873316
    2938   -0.873316
    2939   -0.860918
    2940   -0.860918
    2941   -0.847443
    2942   -0.847443
    2943   -0.832825
    2944   -0.832825
    2945   -0.816916
    2946   -0.816916
    2947   -0.799563
    2948   -0.799563
    2949   -0.780577
    2950   -0.780577
    2951   -0.759626
    2952   -0.759626
    2953   -0.736288
    2954   -0.736288
    2955   -0.710143
    2956   -0.710143
    2957   -0.680161
    2958   -0.680161
    2959   -0.645593
    2960   -0.645593
    2961   -0.605540
    2962   -0.605540
    2963   -0.557375
    2964   -0.557375
    2965   -0.500055
    2966   -0.500055
    2967   -0.435778
    2968   -0.435778
    2969   -0.380844
    2970   -0.380844
    2971   -1.437480
    2972   -1.437480
    2973   -1.438388
    2974   -1.438388
    2975   -1.438855
    2976   -1.438855
    2977   -1.437961
    2978   -1.437961
    2979   -1.436822
    2980   -1.436822
    2981   -1.435881
    2982   -1.435881
    2983   -1.434936
    2984   -1.434936
    2985   -1.433910
    2986   -1.433910
    2987   -1.432779
    2988   -1.432779
    2989   -1.431551
    2990   -1.431551
    2991   -1.430235
    2992   -1.430235
    2993   -1.428828
    2994   -1.428828
    2995   -1.427337
    2996   -1.427337
    2997   -1.425786
    2998   -1.425786
    2999   -1.424201
    3000   -1.424201
    3001   -1.422607
    3002   -1.422607
    3003   -1.421000
    3004   -1.421000
    3005   -1.419353
    3006   -1.419353
    3007   -1.417667
    3008   -1.417667
    3009   -1.415960
    3010   -1.415960
    3011   -1.414226
    3012   -1.414226
    3013   -1.412437
    3014   -1.412437
    3015   -1.410587
    3016   -1.410587
    3017   -1.408685
    3018   -1.408685
    3019   -1.406731
    3020   -1.406731
    3021   -1.404719
    3022   -1.404719
    3023   -1.402639
    3024   -1.402639
    3025   -1.400481
    3026   -1.400481
    3027   -1.398250
    3028   -1.398250
    3029   -1.395960
    3030   -1.395960
    3031   -1.393613
    3032   -1.393613
    3033   -1.391193
    3034   -1.391193
    3035   -1.388695
    3036   -1.388695
    3037   -1.386118
    3038   -1.386118
    3039   -1.383455
    3040   -1.383455
    3041   -1.380688
    3042   -1.380688
    3043   -1.377810
    3044   -1.377810
    3045   -1.374827
    3046   -1.374827
    3047   -1.371744
    3048   -1.371744
    3049   -1.368559
    3050   -1.368559
    3051   -1.365263
    3052   -1.365263
    3053   -1.361839
    3054   -1.361839
    3055   -1.358268
    3056   -1.358268
    3057   -1.354536
    3058   -1.354536
    3059   -1.350697
    3060   -1.350697
    3061   -1.346842
    3062   -1.346842
    3063   -1.342936
    3064   -1.342936
    3065   -1.338864
    3066   -1.338864
    3067   -1.334590
    3068   -1.334590
    3069   -1.330131
    3070   -1.330131
    3071   -1.325476
    3072   -1.325476
    3073   -1.320590
    3074   -1.320590
    3075   -1.315457
    3076   -1.315457
    3077   -1.310043
    3078   -1.310043
    3079   -1.304323
    3080   -1.304323
    3081   -1.298302
    3082   -1.298302
    3083   -1.291954
    3084   -1.291954
    3085   -1.285277
    3086   -1.285277
    3087   -1.278524
    3088   -1.278524
    3089   -1.272262
    3090   -1.272262
    3091   -1.267219
    3092   -1.267219
    3093   -1.263411
    3094   -1.263411
    3095   -1.259942
    3096   -1.259942
    3097   -1.256206
    3098   -1.256206
    3099   -1.252109
    3100   -1.252109
    3101   -1.247607
    3102   -1.247607
    3103   -1.242676
    3104   -1.242676
    3105   -1.237363
    3106   -1.237363
    3107   -1.231691
    3108   -1.231691
    3109   -1.225536
    3110   -1.225536
    3111   -1.218729
    3112   -1.218729
    3113   -1.211298
    3114   -1.211298
    3115   -1.203293
    3116   -1.203293
    3117   -1.194667
    3118   -1.194667
    3119   -1.185418
    3120   -1.185418
    3121   -1.175508
    3122   -1.175508
    3123   -1.164854
    3124   -1.164854
    3125   -1.153430
    3126   -1.153430
    3127   -1.141184
    3128   -1.141184
    3129   -1.128015
    3130   -1.128015
    3131   -1.113921
    3132   -1.113921
    3133   -1.098869
    3134   -1.098869
    3135   -1.082763
    3136   -1.082763
    3137   -1.065461
    3138   -1.065461
    3139   -1.046793
    3140   -1.046793
    3141   -1.026606
    3142   -1.026606
    3143   -1.004698
    3144   -1.004698
    3145   -0.980856
    3146   -0.980856
    3147   -0.954833
    3148   -0.954833
    3149   -0.926290
    3150   -0.926290
    3151   -0.894699
    3152   -0.894699
    3153   -0.859471
    3154   -0.859471
    3155   -0.819580
    3156   -0.819580
    3157   -0.773968
    3158   -0.773968
    3159   -0.721092
    3160   -0.721092
    3161   -0.659052
    3162   -0.659052
    3163   -0.587640
    3164   -0.587640
    3165   -0.509256
    3166   -0.509256
    3167   -0.443356
    3168   -0.443356
    3169   -1.894562
    3170   -1.894562
    3171   -1.894614
    3172   -1.894614
    3173   -1.893734
    3174   -1.893734
    3175   -1.891691
    3176   -1.891691
    3177   -1.890007
    3178   -1.890007
    3179   -1.888796
    3180   -1.888796
    3181   -1.887539
    3182   -1.887539
    3183   -1.886175
    3184   -1.886175
    3185   -1.884678
    3186   -1.884678
    3187   -1.883037
    3188   -1.883037
    3189   -1.881254
    3190   -1.881254
    3191   -1.879339
    3192   -1.879339
    3193   -1.877303
    3194   -1.877303
    3195   -1.875163
    3196   -1.875163
    3197   -1.872944
    3198   -1.872944
    3199   -1.870678
    3200   -1.870678
    3201   -1.868367
    3202   -1.868367
    3203   -1.865994
    3204   -1.865994
    3205   -1.863569
    3206   -1.863569
    3207   -1.861119
    3208   -1.861119
    3209   -1.858633
    3210   -1.858633
    3211   -1.856070
    3212   -1.856070
    3213   -1.853413
    3214   -1.853413
    3215   -1.850659
    3216   -1.850659
    3217   -1.847802
    3218   -1.847802
    3219   -1.844831
    3220   -1.844831
    3221   -1.841738
    3222   -1.841738
    3223   -1.838519
    3224   -1.838519
    3225   -1.835182
    3226   -1.835182
    3227   -1.831747
    3228   -1.831747
    3229   -1.828220
    3230   -1.828220
    3231   -1.824588
    3232   -1.824588
    3233   -1.820851
    3234   -1.820851
    3235   -1.817008
    3236   -1.817008
    3237   -1.813048
    3238   -1.813048
    3239   -1.808949
    3240   -1.808949
    3241   -1.804696
    3242   -1.804696
    3243   -1.800278
    3244   -1.800278
    3245   -1.795699
    3246   -1.795699
    3247   -1.790962
    3248   -1.790962
    3249   -1.786050
    3250   -1.786050
    3251   -1.780947
    3252   -1.780947
    3253   -1.775635
    3254   -1.775635
    3255   -1.770095
    3256   -1.770095
    3257   -1.764400
    3258   -1.764400
    3259   -1.758681
    3260   -1.758681
    3261   -1.752888
    3262   -1.752888
    3263   -1.746858
    3264   -1.746858
    3265   -1.740522
    3266   -1.740522
    3267   -1.733874
    3268   -1.733874
    3269   -1.726910
    3270   -1.726910
    3271   -1.719620
    3272   -1.719620
    3273   -1.711998
    3274   -1.711998
    3275   -1.704043
    3276   -1.704043
    3277   -1.695748
    3278   -1.695748
    3279   -1.687090
    3280   -1.687090
    3281   -1.677993
    3282   -1.677993
    3283   -1.668394
    3284   -1.668394
    3285   -1.658519
    3286   -1.658519
    3287   -1.649176
    3288   -1.649176
    3289   -1.641485
    3290   -1.641485
    3291   -1.635371
    3292   -1.635371
    3293   -1.629567
    3294   -1.629567
    3295   -1.623407
    3296   -1.623407
    3297   -1.616849
    3298   -1.616849
    3299   -1.609731
    3300   -1.609731
    3301   -1.601925
    3302   -1.601925
    3303   -1.593373
    3304   -1.593373
    3305   -1.584147
    3306   -1.584147
    3307   -1.574256
    3308   -1.574256
    3309   -1.563475
    3310   -1.563475
    3311   -1.551799
    3312   -1.551799
    3313   -1.539288
    3314   -1.539288
    3315   -1.525890
    3316   -1.525890
    3317   -1.511562
    3318   -1.511562
    3319   -1.496236
    3320   -1.496236
    3321   -1.479881
    3322   -1.479881
    3323   -1.462479
    3324   -1.462479
    3325   -1.443914
    3326   -1.443914
    3327   -1.424013
    3328   -1.424013
    3329   -1.402743
    3330   -1.402743
    3331   -1.380077
    3332   -1.380077
    3333   -1.355861
    3334   -1.355861
    3335   -1.329913
    3336   -1.329913
    3337   -1.302053
    3338   -1.302053
    3339   -1.272027
    3340   -1.272027
    3341   -1.239516
    3342   -1.239516
    3343   -1.204180
    3344   -1.204180
    3345   -1.165669
    3346   -1.165669
    3347   -1.123560
    3348   -1.123560
    3349   -1.077116
    3350   -1.077116
    3351   -1.025445
    3352   -1.025445
    3353   -0.967505
    3354   -0.967505
    3355   -0.901971
    3356   -0.901971
    3357   -0.826845
    3358   -0.826845
    3359   -0.741027
    3360   -0.741027
    3361   -0.644807
    3362   -0.644807
    3363   -0.542481
    3364   -0.542481
    3365   -0.459381
    3366   -0.459381
    3367   -2.698007
    3368   -2.698007
    3369   -2.696007
    3370   -2.696007
    3371   -2.692545
    3372   -2.692545
    3373   -2.688918
    3374   -2.688918
    3375   -2.686430
    3376   -2.686430
    3377   -2.684585
    3378   -2.684585
    3379   -2.682700
    3380   -2.682700
    3381   -2.680648
    3382   -2.680648
    3383   -2.678389
    3384   -2.678389
    3385   -2.675895
    3386   -2.675895
    3387   -2.673169
    3388   -2.673169
    3389   -2.670235
    3390   -2.670235
    3391   -2.667115
    3392   -2.667115
    3393   -2.663829
    3394   -2.663829
    3395   -2.660393
    3396   -2.660393
    3397   -2.656816
    3398   -2.656816
    3399   -2.653114
    3400   -2.653114
    3401   -2.649321
    3402   -2.649321
    3403   -2.645467
    3404   -2.645467
    3405   -2.641562
    3406   -2.641562
    3407   -2.637587
    3408   -2.637587
    3409   -2.633506
    3410   -2.633506
    3411   -2.629284
    3412   -2.629284
    3413   -2.624885
    3414   -2.624885
    3415   -2.620284
    3416   -2.620284
    3417   -2.615472
    3418   -2.615472
    3419   -2.610446
    3420   -2.610446
    3421   -2.605216
    3422   -2.605216
    3423   -2.599789
    3424   -2.599789
    3425   -2.594175
    3426   -2.594175
    3427   -2.588385
    3428   -2.588385
    3429   -2.582432
    3430   -2.582432
    3431   -2.576315
    3432   -2.576315
    3433   -2.570028
    3434   -2.570028
    3435   -2.563555
    3436   -2.563555
    3437   -2.556882
    3438   -2.556882
    3439   -2.549987
    3440   -2.549987
    3441   -2.542829
    3442   -2.542829
    3443   -2.535393
    3444   -2.535393
    3445   -2.527691
    3446   -2.527691
    3447   -2.519707
    3448   -2.519707
    3449   -2.511416
    3450   -2.511416
    3451   -2.502800
    3452   -2.502800
    3453   -2.493854
    3454   -2.493854
    3455   -2.484668
    3456   -2.484668
    3457   -2.475373
    3458   -2.475373
    3459   -2.465895
    3460   -2.465895
    3461   -2.456034
    3462   -2.456034
    3463   -2.445688
    3464   -2.445688
    3465   -2.434831
    3466   -2.434831
    3467   -2.423460
    3468   -2.423460
    3469   -2.411584
    3470   -2.411584
    3471   -2.399218
    3472   -2.399218
    3473   -2.386404
    3474   -2.386404
    3475   -2.373138
    3476   -2.373138
    3477   -2.359336
    3478   -2.359336
    3479   -2.344883
    3480   -2.344883
    3481   -2.329722
    3482   -2.329722
    3483   -2.313892
    3484   -2.313892
    3485   -2.298376
    3486   -2.298376
    3487   -2.285260
    3488   -2.285260
    3489   -2.274701
    3490   -2.274701
    3491   -2.264786
    3492   -2.264786
    3493   -2.254458
    3494   -2.254458
    3495   -2.243461
    3496   -2.243461
    3497   -2.231509
    3498   -2.231509
    3499   -2.218422
    3500   -2.218422
    3501   -2.204116
    3502   -2.204116
    3503   -2.188618
    3504   -2.188618
    3505   -2.171938
    3506   -2.171938
    3507   -2.153923
    3508   -2.153923
    3509   -2.134539
    3510   -2.134539
    3511   -2.113798
    3512   -2.113798
    3513   -2.091627
    3514   -2.091627
    3515   -2.067930
    3516   -2.067930
    3517   -2.042617
    3518   -2.042617
    3519   -2.015669
    3520   -2.015669
    3521   -1.987034
    3522   -1.987034
    3523   -1.956556
    3524   -1.956556
    3525   -1.923997
    3526   -1.923997
    3527   -1.889208
    3528   -1.889208
    3529   -1.852113
    3530   -1.852113
    3531   -1.812530
    3532   -1.812530
    3533   -1.770197
    3534   -1.770197
    3535   -1.724846
    3536   -1.724846
    3537   -1.676089
    3538   -1.676089
    3539   -1.623414
    3540   -1.623414
    3541   -1.566220
    3542   -1.566220
    3543   -1.503922
    3544   -1.503922
    3545   -1.435832
    3546   -1.435832
    3547   -1.360945
    3548   -1.360945
    3549   -1.278004
    3550   -1.278004
    3551   -1.185508
    3552   -1.185508
    3553   -1.081527
    3554   -1.081527
    3555   -0.963771
    3556   -0.963771
    3557   -0.831300
    3558   -0.831300
    3559   -0.684527
    3560   -0.684527
    3561   -0.532992
    3562   -0.532992
    3563   -0.414173
    3564   -0.414173
    3565   -4.246766
    3566   -4.246766
    3567   -4.240356
    3568   -4.240356
    3569   -4.231424
    3570   -4.231424
    3571   -4.225110
    3572   -4.225110
    3573   -4.221603
    3574   -4.221603
    3575   -4.218689
    3576   -4.218689
    3577   -4.215596
    3578   -4.215596
    3579   -4.212183
    3580   -4.212183
    3581   -4.208401
    3582   -4.208401
    3583   -4.204218
    3584   -4.204218
    3585   -4.199640
    3586   -4.199640
    3587   -4.194704
    3588   -4.194704
    3589   -4.189455
    3590   -4.189455
    3591   -4.183918
    3592   -4.183918
    3593   -4.178097
    3594   -4.178097
    3595   -4.171961
    3596   -4.171961
    3597   -4.165542
    3598   -4.165542
    3599   -4.158978
    3600   -4.158978
    3601   -4.152342
    3602   -4.152342
    3603   -4.145611
    3604   -4.145611
    3605   -4.138742
    3606   -4.138742
    3607   -4.131696
    3608   -4.131696
    3609   -4.124413
    3610   -4.124413
    3611   -4.116817
    3612   -4.116817
    3613   -4.108847
    3614   -4.108847
    3615   -4.100474
    3616   -4.100474
    3617   -4.091718
    3618   -4.091718
    3619   -4.082604
    3620   -4.082604
    3621   -4.073141
    3622   -4.073141
    3623   -4.063324
    3624   -4.063324
    3625   -4.053177
    3626   -4.053177
    3627   -4.042754
    3628   -4.042754
    3629   -4.032055
    3630   -4.032055
    3631   -4.021056
    3632   -4.021056
    3633   -4.009737
    3634   -4.009737
    3635   -3.998087
    3636   -3.998087
    3637   -3.986077
    3638   -3.986077
    3639   -3.973639
    3640   -3.973639
    3641   -3.960705
    3642   -3.960705
    3643   -3.947284
    3644   -3.947284
    3645   -3.933385
    3646   -3.933385
    3647   -3.918947
    3648   -3.918947
    3649   -3.903950
    3650   -3.903950
    3651   -3.888421
    3652   -3.888421
    3653   -3.872489
    3654   -3.872489
    3655   -3.856315
    3656   -3.856315
    3657   -3.839758
    3658   -3.839758
    3659   -3.822495
    3660   -3.822495
    3661   -3.804385
    3662   -3.804385
    3663   -3.785389
    3664   -3.785389
    3665   -3.765522
    3666   -3.765522
    3667   -3.744823
    3668   -3.744823
    3669   -3.723314
    3670   -3.723314
    3671   -3.701076
    3672   -3.701076
    3673   -3.678096
    3674   -3.678096
    3675   -3.654209
    3676   -3.654209
    3677   -3.629254
    3678   -3.629254
    3679   -3.603190
    3680   -3.603190
    3681   -3.575813
    3682   -3.575813
    3683   -3.548291
    3684   -3.548291
    3685   -3.524331
    3686   -3.524331
    3687   -3.504874
    3688   -3.504874
    3689   -3.487451
    3690   -3.487451
    3691   -3.469954
    3692   -3.469954
    3693   -3.450764
    3694   -3.450764
    3695   -3.429539
    3696   -3.429539
    3697   -3.406494
    3698   -3.406494
    3699   -3.381462
    3700   -3.381462
    3701   -3.354347
    3702   -3.354347
    3703   -3.325064
    3704   -3.325064
    3705   -3.293514
    3706   -3.293514
    3707   -3.259648
    3708   -3.259648
    3709   -3.223411
    3710   -3.223411
    3711   -3.184663
    3712   -3.184663
    3713   -3.143243
    3714   -3.143243
    3715   -3.099029
    3716   -3.099029
    3717   -3.051947
    3718   -3.051947
    3719   -3.001881
    3720   -3.001881
    3721   -2.948644
    3722   -2.948644
    3723   -2.891872
    3724   -2.891872
    3725   -2.831197
    3726   -2.831197
    3727   -2.766394
    3728   -2.766394
    3729   -2.697299
    3730   -2.697299
    3731   -2.623558
    3732   -2.623558
    3733   -2.544558
    3734   -2.544558
    3735   -2.459697
    3736   -2.459697
    3737   -2.368214
    3738   -2.368214
    3739   -2.268967
    3740   -2.268967
    3741   -2.160871
    3742   -2.160871
    3743   -2.042692
    3744   -2.042692
    3745   -1.912915
    3746   -1.912915
    3747   -1.769650
    3748   -1.769650
    3749   -1.610364
    3750   -1.610364
    3751   -1.431718
    3752   -1.431718
    3753   -1.230410
    3754   -1.230410
    3755   -1.004513
    3756   -1.004513
    3757   -0.754108
    3758   -0.754108
    3759   -0.498024
    3760   -0.498024
    3761   -0.299583
    3762   -0.299583
    3763   -6.650076
    3764   -6.650076
    3765   -6.637213
    3766   -6.637213
    3767   -6.620271
    3768   -6.620271
    3769   -6.610314
    3770   -6.610314
    3771   -6.605436
    3772   -6.605436
    3773   -6.600908
    3774   -6.600908
    3775   -6.595970
    3776   -6.595970
    3777   -6.590450
    3778   -6.590450
    3779   -6.584306
    3780   -6.584306
    3781   -6.577518
    3782   -6.577518
    3783   -6.570094
    3784   -6.570094
    3785   -6.562073
    3786   -6.562073
    3787   -6.553535
    3788   -6.553535
    3789   -6.544528
    3790   -6.544528
    3791   -6.535037
    3792   -6.535037
    3793   -6.524970
    3794   -6.524970
    3795   -6.514382
    3796   -6.514382
    3797   -6.503570
    3798   -6.503570
    3799   -6.492676
    3800   -6.492676
    3801   -6.481627
    3802   -6.481627
    3803   -6.470337
    3804   -6.470337
    3805   -6.458756
    3806   -6.458756
    3807   -6.446782
    3808   -6.446782
    3809   -6.434305
    3810   -6.434305
    3811   -6.421200
    3812   -6.421200
    3813   -6.407394
    3814   -6.407394
    3815   -6.392943
    3816   -6.392943
    3817   -6.377897
    3818   -6.377897
    3819   -6.362274
    3820   -6.362274
    3821   -6.346042
    3822   -6.346042
    3823   -6.329254
    3824   -6.329254
    3825   -6.312020
    3826   -6.312020
    3827   -6.294343
    3828   -6.294343
    3829   -6.276169
    3830   -6.276169
    3831   -6.257466
    3832   -6.257466
    3833   -6.238219
    3834   -6.238219
    3835   -6.218403
    3836   -6.218403
    3837   -6.197916
    3838   -6.197916
    3839   -6.176594
    3840   -6.176594
    3841   -6.154445
    3842   -6.154445
    3843   -6.131528
    3844   -6.131528
    3845   -6.107707
    3846   -6.107707
    3847   -6.082955
    3848   -6.082955
    3849   -6.057350
    3850   -6.057350
    3851   -6.031086
    3852   -6.031086
    3853   -6.004435
    3854   -6.004435
    3855   -5.977139
    3856   -5.977139
    3857   -5.948612
    3858   -5.948612
    3859   -5.918659
    3860   -5.918659
    3861   -5.887241
    3862   -5.887241
    3863   -5.854407
    3864   -5.854407
    3865   -5.820246
    3866   -5.820246
    3867   -5.784772
    3868   -5.784772
    3869   -5.748114
    3870   -5.748114
    3871   -5.710253
    3872   -5.710253
    3873   -5.670914
    3874   -5.670914
    3875   -5.629835
    3876   -5.629835
    3877   -5.586909
    3878   -5.586909
    3879   -5.541536
    3880   -5.541536
    3881   -5.495393
    3882   -5.495393
    3883   -5.454796
    3884   -5.454796
    3885   -5.421669
    3886   -5.421669
    3887   -5.393085
    3888   -5.393085
    3889   -5.365345
    3890   -5.365345
    3891   -5.333885
    3892   -5.333885
    3893   -5.298476
    3894   -5.298476
    3895   -5.260361
    3896   -5.260361
    3897   -5.219086
    3898   -5.219086
    3899   -5.174360
    3900   -5.174360
    3901   -5.126016
    3902   -5.126016
    3903   -5.073961
    3904   -5.073961
    3905   -5.018114
    3906   -5.018114
    3907   -4.958375
    3908   -4.958375
    3909   -4.894479
    3910   -4.894479
    3911   -4.826154
    3912   -4.826154
    3913   -4.753221
    3914   -4.753221
    3915   -4.675503
    3916   -4.675503
    3917   -4.592845
    3918   -4.592845
    3919   -4.505020
    3920   -4.505020
    3921   -4.411391
    3922   -4.411391
    3923   -4.311263
    3924   -4.311263
    3925   -4.204161
    3926   -4.204161
    3927   -4.090035
    3928   -4.090035
    3929   -3.968435
    3930   -3.968435
    3931   -3.838051
    3932   -3.838051
    3933   -3.698015
    3934   -3.698015
    3935   -3.547295
    3936   -3.547295
    3937   -3.383832
    3938   -3.383832
    3939   -3.205788
    3940   -3.205788
    3941   -3.011143
    3942   -3.011143
    3943   -2.797568
    3944   -2.797568
    3945   -2.562069
    3946   -2.562069
    3947   -2.300467
    3948   -2.300467
    3949   -2.007046
    3950   -2.007046
    3951   -1.676575
    3952   -1.676575
    3953   -1.304917
    3954   -1.304917
    3955   -0.889783
    3956   -0.889783
    3957   -0.461543
    3958   -0.461543
    3959   -0.127845
    3960   -0.127845
