       1   -0.021996
       2   -0.021996
       3   -0.021812
       4   -0.021812
       5   -0.021592
       6   -0.021592
       7   -0.021540
       8   -0.021540
       9   -0.021579
      10   -0.021579
      11   -0.021593
      12   -0.021593
      13   -0.021590
      14   -0.021590
      15   -0.021586
      16   -0.021586
      17   -0.021583
      18   -0.021583
      19   -0.021580
      20   -0.021580
      21   -0.021576
      22   -0.021576
      23   -0.021567
      24   -0.021567
      25   -0.021552
      26   -0.021552
      27   -0.021533
      28   -0.021533
      29   -0.021511
      30   -0.021511
      31   -0.021485
      32   -0.021485
      33   -0.021456
      34   -0.021456
      35   -0.021426
      36   -0.021426
      37   -0.021392
      38   -0.021392
      39   -0.021356
      40   -0.021356
      41   -0.021320
      42   -0.021320
      43   -0.021283
      44   -0.021283
      45   -0.021245
      46   -0.021245
      47   -0.021203
      48   -0.021203
      49   -0.021159
      50   -0.021159
      51   -0.021118
      52   -0.021118
      53   -0.021076
      54   -0.021076
      55   -0.021030
      56   -0.021030
      57   -0.020981
      58   -0.020981
      59   -0.020929
      60   -0.020929
      61   -0.020877
      62   -0.020877
      63   -0.020823
      64   -0.020823
      65   -0.020767
      66   -0.020767
      67   -0.020711
      68   -0.020711
      69   -0.020654
      70   -0.020654
      71   -0.020595
      72   -0.020595
      73   -0.020532
      74   -0.020532
      75   -0.020461
      76   -0.020461
      77   -0.020383
      78   -0.020383
      79   -0.020303
      80   -0.020303
      81   -0.020222
      82   -0.020222
      83   -0.020139
      84   -0.020139
      85   -0.020051
      86   -0.020051
      87   -0.019951
      88   -0.019951
      89   -0.019846
      90   -0.019846
      91   -0.019737
      92   -0.019737
      93   -0.019619
      94   -0.019619
      95   -0.019503
      96   -0.019503
      97   -0.019382
      98   -0.019382
      99   -0.019246
     100   -0.019246
     101   -0.019106
     102   -0.019106
     103   -0.018965
     104   -0.018965
     105   -0.018798
     106   -0.018798
     107   -0.018589
     108   -0.018589
     109   -0.018337
     110   -0.018337
     111   -0.018041
     112   -0.018041
     113   -0.017705
     114   -0.017705
     115   -0.017330
     116   -0.017330
     117   -0.016917
     118   -0.016917
     119   -0.016617
     120   -0.016617
     121   -0.016559
     122   -0.016559
     123   -0.016629
     124   -0.016629
     125   -0.016710
     126   -0.016710
     127   -0.016770
     128   -0.016770
     129   -0.016796
     130   -0.016796
     131   -0.016784
     132   -0.016784
     133   -0.016744
     134   -0.016744
     135   -0.016689
     136   -0.016689
     137   -0.016613
     138   -0.016613
     139   -0.016517
     140   -0.016517
     141   -0.016401
     142   -0.016401
     143   -0.016268
     144   -0.016268
     145   -0.016123
     146   -0.016123
     147   -0.015969
     148   -0.015969
     149   -0.015793
     150   -0.015793
     151   -0.015596
     152   -0.015596
     153   -0.015390
     154   -0.015390
     155   -0.015161
     156   -0.015161
     157   -0.014902
     158   -0.014902
     159   -0.014614
     160   -0.014614
     161   -0.014303
     162   -0.014303
     163   -0.013973
     164   -0.013973
     165   -0.013574
     166   -0.013574
     167   -0.013076
     168   -0.013076
     169   -0.012508
     170   -0.012508
     171   -0.011883
     172   -0.011883
     173   -0.011167
     174   -0.011167
     175   -0.010329
     176   -0.010329
     177   -0.009372
     178   -0.009372
     179   -0.008305
     180   -0.008305
     181   -0.007084
     182   -0.007084
     183   -0.005771
     184   -0.005771
     185   -0.004434
     186   -0.004434
     187   -0.003064
     188   -0.003064
     189   -0.001685
     190   -0.001685
     191   -0.000560
     192   -0.000560
     193    0.001160
     194    0.001160
     195    0.005090
     196    0.005090
     197    0.009313
     198    0.009313
     199   -0.062674
     200   -0.062674
     201   -0.062327
     202   -0.062327
     203   -0.061951
     204   -0.061951
     205   -0.061899
     206   -0.061899
     207   -0.061977
     208   -0.061977
     209   -0.061995
     210   -0.061995
     211   -0.061986
     212   -0.061986
     213   -0.061973
     214   -0.061973
     215   -0.061963
     216   -0.061963
     217   -0.061950
     218   -0.061950
     219   -0.061931
     220   -0.061931
     221   -0.061903
     222   -0.061903
     223   -0.061861
     224   -0.061861
     225   -0.061808
     226   -0.061808
     227   -0.061746
     228   -0.061746
     229   -0.061674
     230   -0.061674
     231   -0.061593
     232   -0.061593
     233   -0.061505
     234   -0.061505
     235   -0.061410
     236   -0.061410
     237   -0.061309
     238   -0.061309
     239   -0.061204
     240   -0.061204
     241   -0.061098
     242   -0.061098
     243   -0.060988
     244   -0.060988
     245   -0.060871
     246   -0.060871
     247   -0.060750
     248   -0.060750
     249   -0.060632
     250   -0.060632
     251   -0.060512
     252   -0.060512
     253   -0.060382
     254   -0.060382
     255   -0.060243
     256   -0.060243
     257   -0.060099
     258   -0.060099
     259   -0.059951
     260   -0.059951
     261   -0.059798
     262   -0.059798
     263   -0.059642
     264   -0.059642
     265   -0.059483
     266   -0.059483
     267   -0.059323
     268   -0.059323
     269   -0.059160
     270   -0.059160
     271   -0.058985
     272   -0.058985
     273   -0.058785
     274   -0.058785
     275   -0.058566
     276   -0.058566
     277   -0.058339
     278   -0.058339
     279   -0.058106
     280   -0.058106
     281   -0.057869
     282   -0.057869
     283   -0.057619
     284   -0.057619
     285   -0.057342
     286   -0.057342
     287   -0.057054
     288   -0.057054
     289   -0.056754
     290   -0.056754
     291   -0.056430
     292   -0.056430
     293   -0.056100
     294   -0.056100
     295   -0.055753
     296   -0.055753
     297   -0.055371
     298   -0.055371
     299   -0.054983
     300   -0.054983
     301   -0.054591
     302   -0.054591
     303   -0.054131
     304   -0.054131
     305   -0.053551
     306   -0.053551
     307   -0.052853
     308   -0.052853
     309   -0.052042
     310   -0.052042
     311   -0.051133
     312   -0.051133
     313   -0.050111
     314   -0.050111
     315   -0.048989
     316   -0.048989
     317   -0.048177
     318   -0.048177
     319   -0.048009
     320   -0.048009
     321   -0.048195
     322   -0.048195
     323   -0.048425
     324   -0.048425
     325   -0.048597
     326   -0.048597
     327   -0.048675
     328   -0.048675
     329   -0.048649
     330   -0.048649
     331   -0.048556
     332   -0.048556
     333   -0.048419
     334   -0.048419
     335   -0.048223
     336   -0.048223
     337   -0.047974
     338   -0.047974
     339   -0.047670
     340   -0.047670
     341   -0.047317
     342   -0.047317
     343   -0.046928
     344   -0.046928
     345   -0.046507
     346   -0.046507
     347   -0.046020
     348   -0.046020
     349   -0.045479
     350   -0.045479
     351   -0.044916
     352   -0.044916
     353   -0.044288
     354   -0.044288
     355   -0.043571
     356   -0.043571
     357   -0.042771
     358   -0.042771
     359   -0.041905
     360   -0.041905
     361   -0.040980
     362   -0.040980
     363   -0.039876
     364   -0.039876
     365   -0.038533
     366   -0.038533
     367   -0.037007
     368   -0.037007
     369   -0.035324
     370   -0.035324
     371   -0.033392
     372   -0.033392
     373   -0.031123
     374   -0.031123
     375   -0.028545
     376   -0.028545
     377   -0.025672
     378   -0.025672
     379   -0.022398
     380   -0.022398
     381   -0.018902
     382   -0.018902
     383   -0.015373
     384   -0.015373
     385   -0.011867
     386   -0.011867
     387   -0.008471
     388   -0.008471
     389   -0.005600
     390   -0.005600
     391   -0.001592
     392   -0.001592
     393    0.006163
     394    0.006163
     395    0.013790
     396    0.013790
     397   -0.097903
     398   -0.097903
     399   -0.097624
     400   -0.097624
     401   -0.097388
     402   -0.097388
     403   -0.097436
     404   -0.097436
     405   -0.097528
     406   -0.097528
     407   -0.097539
     408   -0.097539
     409   -0.097526
     410   -0.097526
     411   -0.097505
     412   -0.097505
     413   -0.097484
     414   -0.097484
     415   -0.097454
     416   -0.097454
     417   -0.097414
     418   -0.097414
     419   -0.097361
     420   -0.097361
     421   -0.097294
     422   -0.097294
     423   -0.097212
     424   -0.097212
     425   -0.097117
     426   -0.097117
     427   -0.097006
     428   -0.097006
     429   -0.096881
     430   -0.096881
     431   -0.096744
     432   -0.096744
     433   -0.096597
     434   -0.096597
     435   -0.096440
     436   -0.096440
     437   -0.096277
     438   -0.096277
     439   -0.096109
     440   -0.096109
     441   -0.095938
     442   -0.095938
     443   -0.095760
     444   -0.095760
     445   -0.095578
     446   -0.095578
     447   -0.095395
     448   -0.095395
     449   -0.095205
     450   -0.095205
     451   -0.095003
     452   -0.095003
     453   -0.094791
     454   -0.094791
     455   -0.094570
     456   -0.094570
     457   -0.094343
     458   -0.094343
     459   -0.094109
     460   -0.094109
     461   -0.093870
     462   -0.093870
     463   -0.093626
     464   -0.093626
     465   -0.093382
     466   -0.093382
     467   -0.093137
     468   -0.093137
     469   -0.092876
     470   -0.092876
     471   -0.092573
     472   -0.092573
     473   -0.092234
     474   -0.092234
     475   -0.091882
     476   -0.091882
     477   -0.091518
     478   -0.091518
     479   -0.091150
     480   -0.091150
     481   -0.090767
     482   -0.090767
     483   -0.090354
     484   -0.090354
     485   -0.089926
     486   -0.089926
     487   -0.089479
     488   -0.089479
     489   -0.088995
     490   -0.088995
     491   -0.088486
     492   -0.088486
     493   -0.087943
     494   -0.087943
     495   -0.087362
     496   -0.087362
     497   -0.086774
     498   -0.086774
     499   -0.086174
     500   -0.086174
     501   -0.085473
     502   -0.085473
     503   -0.084595
     504   -0.084595
     505   -0.083554
     506   -0.083554
     507   -0.082378
     508   -0.082378
     509   -0.081074
     510   -0.081074
     511   -0.079618
     512   -0.079618
     513   -0.078065
     514   -0.078065
     515   -0.076928
     516   -0.076928
     517   -0.076624
     518   -0.076624
     519   -0.076850
     520   -0.076850
     521   -0.077185
     522   -0.077185
     523   -0.077447
     524   -0.077447
     525   -0.077568
     526   -0.077568
     527   -0.077542
     528   -0.077542
     529   -0.077423
     530   -0.077423
     531   -0.077238
     532   -0.077238
     533   -0.076971
     534   -0.076971
     535   -0.076626
     536   -0.076626
     537   -0.076204
     538   -0.076204
     539   -0.075711
     540   -0.075711
     541   -0.075152
     542   -0.075152
     543   -0.074527
     544   -0.074527
     545   -0.073812
     546   -0.073812
     547   -0.073031
     548   -0.073031
     549   -0.072208
     550   -0.072208
     551   -0.071289
     552   -0.071289
     553   -0.070241
     554   -0.070241
     555   -0.069062
     556   -0.069062
     557   -0.067773
     558   -0.067773
     559   -0.066379
     560   -0.066379
     561   -0.064774
     562   -0.064774
     563   -0.062902
     564   -0.062902
     565   -0.060780
     566   -0.060780
     567   -0.058435
     568   -0.058435
     569   -0.055745
     570   -0.055745
     571   -0.052587
     572   -0.052587
     573   -0.049015
     574   -0.049015
     575   -0.045014
     576   -0.045014
     577   -0.040496
     578   -0.040496
     579   -0.035683
     580   -0.035683
     581   -0.030828
     582   -0.030828
     583   -0.026088
     584   -0.026088
     585   -0.021453
     586   -0.021453
     587   -0.016328
     588   -0.016328
     589   -0.009730
     590   -0.009730
     591   -0.002162
     592   -0.002162
     593    0.003401
     594    0.003401
     595   -0.130764
     596   -0.130764
     597   -0.130494
     598   -0.130494
     599   -0.130280
     600   -0.130280
     601   -0.130349
     602   -0.130349
     603   -0.130460
     604   -0.130460
     605   -0.130487
     606   -0.130487
     607   -0.130479
     608   -0.130479
     609   -0.130452
     610   -0.130452
     611   -0.130414
     612   -0.130414
     613   -0.130362
     614   -0.130362
     615   -0.130295
     616   -0.130295
     617   -0.130213
     618   -0.130213
     619   -0.130114
     620   -0.130114
     621   -0.129999
     622   -0.129999
     623   -0.129870
     624   -0.129870
     625   -0.129724
     626   -0.129724
     627   -0.129560
     628   -0.129560
     629   -0.129379
     630   -0.129379
     631   -0.129185
     632   -0.129185
     633   -0.128977
     634   -0.128977
     635   -0.128761
     636   -0.128761
     637   -0.128538
     638   -0.128538
     639   -0.128312
     640   -0.128312
     641   -0.128081
     642   -0.128081
     643   -0.127844
     644   -0.127844
     645   -0.127601
     646   -0.127601
     647   -0.127347
     648   -0.127347
     649   -0.127081
     650   -0.127081
     651   -0.126803
     652   -0.126803
     653   -0.126516
     654   -0.126516
     655   -0.126219
     656   -0.126219
     657   -0.125913
     658   -0.125913
     659   -0.125600
     660   -0.125600
     661   -0.125282
     662   -0.125282
     663   -0.124962
     664   -0.124962
     665   -0.124644
     666   -0.124644
     667   -0.124309
     668   -0.124309
     669   -0.123919
     670   -0.123919
     671   -0.123479
     672   -0.123479
     673   -0.123017
     674   -0.123017
     675   -0.122545
     676   -0.122545
     677   -0.122067
     678   -0.122067
     679   -0.121570
     680   -0.121570
     681   -0.121046
     682   -0.121046
     683   -0.120499
     684   -0.120499
     685   -0.119923
     686   -0.119923
     687   -0.119303
     688   -0.119303
     689   -0.118636
     690   -0.118636
     691   -0.117925
     692   -0.117925
     693   -0.117172
     694   -0.117172
     695   -0.116389
     696   -0.116389
     697   -0.115561
     698   -0.115561
     699   -0.114605
     700   -0.114605
     701   -0.113463
     702   -0.113463
     703   -0.112164
     704   -0.112164
     705   -0.110735
     706   -0.110735
     707   -0.109163
     708   -0.109163
     709   -0.107445
     710   -0.107445
     711   -0.105715
     712   -0.105715
     713   -0.104413
     714   -0.104413
     715   -0.103943
     716   -0.103943
     717   -0.104117
     718   -0.104117
     719   -0.104478
     720   -0.104478
     721   -0.104783
     722   -0.104783
     723   -0.104933
     724   -0.104933
     725   -0.104916
     726   -0.104916
     727   -0.104782
     728   -0.104782
     729   -0.104552
     730   -0.104552
     731   -0.104223
     732   -0.104223
     733   -0.103798
     734   -0.103798
     735   -0.103287
     736   -0.103287
     737   -0.102691
     738   -0.102691
     739   -0.102001
     740   -0.102001
     741   -0.101214
     742   -0.101214
     743   -0.100336
     744   -0.100336
     745   -0.099386
     746   -0.099386
     747   -0.098361
     748   -0.098361
     749   -0.097213
     750   -0.097213
     751   -0.095922
     752   -0.095922
     753   -0.094475
     754   -0.094475
     755   -0.092884
     756   -0.092884
     757   -0.091145
     758   -0.091145
     759   -0.089224
     760   -0.089224
     761   -0.087077
     762   -0.087077
     763   -0.084653
     764   -0.084653
     765   -0.081984
     766   -0.081984
     767   -0.078944
     768   -0.078944
     769   -0.075400
     770   -0.075400
     771   -0.071405
     772   -0.071405
     773   -0.066895
     774   -0.066895
     775   -0.061840
     776   -0.061840
     777   -0.056367
     778   -0.056367
     779   -0.050815
     780   -0.050815
     781   -0.045321
     782   -0.045321
     783   -0.039380
     784   -0.039380
     785   -0.030891
     786   -0.030891
     787   -0.020072
     788   -0.020072
     789   -0.011524
     790   -0.011524
     791   -0.006856
     792   -0.006856
     793   -0.164426
     794   -0.164426
     795   -0.164048
     796   -0.164048
     797   -0.163683
     798   -0.163683
     799   -0.163715
     800   -0.163715
     801   -0.163886
     802   -0.163886
     803   -0.163962
     804   -0.163962
     805   -0.163965
     806   -0.163965
     807   -0.163923
     808   -0.163923
     809   -0.163858
     810   -0.163858
     811   -0.163774
     812   -0.163774
     813   -0.163674
     814   -0.163674
     815   -0.163555
     816   -0.163555
     817   -0.163417
     818   -0.163417
     819   -0.163262
     820   -0.163262
     821   -0.163091
     822   -0.163091
     823   -0.162905
     824   -0.162905
     825   -0.162702
     826   -0.162702
     827   -0.162479
     828   -0.162479
     829   -0.162239
     830   -0.162239
     831   -0.161981
     832   -0.161981
     833   -0.161713
     834   -0.161713
     835   -0.161437
     836   -0.161437
     837   -0.161157
     838   -0.161157
     839   -0.160873
     840   -0.160873
     841   -0.160581
     842   -0.160581
     843   -0.160279
     844   -0.160279
     845   -0.159964
     846   -0.159964
     847   -0.159637
     848   -0.159637
     849   -0.159297
     850   -0.159297
     851   -0.158944
     852   -0.158944
     853   -0.158580
     854   -0.158580
     855   -0.158204
     856   -0.158204
     857   -0.157818
     858   -0.157818
     859   -0.157426
     860   -0.157426
     861   -0.157028
     862   -0.157028
     863   -0.156628
     864   -0.156628
     865   -0.156207
     866   -0.156207
     867   -0.155735
     868   -0.155735
     869   -0.155213
     870   -0.155213
     871   -0.154661
     872   -0.154661
     873   -0.154097
     874   -0.154097
     875   -0.153520
     876   -0.153520
     877   -0.152917
     878   -0.152917
     879   -0.152287
     880   -0.152287
     881   -0.151624
     882   -0.151624
     883   -0.150920
     884   -0.150920
     885   -0.150165
     886   -0.150165
     887   -0.149354
     888   -0.149354
     889   -0.148490
     890   -0.148490
     891   -0.147567
     892   -0.147567
     893   -0.146569
     894   -0.146569
     895   -0.145468
     896   -0.145468
     897   -0.144235
     898   -0.144235
     899   -0.142869
     900   -0.142869
     901   -0.141382
     902   -0.141382
     903   -0.139764
     904   -0.139764
     905   -0.137990
     906   -0.137990
     907   -0.136097
     908   -0.136097
     909   -0.134262
     910   -0.134262
     911   -0.132851
     912   -0.132851
     913   -0.132231
     914   -0.132231
     915   -0.132286
     916   -0.132286
     917   -0.132577
     918   -0.132577
     919   -0.132852
     920   -0.132852
     921   -0.133003
     922   -0.133003
     923   -0.132987
     924   -0.132987
     925   -0.132833
     926   -0.132833
     927   -0.132547
     928   -0.132547
     929   -0.132130
     930   -0.132130
     931   -0.131612
     932   -0.131612
     933   -0.131002
     934   -0.131002
     935   -0.130294
     936   -0.130294
     937   -0.129478
     938   -0.129478
     939   -0.128548
     940   -0.128548
     941   -0.127522
     942   -0.127522
     943   -0.126409
     944   -0.126409
     945   -0.125184
     946   -0.125184
     947   -0.123804
     948   -0.123804
     949   -0.122272
     950   -0.122272
     951   -0.120596
     952   -0.120596
     953   -0.118759
     954   -0.118759
     955   -0.116737
     956   -0.116737
     957   -0.114539
     958   -0.114539
     959   -0.112139
     960   -0.112139
     961   -0.109469
     962   -0.109469
     963   -0.106553
     964   -0.106553
     965   -0.103285
     966   -0.103285
     967   -0.099543
     968   -0.099543
     969   -0.095314
     970   -0.095314
     971   -0.090505
     972   -0.090505
     973   -0.085062
     974   -0.085062
     975   -0.078936
     976   -0.078936
     977   -0.072930
     978   -0.072930
     979   -0.066992
     980   -0.066992
     981   -0.059495
     982   -0.059495
     983   -0.048619
     984   -0.048619
     985   -0.035517
     986   -0.035517
     987   -0.025241
     988   -0.025241
     989   -0.019308
     990   -0.019308
     991   -0.201237
     992   -0.201237
     993   -0.200859
     994   -0.200859
     995   -0.200492
     996   -0.200492
     997   -0.200512
     998   -0.200512
     999   -0.200644
    1000   -0.200644
    1001   -0.200661
    1002   -0.200661
    1003   -0.200610
    1004   -0.200610
    1005   -0.200519
    1006   -0.200519
    1007   -0.200406
    1008   -0.200406
    1009   -0.200276
    1010   -0.200276
    1011   -0.200131
    1012   -0.200131
    1013   -0.199968
    1014   -0.199968
    1015   -0.199785
    1016   -0.199785
    1017   -0.199584
    1018   -0.199584
    1019   -0.199365
    1020   -0.199365
    1021   -0.199131
    1022   -0.199131
    1023   -0.198881
    1024   -0.198881
    1025   -0.198613
    1026   -0.198613
    1027   -0.198323
    1028   -0.198323
    1029   -0.198013
    1030   -0.198013
    1031   -0.197689
    1032   -0.197689
    1033   -0.197359
    1034   -0.197359
    1035   -0.197026
    1036   -0.197026
    1037   -0.196688
    1038   -0.196688
    1039   -0.196340
    1040   -0.196340
    1041   -0.195981
    1042   -0.195981
    1043   -0.195608
    1044   -0.195608
    1045   -0.195220
    1046   -0.195220
    1047   -0.194815
    1048   -0.194815
    1049   -0.194395
    1050   -0.194395
    1051   -0.193960
    1052   -0.193960
    1053   -0.193509
    1054   -0.193509
    1055   -0.193045
    1056   -0.193045
    1057   -0.192573
    1058   -0.192573
    1059   -0.192093
    1060   -0.192093
    1061   -0.191601
    1062   -0.191601
    1063   -0.191085
    1064   -0.191085
    1065   -0.190529
    1066   -0.190529
    1067   -0.189929
    1068   -0.189929
    1069   -0.189299
    1070   -0.189299
    1071   -0.188645
    1072   -0.188645
    1073   -0.187964
    1074   -0.187964
    1075   -0.187255
    1076   -0.187255
    1077   -0.186516
    1078   -0.186516
    1079   -0.185733
    1080   -0.185733
    1081   -0.184901
    1082   -0.184901
    1083   -0.184016
    1084   -0.184016
    1085   -0.183071
    1086   -0.183071
    1087   -0.182063
    1088   -0.182063
    1089   -0.180975
    1090   -0.180975
    1091   -0.179777
    1092   -0.179777
    1093   -0.178447
    1094   -0.178447
    1095   -0.177007
    1096   -0.177007
    1097   -0.175484
    1098   -0.175484
    1099   -0.173853
    1100   -0.173853
    1101   -0.172072
    1102   -0.172072
    1103   -0.170122
    1104   -0.170122
    1105   -0.168069
    1106   -0.168069
    1107   -0.166075
    1108   -0.166075
    1109   -0.164473
    1110   -0.164473
    1111   -0.163629
    1112   -0.163629
    1113   -0.163486
    1114   -0.163486
    1115   -0.163636
    1116   -0.163636
    1117   -0.163799
    1118   -0.163799
    1119   -0.163861
    1120   -0.163861
    1121   -0.163766
    1122   -0.163766
    1123   -0.163535
    1124   -0.163535
    1125   -0.163177
    1126   -0.163177
    1127   -0.162685
    1128   -0.162685
    1129   -0.162078
    1130   -0.162078
    1131   -0.161354
    1132   -0.161354
    1133   -0.160504
    1134   -0.160504
    1135   -0.159544
    1136   -0.159544
    1137   -0.158469
    1138   -0.158469
    1139   -0.157280
    1140   -0.157280
    1141   -0.155975
    1142   -0.155975
    1143   -0.154524
    1144   -0.154524
    1145   -0.152892
    1146   -0.152892
    1147   -0.151088
    1148   -0.151088
    1149   -0.149137
    1150   -0.149137
    1151   -0.146999
    1152   -0.146999
    1153   -0.144628
    1154   -0.144628
    1155   -0.142044
    1156   -0.142044
    1157   -0.139229
    1158   -0.139229
    1159   -0.136139
    1160   -0.136139
    1161   -0.132783
    1162   -0.132783
    1163   -0.129094
    1164   -0.129094
    1165   -0.124952
    1166   -0.124952
    1167   -0.120273
    1168   -0.120273
    1169   -0.114937
    1170   -0.114937
    1171   -0.108794
    1172   -0.108794
    1173   -0.101652
    1174   -0.101652
    1175   -0.094853
    1176   -0.094853
    1177   -0.088181
    1178   -0.088181
    1179   -0.078993
    1180   -0.078993
    1181   -0.067262
    1182   -0.067262
    1183   -0.054472
    1184   -0.054472
    1185   -0.042939
    1186   -0.042939
    1187   -0.035057
    1188   -0.035057
    1189   -0.243267
    1190   -0.243267
    1191   -0.243040
    1192   -0.243040
    1193   -0.242838
    1194   -0.242838
    1195   -0.242788
    1196   -0.242788
    1197   -0.242693
    1198   -0.242693
    1199   -0.242523
    1200   -0.242523
    1201   -0.242354
    1202   -0.242354
    1203   -0.242176
    1204   -0.242176
    1205   -0.241986
    1206   -0.241986
    1207   -0.241789
    1208   -0.241789
    1209   -0.241585
    1210   -0.241585
    1211   -0.241366
    1212   -0.241366
    1213   -0.241128
    1214   -0.241128
    1215   -0.240872
    1216   -0.240872
    1217   -0.240598
    1218   -0.240598
    1219   -0.240307
    1220   -0.240307
    1221   -0.240000
    1222   -0.240000
    1223   -0.239674
    1224   -0.239674
    1225   -0.239325
    1226   -0.239325
    1227   -0.238953
    1228   -0.238953
    1229   -0.238566
    1230   -0.238566
    1231   -0.238179
    1232   -0.238179
    1233   -0.237794
    1234   -0.237794
    1235   -0.237401
    1236   -0.237401
    1237   -0.236997
    1238   -0.236997
    1239   -0.236579
    1240   -0.236579
    1241   -0.236144
    1242   -0.236144
    1243   -0.235690
    1244   -0.235690
    1245   -0.235217
    1246   -0.235217
    1247   -0.234723
    1248   -0.234723
    1249   -0.234209
    1250   -0.234209
    1251   -0.233673
    1252   -0.233673
    1253   -0.233121
    1254   -0.233121
    1255   -0.232563
    1256   -0.232563
    1257   -0.231998
    1258   -0.231998
    1259   -0.231416
    1260   -0.231416
    1261   -0.230807
    1262   -0.230807
    1263   -0.230164
    1264   -0.230164
    1265   -0.229486
    1266   -0.229486
    1267   -0.228769
    1268   -0.228769
    1269   -0.228014
    1270   -0.228014
    1271   -0.227222
    1272   -0.227222
    1273   -0.226397
    1274   -0.226397
    1275   -0.225539
    1276   -0.225539
    1277   -0.224635
    1278   -0.224635
    1279   -0.223677
    1280   -0.223677
    1281   -0.222668
    1282   -0.222668
    1283   -0.221599
    1284   -0.221599
    1285   -0.220456
    1286   -0.220456
    1287   -0.219226
    1288   -0.219226
    1289   -0.217884
    1290   -0.217884
    1291   -0.216422
    1292   -0.216422
    1293   -0.214869
    1294   -0.214869
    1295   -0.213229
    1296   -0.213229
    1297   -0.211461
    1298   -0.211461
    1299   -0.209522
    1300   -0.209522
    1301   -0.207413
    1302   -0.207413
    1303   -0.205206
    1304   -0.205206
    1305   -0.203027
    1306   -0.203027
    1307   -0.201150
    1308   -0.201150
    1309   -0.199989
    1310   -0.199989
    1311   -0.199610
    1312   -0.199610
    1313   -0.199604
    1314   -0.199604
    1315   -0.199607
    1316   -0.199607
    1317   -0.199491
    1318   -0.199491
    1319   -0.199227
    1320   -0.199227
    1321   -0.198840
    1322   -0.198840
    1323   -0.198373
    1324   -0.198373
    1325   -0.197803
    1326   -0.197803
    1327   -0.197088
    1328   -0.197088
    1329   -0.196216
    1330   -0.196216
    1331   -0.195197
    1332   -0.195197
    1333   -0.194057
    1334   -0.194057
    1335   -0.192809
    1336   -0.192809
    1337   -0.191432
    1338   -0.191432
    1339   -0.189896
    1340   -0.189896
    1341   -0.188177
    1342   -0.188177
    1343   -0.186270
    1344   -0.186270
    1345   -0.184165
    1346   -0.184165
    1347   -0.181854
    1348   -0.181854
    1349   -0.179308
    1350   -0.179308
    1351   -0.176494
    1352   -0.176494
    1353   -0.173415
    1354   -0.173415
    1355   -0.170047
    1356   -0.170047
    1357   -0.166375
    1358   -0.166375
    1359   -0.162390
    1360   -0.162390
    1361   -0.158038
    1362   -0.158038
    1363   -0.153222
    1364   -0.153222
    1365   -0.147822
    1366   -0.147822
    1367   -0.141702
    1368   -0.141702
    1369   -0.134784
    1370   -0.134784
    1371   -0.126732
    1372   -0.126732
    1373   -0.118329
    1374   -0.118329
    1375   -0.109735
    1376   -0.109735
    1377   -0.099059
    1378   -0.099059
    1379   -0.086793
    1380   -0.086793
    1381   -0.073826
    1382   -0.073826
    1383   -0.060694
    1384   -0.060694
    1385   -0.050777
    1386   -0.050777
    1387   -0.292697
    1388   -0.292697
    1389   -0.292418
    1390   -0.292418
    1391   -0.292047
    1392   -0.292047
    1393   -0.291698
    1394   -0.291698
    1395   -0.291322
    1396   -0.291322
    1397   -0.290940
    1398   -0.290940
    1399   -0.290595
    1400   -0.290595
    1401   -0.290261
    1402   -0.290261
    1403   -0.289935
    1404   -0.289935
    1405   -0.289628
    1406   -0.289628
    1407   -0.289336
    1408   -0.289336
    1409   -0.289042
    1410   -0.289042
    1411   -0.288737
    1412   -0.288737
    1413   -0.288419
    1414   -0.288419
    1415   -0.288085
    1416   -0.288085
    1417   -0.287730
    1418   -0.287730
    1419   -0.287356
    1420   -0.287356
    1421   -0.286961
    1422   -0.286961
    1423   -0.286544
    1424   -0.286544
    1425   -0.286101
    1426   -0.286101
    1427   -0.285640
    1428   -0.285640
    1429   -0.285185
    1430   -0.285185
    1431   -0.284739
    1432   -0.284739
    1433   -0.284284
    1434   -0.284284
    1435   -0.283814
    1436   -0.283814
    1437   -0.283330
    1438   -0.283330
    1439   -0.282828
    1440   -0.282828
    1441   -0.282303
    1442   -0.282303
    1443   -0.281754
    1444   -0.281754
    1445   -0.281181
    1446   -0.281181
    1447   -0.280581
    1448   -0.280581
    1449   -0.279951
    1450   -0.279951
    1451   -0.279302
    1452   -0.279302
    1453   -0.278650
    1454   -0.278650
    1455   -0.277995
    1456   -0.277995
    1457   -0.277320
    1458   -0.277320
    1459   -0.276616
    1460   -0.276616
    1461   -0.275885
    1462   -0.275885
    1463   -0.275121
    1464   -0.275121
    1465   -0.274308
    1466   -0.274308
    1467   -0.273444
    1468   -0.273444
    1469   -0.272541
    1470   -0.272541
    1471   -0.271599
    1472   -0.271599
    1473   -0.270618
    1474   -0.270618
    1475   -0.269591
    1476   -0.269591
    1477   -0.268507
    1478   -0.268507
    1479   -0.267369
    1480   -0.267369
    1481   -0.266169
    1482   -0.266169
    1483   -0.264890
    1484   -0.264890
    1485   -0.263522
    1486   -0.263522
    1487   -0.262056
    1488   -0.262056
    1489   -0.260488
    1490   -0.260488
    1491   -0.258825
    1492   -0.258825
    1493   -0.257058
    1494   -0.257058
    1495   -0.255155
    1496   -0.255155
    1497   -0.253089
    1498   -0.253089
    1499   -0.250880
    1500   -0.250880
    1501   -0.248584
    1502   -0.248584
    1503   -0.246306
    1504   -0.246306
    1505   -0.244299
    1506   -0.244299
    1507   -0.243007
    1508   -0.243007
    1509   -0.242527
    1510   -0.242527
    1511   -0.242427
    1512   -0.242427
    1513   -0.242317
    1514   -0.242317
    1515   -0.242073
    1516   -0.242073
    1517   -0.241666
    1518   -0.241666
    1519   -0.241103
    1520   -0.241103
    1521   -0.240441
    1522   -0.240441
    1523   -0.239671
    1524   -0.239671
    1525   -0.238747
    1526   -0.238747
    1527   -0.237671
    1528   -0.237671
    1529   -0.236450
    1530   -0.236450
    1531   -0.235094
    1532   -0.235094
    1533   -0.233624
    1534   -0.233624
    1535   -0.232012
    1536   -0.232012
    1537   -0.230209
    1538   -0.230209
    1539   -0.228197
    1540   -0.228197
    1541   -0.225985
    1542   -0.225985
    1543   -0.223540
    1544   -0.223540
    1545   -0.220822
    1546   -0.220822
    1547   -0.217831
    1548   -0.217831
    1549   -0.214542
    1550   -0.214542
    1551   -0.210939
    1552   -0.210939
    1553   -0.207013
    1554   -0.207013
    1555   -0.202756
    1556   -0.202756
    1557   -0.198102
    1558   -0.198102
    1559   -0.192999
    1560   -0.192999
    1561   -0.187383
    1562   -0.187383
    1563   -0.181101
    1564   -0.181101
    1565   -0.174014
    1566   -0.174014
    1567   -0.166327
    1568   -0.166327
    1569   -0.157599
    1570   -0.157599
    1571   -0.147219
    1572   -0.147219
    1573   -0.135981
    1574   -0.135981
    1575   -0.123841
    1576   -0.123841
    1577   -0.110348
    1578   -0.110348
    1579   -0.095395
    1580   -0.095395
    1581   -0.079587
    1582   -0.079587
    1583   -0.067227
    1584   -0.067227
    1585   -0.352242
    1586   -0.352242
    1587   -0.351634
    1588   -0.351634
    1589   -0.350736
    1590   -0.350736
    1591   -0.349915
    1592   -0.349915
    1593   -0.349202
    1594   -0.349202
    1595   -0.348551
    1596   -0.348551
    1597   -0.347942
    1598   -0.347942
    1599   -0.347366
    1600   -0.347366
    1601   -0.346842
    1602   -0.346842
    1603   -0.346377
    1604   -0.346377
    1605   -0.345957
    1606   -0.345957
    1607   -0.345559
    1608   -0.345559
    1609   -0.345169
    1610   -0.345169
    1611   -0.344778
    1612   -0.344778
    1613   -0.344376
    1614   -0.344376
    1615   -0.343950
    1616   -0.343950
    1617   -0.343499
    1618   -0.343499
    1619   -0.343028
    1620   -0.343028
    1621   -0.342538
    1622   -0.342538
    1623   -0.342021
    1624   -0.342021
    1625   -0.341482
    1626   -0.341482
    1627   -0.340945
    1628   -0.340945
    1629   -0.340413
    1630   -0.340413
    1631   -0.339873
    1632   -0.339873
    1633   -0.339323
    1634   -0.339323
    1635   -0.338765
    1636   -0.338765
    1637   -0.338192
    1638   -0.338192
    1639   -0.337593
    1640   -0.337593
    1641   -0.336964
    1642   -0.336964
    1643   -0.336303
    1644   -0.336303
    1645   -0.335610
    1646   -0.335610
    1647   -0.334886
    1648   -0.334886
    1649   -0.334137
    1650   -0.334137
    1651   -0.333378
    1652   -0.333378
    1653   -0.332611
    1654   -0.332611
    1655   -0.331826
    1656   -0.331826
    1657   -0.331017
    1658   -0.331017
    1659   -0.330182
    1660   -0.330182
    1661   -0.329313
    1662   -0.329313
    1663   -0.328397
    1664   -0.328397
    1665   -0.327429
    1666   -0.327429
    1667   -0.326416
    1668   -0.326416
    1669   -0.325359
    1670   -0.325359
    1671   -0.324257
    1672   -0.324257
    1673   -0.323107
    1674   -0.323107
    1675   -0.321894
    1676   -0.321894
    1677   -0.320611
    1678   -0.320611
    1679   -0.319256
    1680   -0.319256
    1681   -0.317816
    1682   -0.317816
    1683   -0.316285
    1684   -0.316285
    1685   -0.314663
    1686   -0.314663
    1687   -0.312944
    1688   -0.312944
    1689   -0.311125
    1690   -0.311125
    1691   -0.309201
    1692   -0.309201
    1693   -0.307157
    1694   -0.307157
    1695   -0.304985
    1696   -0.304985
    1697   -0.302707
    1698   -0.302707
    1699   -0.300357
    1700   -0.300357
    1701   -0.298042
    1702   -0.298042
    1703   -0.296059
    1704   -0.296059
    1705   -0.294831
    1706   -0.294831
    1707   -0.294364
    1708   -0.294364
    1709   -0.294214
    1710   -0.294214
    1711   -0.294039
    1712   -0.294039
    1713   -0.293737
    1714   -0.293737
    1715   -0.293256
    1716   -0.293256
    1717   -0.292570
    1718   -0.292570
    1719   -0.291717
    1720   -0.291717
    1721   -0.290711
    1722   -0.290711
    1723   -0.289559
    1724   -0.289559
    1725   -0.288276
    1726   -0.288276
    1727   -0.286847
    1728   -0.286847
    1729   -0.285269
    1730   -0.285269
    1731   -0.283553
    1732   -0.283553
    1733   -0.281673
    1734   -0.281673
    1735   -0.279596
    1736   -0.279596
    1737   -0.277301
    1738   -0.277301
    1739   -0.274766
    1740   -0.274766
    1741   -0.271973
    1742   -0.271973
    1743   -0.268891
    1744   -0.268891
    1745   -0.265507
    1746   -0.265507
    1747   -0.261778
    1748   -0.261778
    1749   -0.257687
    1750   -0.257687
    1751   -0.253246
    1752   -0.253246
    1753   -0.248433
    1754   -0.248433
    1755   -0.243138
    1756   -0.243138
    1757   -0.237283
    1758   -0.237283
    1759   -0.230796
    1760   -0.230796
    1761   -0.223524
    1762   -0.223524
    1763   -0.215368
    1764   -0.215368
    1765   -0.206602
    1766   -0.206602
    1767   -0.196811
    1768   -0.196811
    1769   -0.184808
    1770   -0.184808
    1771   -0.171275
    1772   -0.171275
    1773   -0.156865
    1774   -0.156865
    1775   -0.140683
    1776   -0.140683
    1777   -0.122153
    1778   -0.122153
    1779   -0.102264
    1780   -0.102264
    1781   -0.086401
    1782   -0.086401
    1783   -0.425555
    1784   -0.425555
    1785   -0.424638
    1786   -0.424638
    1787   -0.423325
    1788   -0.423325
    1789   -0.422158
    1790   -0.422158
    1791   -0.421139
    1792   -0.421139
    1793   -0.420214
    1794   -0.420214
    1795   -0.419341
    1796   -0.419341
    1797   -0.418518
    1798   -0.418518
    1799   -0.417788
    1800   -0.417788
    1801   -0.417150
    1802   -0.417150
    1803   -0.416574
    1804   -0.416574
    1805   -0.416037
    1806   -0.416037
    1807   -0.415530
    1808   -0.415530
    1809   -0.415038
    1810   -0.415038
    1811   -0.414543
    1812   -0.414543
    1813   -0.414027
    1814   -0.414027
    1815   -0.413484
    1816   -0.413484
    1817   -0.412924
    1818   -0.412924
    1819   -0.412350
    1820   -0.412350
    1821   -0.411751
    1822   -0.411751
    1823   -0.411126
    1824   -0.411126
    1825   -0.410491
    1826   -0.410491
    1827   -0.409850
    1828   -0.409850
    1829   -0.409206
    1830   -0.409206
    1831   -0.408562
    1832   -0.408562
    1833   -0.407918
    1834   -0.407918
    1835   -0.407264
    1836   -0.407264
    1837   -0.406584
    1838   -0.406584
    1839   -0.405866
    1840   -0.405866
    1841   -0.405110
    1842   -0.405110
    1843   -0.404318
    1844   -0.404318
    1845   -0.403492
    1846   -0.403492
    1847   -0.402638
    1848   -0.402638
    1849   -0.401757
    1850   -0.401757
    1851   -0.400856
    1852   -0.400856
    1853   -0.399939
    1854   -0.399939
    1855   -0.399004
    1856   -0.399004
    1857   -0.398044
    1858   -0.398044
    1859   -0.397049
    1860   -0.397049
    1861   -0.396014
    1862   -0.396014
    1863   -0.394929
    1864   -0.394929
    1865   -0.393794
    1866   -0.393794
    1867   -0.392614
    1868   -0.392614
    1869   -0.391387
    1870   -0.391387
    1871   -0.390103
    1872   -0.390103
    1873   -0.388743
    1874   -0.388743
    1875   -0.387291
    1876   -0.387291
    1877   -0.385750
    1878   -0.385750
    1879   -0.384123
    1880   -0.384123
    1881   -0.382402
    1882   -0.382402
    1883   -0.380593
    1884   -0.380593
    1885   -0.378688
    1886   -0.378688
    1887   -0.376677
    1888   -0.376677
    1889   -0.374566
    1890   -0.374566
    1891   -0.372346
    1892   -0.372346
    1893   -0.370019
    1894   -0.370019
    1895   -0.367595
    1896   -0.367595
    1897   -0.365095
    1898   -0.365095
    1899   -0.362637
    1900   -0.362637
    1901   -0.360545
    1902   -0.360545
    1903   -0.359232
    1904   -0.359232
    1905   -0.358663
    1906   -0.358663
    1907   -0.358393
    1908   -0.358393
    1909   -0.358107
    1910   -0.358107
    1911   -0.357712
    1912   -0.357712
    1913   -0.357171
    1914   -0.357171
    1915   -0.356433
    1916   -0.356433
    1917   -0.355490
    1918   -0.355490
    1919   -0.354361
    1920   -0.354361
    1921   -0.353072
    1922   -0.353072
    1923   -0.351623
    1924   -0.351623
    1925   -0.349999
    1926   -0.349999
    1927   -0.348203
    1928   -0.348203
    1929   -0.346228
    1930   -0.346228
    1931   -0.344049
    1932   -0.344049
    1933   -0.341654
    1934   -0.341654
    1935   -0.339027
    1936   -0.339027
    1937   -0.336134
    1938   -0.336134
    1939   -0.332989
    1940   -0.332989
    1941   -0.329577
    1942   -0.329577
    1943   -0.325837
    1944   -0.325837
    1945   -0.321714
    1946   -0.321714
    1947   -0.317164
    1948   -0.317164
    1949   -0.312193
    1950   -0.312193
    1951   -0.306785
    1952   -0.306785
    1953   -0.300829
    1954   -0.300829
    1955   -0.294179
    1956   -0.294179
    1957   -0.286710
    1958   -0.286710
    1959   -0.278336
    1960   -0.278336
    1961   -0.268992
    1962   -0.268992
    1963   -0.258725
    1964   -0.258725
    1965   -0.247276
    1966   -0.247276
    1967   -0.233790
    1968   -0.233790
    1969   -0.218105
    1970   -0.218105
    1971   -0.200361
    1972   -0.200361
    1973   -0.179969
    1974   -0.179969
    1975   -0.156457
    1976   -0.156457
    1977   -0.131103
    1978   -0.131103
    1979   -0.110617
    1980   -0.110617
    1981   -0.518017
    1982   -0.518017
    1983   -0.516874
    1984   -0.516874
    1985   -0.515281
    1986   -0.515281
    1987   -0.513901
    1988   -0.513901
    1989   -0.512661
    1990   -0.512661
    1991   -0.511496
    1992   -0.511496
    1993   -0.510400
    1994   -0.510400
    1995   -0.509386
    1996   -0.509386
    1997   -0.508479
    1998   -0.508479
    1999   -0.507664
    2000   -0.507664
    2001   -0.506916
    2002   -0.506916
    2003   -0.506222
    2004   -0.506222
    2005   -0.505571
    2006   -0.505571
    2007   -0.504946
    2008   -0.504946
    2009   -0.504326
    2010   -0.504326
    2011   -0.503695
    2012   -0.503695
    2013   -0.503045
    2014   -0.503045
    2015   -0.502379
    2016   -0.502379
    2017   -0.501697
    2018   -0.501697
    2019   -0.500991
    2020   -0.500991
    2021   -0.500260
    2022   -0.500260
    2023   -0.499512
    2024   -0.499512
    2025   -0.498754
    2026   -0.498754
    2027   -0.497998
    2028   -0.497998
    2029   -0.497248
    2030   -0.497248
    2031   -0.496499
    2032   -0.496499
    2033   -0.495740
    2034   -0.495740
    2035   -0.494955
    2036   -0.494955
    2037   -0.494136
    2038   -0.494136
    2039   -0.493278
    2040   -0.493278
    2041   -0.492381
    2042   -0.492381
    2043   -0.491444
    2044   -0.491444
    2045   -0.490468
    2046   -0.490468
    2047   -0.489455
    2048   -0.489455
    2049   -0.488410
    2050   -0.488410
    2051   -0.487343
    2052   -0.487343
    2053   -0.486257
    2054   -0.486257
    2055   -0.485144
    2056   -0.485144
    2057   -0.483999
    2058   -0.483999
    2059   -0.482816
    2060   -0.482816
    2061   -0.481584
    2062   -0.481584
    2063   -0.480306
    2064   -0.480306
    2065   -0.478990
    2066   -0.478990
    2067   -0.477632
    2068   -0.477632
    2069   -0.476201
    2070   -0.476201
    2071   -0.474652
    2072   -0.474652
    2073   -0.472978
    2074   -0.472978
    2075   -0.471216
    2076   -0.471216
    2077   -0.469378
    2078   -0.469378
    2079   -0.467451
    2080   -0.467451
    2081   -0.465436
    2082   -0.465436
    2083   -0.463327
    2084   -0.463327
    2085   -0.461114
    2086   -0.461114
    2087   -0.458807
    2088   -0.458807
    2089   -0.456400
    2090   -0.456400
    2091   -0.453884
    2092   -0.453884
    2093   -0.451251
    2094   -0.451251
    2095   -0.448526
    2096   -0.448526
    2097   -0.445839
    2098   -0.445839
    2099   -0.443541
    2100   -0.443541
    2101   -0.442054
    2102   -0.442054
    2103   -0.441334
    2104   -0.441334
    2105   -0.440946
    2106   -0.440946
    2107   -0.440575
    2108   -0.440575
    2109   -0.440103
    2110   -0.440103
    2111   -0.439493
    2112   -0.439493
    2113   -0.438698
    2114   -0.438698
    2115   -0.437666
    2116   -0.437666
    2117   -0.436403
    2118   -0.436403
    2119   -0.434937
    2120   -0.434937
    2121   -0.433264
    2122   -0.433264
    2123   -0.431392
    2124   -0.431392
    2125   -0.429315
    2126   -0.429315
    2127   -0.427001
    2128   -0.427001
    2129   -0.424433
    2130   -0.424433
    2131   -0.421601
    2132   -0.421601
    2133   -0.418511
    2134   -0.418511
    2135   -0.415156
    2136   -0.415156
    2137   -0.411545
    2138   -0.411545
    2139   -0.407649
    2140   -0.407649
    2141   -0.403397
    2142   -0.403397
    2143   -0.398741
    2144   -0.398741
    2145   -0.393592
    2146   -0.393592
    2147   -0.387939
    2148   -0.387939
    2149   -0.381757
    2150   -0.381757
    2151   -0.374913
    2152   -0.374913
    2153   -0.367255
    2154   -0.367255
    2155   -0.358636
    2156   -0.358636
    2157   -0.348950
    2158   -0.348950
    2159   -0.338055
    2160   -0.338055
    2161   -0.325803
    2162   -0.325803
    2163   -0.312230
    2164   -0.312230
    2165   -0.296784
    2166   -0.296784
    2167   -0.278427
    2168   -0.278427
    2169   -0.256712
    2170   -0.256712
    2171   -0.231194
    2172   -0.231194
    2173   -0.201492
    2174   -0.201492
    2175   -0.169315
    2176   -0.169315
    2177   -0.143115
    2178   -0.143115
    2179   -0.638072
    2180   -0.638072
    2181   -0.636915
    2182   -0.636915
    2183   -0.635274
    2184   -0.635274
    2185   -0.633825
    2186   -0.633825
    2187   -0.632461
    2188   -0.632461
    2189   -0.631118
    2190   -0.631118
    2191   -0.629881
    2192   -0.629881
    2193   -0.628764
    2194   -0.628764
    2195   -0.627727
    2196   -0.627727
    2197   -0.626748
    2198   -0.626748
    2199   -0.625826
    2200   -0.625826
    2201   -0.624967
    2202   -0.624967
    2203   -0.624162
    2204   -0.624162
    2205   -0.623388
    2206   -0.623388
    2207   -0.622624
    2208   -0.622624
    2209   -0.621858
    2210   -0.621858
    2211   -0.621085
    2212   -0.621085
    2213   -0.620294
    2214   -0.620294
    2215   -0.619478
    2216   -0.619478
    2217   -0.618637
    2218   -0.618637
    2219   -0.617775
    2220   -0.617775
    2221   -0.616897
    2222   -0.616897
    2223   -0.616012
    2224   -0.616012
    2225   -0.615131
    2226   -0.615131
    2227   -0.614253
    2228   -0.614253
    2229   -0.613369
    2230   -0.613369
    2231   -0.612472
    2232   -0.612472
    2233   -0.611554
    2234   -0.611554
    2235   -0.610607
    2236   -0.610607
    2237   -0.609625
    2238   -0.609625
    2239   -0.608602
    2240   -0.608602
    2241   -0.607529
    2242   -0.607529
    2243   -0.606406
    2244   -0.606406
    2245   -0.605239
    2246   -0.605239
    2247   -0.604031
    2248   -0.604031
    2249   -0.602785
    2250   -0.602785
    2251   -0.601509
    2252   -0.601509
    2253   -0.600205
    2254   -0.600205
    2255   -0.598869
    2256   -0.598869
    2257   -0.597491
    2258   -0.597491
    2259   -0.596068
    2260   -0.596068
    2261   -0.594606
    2262   -0.594606
    2263   -0.593114
    2264   -0.593114
    2265   -0.591594
    2266   -0.591594
    2267   -0.589988
    2268   -0.589988
    2269   -0.588198
    2270   -0.588198
    2271   -0.586240
    2272   -0.586240
    2273   -0.584204
    2274   -0.584204
    2275   -0.582112
    2276   -0.582112
    2277   -0.579940
    2278   -0.579940
    2279   -0.577680
    2280   -0.577680
    2281   -0.575336
    2282   -0.575336
    2283   -0.572903
    2284   -0.572903
    2285   -0.570371
    2286   -0.570371
    2287   -0.567735
    2288   -0.567735
    2289   -0.564972
    2290   -0.564972
    2291   -0.562078
    2292   -0.562078
    2293   -0.559102
    2294   -0.559102
    2295   -0.556181
    2296   -0.556181
    2297   -0.553729
    2298   -0.553729
    2299   -0.552185
    2300   -0.552185
    2301   -0.551431
    2302   -0.551431
    2303   -0.551040
    2304   -0.551040
    2305   -0.550700
    2306   -0.550700
    2307   -0.550221
    2308   -0.550221
    2309   -0.549537
    2310   -0.549537
    2311   -0.548630
    2312   -0.548630
    2313   -0.547431
    2314   -0.547431
    2315   -0.545929
    2316   -0.545929
    2317   -0.544167
    2318   -0.544167
    2319   -0.542172
    2320   -0.542172
    2321   -0.539949
    2322   -0.539949
    2323   -0.537448
    2324   -0.537448
    2325   -0.534644
    2326   -0.534644
    2327   -0.531537
    2328   -0.531537
    2329   -0.528119
    2330   -0.528119
    2331   -0.524404
    2332   -0.524404
    2333   -0.520391
    2334   -0.520391
    2335   -0.516047
    2336   -0.516047
    2337   -0.511351
    2338   -0.511351
    2339   -0.506263
    2340   -0.506263
    2341   -0.500725
    2342   -0.500725
    2343   -0.494620
    2344   -0.494620
    2345   -0.487893
    2346   -0.487893
    2347   -0.480485
    2348   -0.480485
    2349   -0.472260
    2350   -0.472260
    2351   -0.463157
    2352   -0.463157
    2353   -0.453039
    2354   -0.453039
    2355   -0.441690
    2356   -0.441690
    2357   -0.428882
    2358   -0.428882
    2359   -0.414170
    2360   -0.414170
    2361   -0.397603
    2362   -0.397603
    2363   -0.379057
    2364   -0.379057
    2365   -0.357235
    2366   -0.357235
    2367   -0.331128
    2368   -0.331128
    2369   -0.299841
    2370   -0.299841
    2371   -0.262790
    2372   -0.262790
    2373   -0.222138
    2374   -0.222138
    2375   -0.188672
    2376   -0.188672
    2377   -0.798733
    2378   -0.798733
    2379   -0.797915
    2380   -0.797915
    2381   -0.796637
    2382   -0.796637
    2383   -0.795385
    2384   -0.795385
    2385   -0.794099
    2386   -0.794099
    2387   -0.792746
    2388   -0.792746
    2389   -0.791491
    2390   -0.791491
    2391   -0.790349
    2392   -0.790349
    2393   -0.789248
    2394   -0.789248
    2395   -0.788164
    2396   -0.788164
    2397   -0.787105
    2398   -0.787105
    2399   -0.786091
    2400   -0.786091
    2401   -0.785123
    2402   -0.785123
    2403   -0.784183
    2404   -0.784183
    2405   -0.783256
    2406   -0.783256
    2407   -0.782331
    2408   -0.782331
    2409   -0.781405
    2410   -0.781405
    2411   -0.780462
    2412   -0.780462
    2413   -0.779490
    2414   -0.779490
    2415   -0.778488
    2416   -0.778488
    2417   -0.777463
    2418   -0.777463
    2419   -0.776424
    2420   -0.776424
    2421   -0.775381
    2422   -0.775381
    2423   -0.774334
    2424   -0.774334
    2425   -0.773279
    2426   -0.773279
    2427   -0.772215
    2428   -0.772215
    2429   -0.771138
    2430   -0.771138
    2431   -0.770043
    2432   -0.770043
    2433   -0.768920
    2434   -0.768920
    2435   -0.767759
    2436   -0.767759
    2437   -0.766552
    2438   -0.766552
    2439   -0.765290
    2440   -0.765290
    2441   -0.763972
    2442   -0.763972
    2443   -0.762597
    2444   -0.762597
    2445   -0.761167
    2446   -0.761167
    2447   -0.759686
    2448   -0.759686
    2449   -0.758159
    2450   -0.758159
    2451   -0.756596
    2452   -0.756596
    2453   -0.754993
    2454   -0.754993
    2455   -0.753343
    2456   -0.753343
    2457   -0.751649
    2458   -0.751649
    2459   -0.749913
    2460   -0.749913
    2461   -0.748138
    2462   -0.748138
    2463   -0.746329
    2464   -0.746329
    2465   -0.744426
    2466   -0.744426
    2467   -0.742327
    2468   -0.742327
    2469   -0.740053
    2470   -0.740053
    2471   -0.737696
    2472   -0.737696
    2473   -0.735280
    2474   -0.735280
    2475   -0.732782
    2476   -0.732782
    2477   -0.730187
    2478   -0.730187
    2479   -0.727512
    2480   -0.727512
    2481   -0.724744
    2482   -0.724744
    2483   -0.721846
    2484   -0.721846
    2485   -0.718799
    2486   -0.718799
    2487   -0.715588
    2488   -0.715588
    2489   -0.712239
    2490   -0.712239
    2491   -0.708816
    2492   -0.708816
    2493   -0.705458
    2494   -0.705458
    2495   -0.702647
    2496   -0.702647
    2497   -0.700901
    2498   -0.700901
    2499   -0.700041
    2500   -0.700041
    2501   -0.699561
    2502   -0.699561
    2503   -0.699127
    2504   -0.699127
    2505   -0.698507
    2506   -0.698507
    2507   -0.697620
    2508   -0.697620
    2509   -0.696456
    2510   -0.696456
    2511   -0.694946
    2512   -0.694946
    2513   -0.693052
    2514   -0.693052
    2515   -0.690843
    2516   -0.690843
    2517   -0.688386
    2518   -0.688386
    2519   -0.685631
    2520   -0.685631
    2521   -0.682496
    2522   -0.682496
    2523   -0.678985
    2524   -0.678985
    2525   -0.675117
    2526   -0.675117
    2527   -0.670894
    2528   -0.670894
    2529   -0.666311
    2530   -0.666311
    2531   -0.661339
    2532   -0.661339
    2533   -0.655923
    2534   -0.655923
    2535   -0.650080
    2536   -0.650080
    2537   -0.643771
    2538   -0.643771
    2539   -0.636911
    2540   -0.636911
    2541   -0.629402
    2542   -0.629402
    2543   -0.621114
    2544   -0.621114
    2545   -0.611946
    2546   -0.611946
    2547   -0.601826
    2548   -0.601826
    2549   -0.590731
    2550   -0.590731
    2551   -0.578519
    2552   -0.578519
    2553   -0.564934
    2554   -0.564934
    2555   -0.549708
    2556   -0.549708
    2557   -0.532092
    2558   -0.532092
    2559   -0.511719
    2560   -0.511719
    2561   -0.488748
    2562   -0.488748
    2563   -0.462403
    2564   -0.462403
    2565   -0.431270
    2566   -0.431270
    2567   -0.393348
    2568   -0.393348
    2569   -0.347619
    2570   -0.347619
    2571   -0.296620
    2572   -0.296620
    2573   -0.253923
    2574   -0.253923
    2575   -1.015719
    2576   -1.015719
    2577   -1.015651
    2578   -1.015651
    2579   -1.015262
    2580   -1.015262
    2581   -1.014482
    2582   -1.014482
    2583   -1.013412
    2584   -1.013412
    2585   -1.012201
    2586   -1.012201
    2587   -1.011045
    2588   -1.011045
    2589   -1.009933
    2590   -1.009933
    2591   -1.008811
    2592   -1.008811
    2593   -1.007669
    2594   -1.007669
    2595   -1.006515
    2596   -1.006515
    2597   -1.005357
    2598   -1.005357
    2599   -1.004201
    2600   -1.004201
    2601   -1.003059
    2602   -1.003059
    2603   -1.001931
    2604   -1.001931
    2605   -1.000806
    2606   -1.000806
    2607   -0.999674
    2608   -0.999674
    2609   -0.998529
    2610   -0.998529
    2611   -0.997358
    2612   -0.997358
    2613   -0.996148
    2614   -0.996148
    2615   -0.994906
    2616   -0.994906
    2617   -0.993648
    2618   -0.993648
    2619   -0.992378
    2620   -0.992378
    2621   -0.991091
    2622   -0.991091
    2623   -0.989785
    2624   -0.989785
    2625   -0.988464
    2626   -0.988464
    2627   -0.987126
    2628   -0.987126
    2629   -0.985765
    2630   -0.985765
    2631   -0.984371
    2632   -0.984371
    2633   -0.982931
    2634   -0.982931
    2635   -0.981435
    2636   -0.981435
    2637   -0.979884
    2638   -0.979884
    2639   -0.978270
    2640   -0.978270
    2641   -0.976583
    2642   -0.976583
    2643   -0.974825
    2644   -0.974825
    2645   -0.973001
    2646   -0.973001
    2647   -0.971117
    2648   -0.971117
    2649   -0.969177
    2650   -0.969177
    2651   -0.967182
    2652   -0.967182
    2653   -0.965131
    2654   -0.965131
    2655   -0.963026
    2656   -0.963026
    2657   -0.960859
    2658   -0.960859
    2659   -0.958619
    2660   -0.958619
    2661   -0.956308
    2662   -0.956308
    2663   -0.953901
    2664   -0.953901
    2665   -0.951356
    2666   -0.951356
    2667   -0.948678
    2668   -0.948678
    2669   -0.945893
    2670   -0.945893
    2671   -0.943014
    2672   -0.943014
    2673   -0.940037
    2674   -0.940037
    2675   -0.936945
    2676   -0.936945
    2677   -0.933730
    2678   -0.933730
    2679   -0.930378
    2680   -0.930378
    2681   -0.926844
    2682   -0.926844
    2683   -0.923091
    2684   -0.923091
    2685   -0.919116
    2686   -0.919116
    2687   -0.914962
    2688   -0.914962
    2689   -0.910687
    2690   -0.910687
    2691   -0.906429
    2692   -0.906429
    2693   -0.902713
    2694   -0.902713
    2695   -0.900240
    2696   -0.900240
    2697   -0.898881
    2698   -0.898881
    2699   -0.897922
    2700   -0.897922
    2701   -0.896914
    2702   -0.896914
    2703   -0.895660
    2704   -0.895660
    2705   -0.894108
    2706   -0.894108
    2707   -0.892238
    2708   -0.892238
    2709   -0.890040
    2710   -0.890040
    2711   -0.887448
    2712   -0.887448
    2713   -0.884450
    2714   -0.884450
    2715   -0.881138
    2716   -0.881138
    2717   -0.877448
    2718   -0.877448
    2719   -0.873319
    2720   -0.873319
    2721   -0.868756
    2722   -0.868756
    2723   -0.863757
    2724   -0.863757
    2725   -0.858329
    2726   -0.858329
    2727   -0.852429
    2728   -0.852429
    2729   -0.846005
    2730   -0.846005
    2731   -0.839021
    2732   -0.839021
    2733   -0.831482
    2734   -0.831482
    2735   -0.823325
    2736   -0.823325
    2737   -0.814478
    2738   -0.814478
    2739   -0.804902
    2740   -0.804902
    2741   -0.794416
    2742   -0.794416
    2743   -0.782860
    2744   -0.782860
    2745   -0.770195
    2746   -0.770195
    2747   -0.756322
    2748   -0.756322
    2749   -0.741082
    2750   -0.741082
    2751   -0.724244
    2752   -0.724244
    2753   -0.705456
    2754   -0.705456
    2755   -0.684051
    2756   -0.684051
    2757   -0.659482
    2758   -0.659482
    2759   -0.631218
    2760   -0.631218
    2761   -0.598727
    2762   -0.598727
    2763   -0.560889
    2764   -0.560889
    2765   -0.514640
    2766   -0.514640
    2767   -0.458538
    2768   -0.458538
    2769   -0.395447
    2770   -0.395447
    2771   -0.341872
    2772   -0.341872
    2773   -1.304018
    2774   -1.304018
    2775   -1.304963
    2776   -1.304963
    2777   -1.305725
    2778   -1.305725
    2779   -1.305314
    2780   -1.305314
    2781   -1.304293
    2782   -1.304293
    2783   -1.303207
    2784   -1.303207
    2785   -1.302162
    2786   -1.302162
    2787   -1.301074
    2788   -1.301074
    2789   -1.299908
    2790   -1.299908
    2791   -1.298677
    2792   -1.298677
    2793   -1.297394
    2794   -1.297394
    2795   -1.296054
    2796   -1.296054
    2797   -1.294661
    2798   -1.294661
    2799   -1.293250
    2800   -1.293250
    2801   -1.291840
    2802   -1.291840
    2803   -1.290430
    2804   -1.290430
    2805   -1.289012
    2806   -1.289012
    2807   -1.287572
    2808   -1.287572
    2809   -1.286102
    2810   -1.286102
    2811   -1.284596
    2812   -1.284596
    2813   -1.283056
    2814   -1.283056
    2815   -1.281480
    2816   -1.281480
    2817   -1.279871
    2818   -1.279871
    2819   -1.278228
    2820   -1.278228
    2821   -1.276552
    2822   -1.276552
    2823   -1.274844
    2824   -1.274844
    2825   -1.273098
    2826   -1.273098
    2827   -1.271306
    2828   -1.271306
    2829   -1.269464
    2830   -1.269464
    2831   -1.267567
    2832   -1.267567
    2833   -1.265612
    2834   -1.265612
    2835   -1.263591
    2836   -1.263591
    2837   -1.261498
    2838   -1.261498
    2839   -1.259322
    2840   -1.259322
    2841   -1.257061
    2842   -1.257061
    2843   -1.254715
    2844   -1.254715
    2845   -1.252281
    2846   -1.252281
    2847   -1.249766
    2848   -1.249766
    2849   -1.247173
    2850   -1.247173
    2851   -1.244502
    2852   -1.244502
    2853   -1.241751
    2854   -1.241751
    2855   -1.238900
    2856   -1.238900
    2857   -1.235931
    2858   -1.235931
    2859   -1.232840
    2860   -1.232840
    2861   -1.229650
    2862   -1.229650
    2863   -1.226393
    2864   -1.226393
    2865   -1.223052
    2866   -1.223052
    2867   -1.219571
    2868   -1.219571
    2869   -1.215938
    2870   -1.215938
    2871   -1.212177
    2872   -1.212177
    2873   -1.208265
    2874   -1.208265
    2875   -1.204154
    2876   -1.204154
    2877   -1.199829
    2878   -1.199829
    2879   -1.195250
    2880   -1.195250
    2881   -1.190384
    2882   -1.190384
    2883   -1.185236
    2884   -1.185236
    2885   -1.179823
    2886   -1.179823
    2887   -1.174192
    2888   -1.174192
    2889   -1.168540
    2890   -1.168540
    2891   -1.163427
    2892   -1.163427
    2893   -1.159683
    2894   -1.159683
    2895   -1.157317
    2896   -1.157317
    2897   -1.155406
    2898   -1.155406
    2899   -1.153307
    2900   -1.153307
    2901   -1.150871
    2902   -1.150871
    2903   -1.148081
    2904   -1.148081
    2905   -1.144932
    2906   -1.144932
    2907   -1.141516
    2908   -1.141516
    2909   -1.137776
    2910   -1.137776
    2911   -1.133537
    2912   -1.133537
    2913   -1.128794
    2914   -1.128794
    2915   -1.123559
    2916   -1.123559
    2917   -1.117824
    2918   -1.117824
    2919   -1.111564
    2920   -1.111564
    2921   -1.104763
    2922   -1.104763
    2923   -1.097409
    2924   -1.097409
    2925   -1.089407
    2926   -1.089407
    2927   -1.080707
    2928   -1.080707
    2929   -1.071283
    2930   -1.071283
    2931   -1.061086
    2932   -1.061086
    2933   -1.050073
    2934   -1.050073
    2935   -1.038196
    2936   -1.038196
    2937   -1.025420
    2938   -1.025420
    2939   -1.011554
    2940   -1.011554
    2941   -0.996400
    2942   -0.996400
    2943   -0.979876
    2944   -0.979876
    2945   -0.961800
    2946   -0.961800
    2947   -0.941978
    2948   -0.941978
    2949   -0.920163
    2950   -0.920163
    2951   -0.895947
    2952   -0.895947
    2953   -0.868807
    2954   -0.868807
    2955   -0.838227
    2956   -0.838227
    2957   -0.802895
    2958   -0.802895
    2959   -0.761810
    2960   -0.761810
    2961   -0.713924
    2962   -0.713924
    2963   -0.656127
    2964   -0.656127
    2965   -0.587156
    2966   -0.587156
    2967   -0.509892
    2968   -0.509892
    2969   -0.444061
    2970   -0.444061
    2971   -1.694797
    2972   -1.694797
    2973   -1.695996
    2974   -1.695996
    2975   -1.696667
    2976   -1.696667
    2977   -1.695663
    2978   -1.695663
    2979   -1.694328
    2980   -1.694328
    2981   -1.693197
    2982   -1.693197
    2983   -1.692059
    2984   -1.692059
    2985   -1.690833
    2986   -1.690833
    2987   -1.689492
    2988   -1.689492
    2989   -1.688044
    2990   -1.688044
    2991   -1.686497
    2992   -1.686497
    2993   -1.684850
    2994   -1.684850
    2995   -1.683108
    2996   -1.683108
    2997   -1.681299
    2998   -1.681299
    2999   -1.679454
    3000   -1.679454
    3001   -1.677599
    3002   -1.677599
    3003   -1.675731
    3004   -1.675731
    3005   -1.673818
    3006   -1.673818
    3007   -1.671859
    3008   -1.671859
    3009   -1.669876
    3010   -1.669876
    3011   -1.667861
    3012   -1.667861
    3013   -1.665784
    3014   -1.665784
    3015   -1.663635
    3016   -1.663635
    3017   -1.661426
    3018   -1.661426
    3019   -1.659156
    3020   -1.659156
    3021   -1.656818
    3022   -1.656818
    3023   -1.654401
    3024   -1.654401
    3025   -1.651895
    3026   -1.651895
    3027   -1.649304
    3028   -1.649304
    3029   -1.646646
    3030   -1.646646
    3031   -1.643920
    3032   -1.643920
    3033   -1.641110
    3034   -1.641110
    3035   -1.638210
    3036   -1.638210
    3037   -1.635219
    3038   -1.635219
    3039   -1.632128
    3040   -1.632128
    3041   -1.628919
    3042   -1.628919
    3043   -1.625582
    3044   -1.625582
    3045   -1.622123
    3046   -1.622123
    3047   -1.618549
    3048   -1.618549
    3049   -1.614857
    3050   -1.614857
    3051   -1.611036
    3052   -1.611036
    3053   -1.607067
    3054   -1.607067
    3055   -1.602929
    3056   -1.602929
    3057   -1.598604
    3058   -1.598604
    3059   -1.594156
    3060   -1.594156
    3061   -1.589695
    3062   -1.589695
    3063   -1.585180
    3064   -1.585180
    3065   -1.580474
    3066   -1.580474
    3067   -1.575534
    3068   -1.575534
    3069   -1.570380
    3070   -1.570380
    3071   -1.564995
    3072   -1.564995
    3073   -1.559337
    3074   -1.559337
    3075   -1.553387
    3076   -1.553387
    3077   -1.547114
    3078   -1.547114
    3079   -1.540503
    3080   -1.540503
    3081   -1.533563
    3082   -1.533563
    3083   -1.526257
    3084   -1.526257
    3085   -1.518585
    3086   -1.518585
    3087   -1.510861
    3088   -1.510861
    3089   -1.503801
    3090   -1.503801
    3091   -1.498325
    3092   -1.498325
    3093   -1.494459
    3094   -1.494459
    3095   -1.491087
    3096   -1.491087
    3097   -1.487448
    3098   -1.487448
    3099   -1.483413
    3100   -1.483413
    3101   -1.478923
    3102   -1.478923
    3103   -1.473952
    3104   -1.473952
    3105   -1.468555
    3106   -1.468555
    3107   -1.462756
    3108   -1.462756
    3109   -1.456403
    3110   -1.456403
    3111   -1.449303
    3112   -1.449303
    3113   -1.441496
    3114   -1.441496
    3115   -1.433037
    3116   -1.433037
    3117   -1.423870
    3118   -1.423870
    3119   -1.413985
    3120   -1.413985
    3121   -1.403335
    3122   -1.403335
    3123   -1.391823
    3124   -1.391823
    3125   -1.379414
    3126   -1.379414
    3127   -1.366043
    3128   -1.366043
    3129   -1.351587
    3130   -1.351587
    3131   -1.336038
    3132   -1.336038
    3133   -1.319358
    3134   -1.319358
    3135   -1.301428
    3136   -1.301428
    3137   -1.282070
    3138   -1.282070
    3139   -1.261074
    3140   -1.261074
    3141   -1.238255
    3142   -1.238255
    3143   -1.213363
    3144   -1.213363
    3145   -1.186125
    3146   -1.186125
    3147   -1.156226
    3148   -1.156226
    3149   -1.123234
    3150   -1.123234
    3151   -1.086488
    3152   -1.086488
    3153   -1.045241
    3154   -1.045241
    3155   -0.998139
    3156   -0.998139
    3157   -0.943756
    3158   -0.943756
    3159   -0.880188
    3160   -0.880188
    3161   -0.805095
    3162   -0.805095
    3163   -0.718001
    3164   -0.718001
    3165   -0.621871
    3166   -0.621871
    3167   -0.540911
    3168   -0.540911
    3169   -2.291997
    3170   -2.291997
    3171   -2.292341
    3172   -2.292341
    3173   -2.291526
    3174   -2.291526
    3175   -2.289099
    3176   -2.289099
    3177   -2.287038
    3178   -2.287038
    3179   -2.285556
    3180   -2.285556
    3181   -2.284044
    3182   -2.284044
    3183   -2.282418
    3184   -2.282418
    3185   -2.280648
    3186   -2.280648
    3187   -2.278715
    3188   -2.278715
    3189   -2.276622
    3190   -2.276622
    3191   -2.274378
    3192   -2.274378
    3193   -2.271996
    3194   -2.271996
    3195   -2.269494
    3196   -2.269494
    3197   -2.266902
    3198   -2.266902
    3199   -2.264256
    3200   -2.264256
    3201   -2.261556
    3202   -2.261556
    3203   -2.258785
    3204   -2.258785
    3205   -2.255953
    3206   -2.255953
    3207   -2.253090
    3208   -2.253090
    3209   -2.250184
    3210   -2.250184
    3211   -2.247189
    3212   -2.247189
    3213   -2.244085
    3214   -2.244085
    3215   -2.240869
    3216   -2.240869
    3217   -2.237532
    3218   -2.237532
    3219   -2.234064
    3220   -2.234064
    3221   -2.230454
    3222   -2.230454
    3223   -2.226694
    3224   -2.226694
    3225   -2.222795
    3226   -2.222795
    3227   -2.218783
    3228   -2.218783
    3229   -2.214664
    3230   -2.214664
    3231   -2.210425
    3232   -2.210425
    3233   -2.206063
    3234   -2.206063
    3235   -2.201579
    3236   -2.201579
    3237   -2.196960
    3238   -2.196960
    3239   -2.192179
    3240   -2.192179
    3241   -2.187221
    3242   -2.187221
    3243   -2.182072
    3244   -2.182072
    3245   -2.176735
    3246   -2.176735
    3247   -2.171215
    3248   -2.171215
    3249   -2.165491
    3250   -2.165491
    3251   -2.159546
    3252   -2.159546
    3253   -2.153358
    3254   -2.153358
    3255   -2.146905
    3256   -2.146905
    3257   -2.140274
    3258   -2.140274
    3259   -2.133620
    3260   -2.133620
    3261   -2.126884
    3262   -2.126884
    3263   -2.119871
    3264   -2.119871
    3265   -2.112501
    3266   -2.112501
    3267   -2.104771
    3268   -2.104771
    3269   -2.096676
    3270   -2.096676
    3271   -2.088207
    3272   -2.088207
    3273   -2.079355
    3274   -2.079355
    3275   -2.070114
    3276   -2.070114
    3277   -2.060481
    3278   -2.060481
    3279   -2.050434
    3280   -2.050434
    3281   -2.039886
    3282   -2.039886
    3283   -2.028773
    3284   -2.028773
    3285   -2.017384
    3286   -2.017384
    3287   -2.006773
    3288   -2.006773
    3289   -1.998385
    3290   -1.998385
    3291   -1.992133
    3292   -1.992133
    3293   -1.986412
    3294   -1.986412
    3295   -1.980351
    3296   -1.980351
    3297   -1.973858
    3298   -1.973858
    3299   -1.966735
    3300   -1.966735
    3301   -1.958833
    3302   -1.958833
    3303   -1.950085
    3304   -1.950085
    3305   -1.940570
    3306   -1.940570
    3307   -1.930294
    3308   -1.930294
    3309   -1.919002
    3310   -1.919002
    3311   -1.906687
    3312   -1.906687
    3313   -1.893418
    3314   -1.893418
    3315   -1.879129
    3316   -1.879129
    3317   -1.863767
    3318   -1.863767
    3319   -1.847246
    3320   -1.847246
    3321   -1.829527
    3322   -1.829527
    3323   -1.810583
    3324   -1.810583
    3325   -1.790278
    3326   -1.790278
    3327   -1.768398
    3328   -1.768398
    3329   -1.744898
    3330   -1.744898
    3331   -1.719743
    3332   -1.719743
    3333   -1.692744
    3334   -1.692744
    3335   -1.663675
    3336   -1.663675
    3337   -1.632309
    3338   -1.632309
    3339   -1.598335
    3340   -1.598335
    3341   -1.561354
    3342   -1.561354
    3343   -1.520934
    3344   -1.520934
    3345   -1.476627
    3346   -1.476627
    3347   -1.427888
    3348   -1.427888
    3349   -1.373779
    3350   -1.373779
    3351   -1.313140
    3352   -1.313140
    3353   -1.244570
    3354   -1.244570
    3355   -1.166279
    3356   -1.166279
    3357   -1.075599
    3358   -1.075599
    3359   -0.970839
    3360   -0.970839
    3361   -0.851874
    3362   -0.851874
    3363   -0.723724
    3364   -0.723724
    3365   -0.618709
    3366   -0.618709
    3367   -3.362081
    3368   -3.362081
    3369   -3.360183
    3370   -3.360183
    3371   -3.356380
    3372   -3.356380
    3373   -3.351937
    3374   -3.351937
    3375   -3.348822
    3376   -3.348822
    3377   -3.346561
    3378   -3.346561
    3379   -3.344291
    3380   -3.344291
    3381   -3.341848
    3382   -3.341848
    3383   -3.339176
    3384   -3.339176
    3385   -3.336236
    3386   -3.336236
    3387   -3.333031
    3388   -3.333031
    3389   -3.329585
    3390   -3.329585
    3391   -3.325926
    3392   -3.325926
    3393   -3.322073
    3394   -3.322073
    3395   -3.318045
    3396   -3.318045
    3397   -3.313851
    3398   -3.313851
    3399   -3.309508
    3400   -3.309508
    3401   -3.305058
    3402   -3.305058
    3403   -3.300535
    3404   -3.300535
    3405   -3.295950
    3406   -3.295950
    3407   -3.291281
    3408   -3.291281
    3409   -3.286488
    3410   -3.286488
    3411   -3.281531
    3412   -3.281531
    3413   -3.276367
    3414   -3.276367
    3415   -3.270970
    3416   -3.270970
    3417   -3.265327
    3418   -3.265327
    3419   -3.259435
    3420   -3.259435
    3421   -3.253297
    3422   -3.253297
    3423   -3.246923
    3424   -3.246923
    3425   -3.240331
    3426   -3.240331
    3427   -3.233536
    3428   -3.233536
    3429   -3.226553
    3430   -3.226553
    3431   -3.219381
    3432   -3.219381
    3433   -3.212011
    3434   -3.212011
    3435   -3.204425
    3436   -3.204425
    3437   -3.196606
    3438   -3.196606
    3439   -3.188528
    3440   -3.188528
    3441   -3.180146
    3442   -3.180146
    3443   -3.171440
    3444   -3.171440
    3445   -3.162422
    3446   -3.162422
    3447   -3.153076
    3448   -3.153076
    3449   -3.143372
    3450   -3.143372
    3451   -3.133290
    3452   -3.133290
    3453   -3.122825
    3454   -3.122825
    3455   -3.112084
    3456   -3.112084
    3457   -3.101219
    3458   -3.101219
    3459   -3.090141
    3460   -3.090141
    3461   -3.078614
    3462   -3.078614
    3463   -3.066520
    3464   -3.066520
    3465   -3.053833
    3466   -3.053833
    3467   -3.040563
    3468   -3.040563
    3469   -3.026725
    3470   -3.026725
    3471   -3.012326
    3472   -3.012326
    3473   -2.997396
    3474   -2.997396
    3475   -2.981919
    3476   -2.981919
    3477   -2.965810
    3478   -2.965810
    3479   -2.948950
    3480   -2.948950
    3481   -2.931289
    3482   -2.931289
    3483   -2.912924
    3484   -2.912924
    3485   -2.895206
    3486   -2.895206
    3487   -2.880824
    3488   -2.880824
    3489   -2.869953
    3490   -2.869953
    3491   -2.860138
    3492   -2.860138
    3493   -2.849960
    3494   -2.849960
    3495   -2.839045
    3496   -2.839045
    3497   -2.827044
    3498   -2.827044
    3499   -2.813752
    3500   -2.813752
    3501   -2.799068
    3502   -2.799068
    3503   -2.783020
    3504   -2.783020
    3505   -2.765618
    3506   -2.765618
    3507   -2.746686
    3508   -2.746686
    3509   -2.726185
    3510   -2.726185
    3511   -2.704121
    3512   -2.704121
    3513   -2.680409
    3514   -2.680409
    3515   -2.654926
    3516   -2.654926
    3517   -2.627560
    3518   -2.627560
    3519   -2.598283
    3520   -2.598283
    3521   -2.567027
    3522   -2.567027
    3523   -2.533605
    3524   -2.533605
    3525   -2.497727
    3526   -2.497727
    3527   -2.459203
    3528   -2.459203
    3529   -2.417936
    3530   -2.417936
    3531   -2.373699
    3532   -2.373699
    3533   -2.326166
    3534   -2.326166
    3535   -2.275000
    3536   -2.275000
    3537   -2.219719
    3538   -2.219719
    3539   -2.159678
    3540   -2.159678
    3541   -2.094116
    3542   -2.094116
    3543   -2.022286
    3544   -2.022286
    3545   -1.943304
    3546   -1.943304
    3547   -1.855866
    3548   -1.855866
    3549   -1.758308
    3550   -1.758308
    3551   -1.648592
    3552   -1.648592
    3553   -1.524058
    3554   -1.524058
    3555   -1.381390
    3556   -1.381390
    3557   -1.218585
    3558   -1.218585
    3559   -1.035255
    3560   -1.035255
    3561   -0.842499
    3562   -0.842499
    3563   -0.688892
    3564   -0.688892
    3565   -5.421704
    3566   -5.421704
    3567   -5.414877
    3568   -5.414877
    3569   -5.404651
    3570   -5.404651
    3571   -5.396763
    3572   -5.396763
    3573   -5.392293
    3574   -5.392293
    3575   -5.388718
    3576   -5.388718
    3577   -5.384992
    3578   -5.384992
    3579   -5.380925
    3580   -5.380925
    3581   -5.376444
    3582   -5.376444
    3583   -5.371504
    3584   -5.371504
    3585   -5.366111
    3586   -5.366111
    3587   -5.360304
    3588   -5.360304
    3589   -5.354135
    3590   -5.354135
    3591   -5.347630
    3592   -5.347630
    3593   -5.340789
    3594   -5.340789
    3595   -5.333577
    3596   -5.333577
    3597   -5.326031
    3598   -5.326031
    3599   -5.318311
    3600   -5.318311
    3601   -5.310503
    3602   -5.310503
    3603   -5.302580
    3604   -5.302580
    3605   -5.294491
    3606   -5.294491
    3607   -5.286194
    3608   -5.286194
    3609   -5.277619
    3610   -5.277619
    3611   -5.268681
    3612   -5.268681
    3613   -5.259307
    3614   -5.259307
    3615   -5.249465
    3616   -5.249465
    3617   -5.239171
    3618   -5.239171
    3619   -5.228448
    3620   -5.228448
    3621   -5.217307
    3622   -5.217307
    3623   -5.205749
    3624   -5.205749
    3625   -5.193813
    3626   -5.193813
    3627   -5.181555
    3628   -5.181555
    3629   -5.168979
    3630   -5.168979
    3631   -5.156053
    3632   -5.156053
    3633   -5.142754
    3634   -5.142754
    3635   -5.129067
    3636   -5.129067
    3637   -5.114963
    3638   -5.114963
    3639   -5.100361
    3640   -5.100361
    3641   -5.085177
    3642   -5.085177
    3643   -5.069422
    3644   -5.069422
    3645   -5.053112
    3646   -5.053112
    3647   -5.036173
    3648   -5.036173
    3649   -5.018581
    3650   -5.018581
    3651   -5.000373
    3652   -5.000373
    3653   -4.981699
    3654   -4.981699
    3655   -4.962749
    3656   -4.962749
    3657   -4.943353
    3658   -4.943353
    3659   -4.923125
    3660   -4.923125
    3661   -4.901904
    3662   -4.901904
    3663   -4.879655
    3664   -4.879655
    3665   -4.856418
    3666   -4.856418
    3667   -4.832244
    3668   -4.832244
    3669   -4.807142
    3670   -4.807142
    3671   -4.781170
    3672   -4.781170
    3673   -4.754296
    3674   -4.754296
    3675   -4.726341
    3676   -4.726341
    3677   -4.697140
    3678   -4.697140
    3679   -4.666678
    3680   -4.666678
    3681   -4.634804
    3682   -4.634804
    3683   -4.603273
    3684   -4.603273
    3685   -4.576912
    3686   -4.576912
    3687   -4.556802
    3688   -4.556802
    3689   -4.539597
    3690   -4.539597
    3691   -4.522471
    3692   -4.522471
    3693   -4.503435
    3694   -4.503435
    3695   -4.482074
    3696   -4.482074
    3697   -4.458633
    3698   -4.458633
    3699   -4.432920
    3700   -4.432920
    3701   -4.404818
    3702   -4.404818
    3703   -4.374229
    3704   -4.374229
    3705   -4.341039
    3706   -4.341039
    3707   -4.305186
    3708   -4.305186
    3709   -4.266597
    3710   -4.266597
    3711   -4.225104
    3712   -4.225104
    3713   -4.180506
    3714   -4.180506
    3715   -4.132646
    3716   -4.132646
    3717   -4.081423
    3718   -4.081423
    3719   -4.026696
    3720   -4.026696
    3721   -3.968241
    3722   -3.968241
    3723   -3.905605
    3724   -3.905605
    3725   -3.838331
    3726   -3.838331
    3727   -3.766139
    3728   -3.766139
    3729   -3.688819
    3730   -3.688819
    3731   -3.605918
    3732   -3.605918
    3733   -3.516682
    3734   -3.516682
    3735   -3.420354
    3736   -3.420354
    3737   -3.315964
    3738   -3.315964
    3739   -3.202068
    3740   -3.202068
    3741   -3.077292
    3742   -3.077292
    3743   -2.940054
    3744   -2.940054
    3745   -2.788376
    3746   -2.788376
    3747   -2.619710
    3748   -2.619710
    3749   -2.430604
    3750   -2.430604
    3751   -2.216430
    3752   -2.216430
    3753   -1.972174
    3754   -1.972174
    3755   -1.693795
    3756   -1.693795
    3757   -1.379556
    3758   -1.379556
    3759   -1.051052
    3760   -1.051052
    3761   -0.791123
    3762   -0.791123
    3763   -8.599688
    3764   -8.599688
    3765   -8.585772
    3766   -8.585772
    3767   -8.566251
    3768   -8.566251
    3769   -8.553668
    3770   -8.553668
    3771   -8.547346
    3772   -8.547346
    3773   -8.541780
    3774   -8.541780
    3775   -8.535834
    3776   -8.535834
    3777   -8.529257
    3778   -8.529257
    3779   -8.521976
    3780   -8.521976
    3781   -8.513957
    3782   -8.513957
    3783   -8.505208
    3784   -8.505208
    3785   -8.495771
    3786   -8.495771
    3787   -8.485736
    3788   -8.485736
    3789   -8.475151
    3790   -8.475151
    3791   -8.463995
    3792   -8.463995
    3793   -8.452163
    3794   -8.452163
    3795   -8.439717
    3796   -8.439717
    3797   -8.426999
    3798   -8.426999
    3799   -8.414180
    3800   -8.414180
    3801   -8.401172
    3802   -8.401172
    3803   -8.387877
    3804   -8.387877
    3805   -8.374237
    3806   -8.374237
    3807   -8.360138
    3808   -8.360138
    3809   -8.345453
    3810   -8.345453
    3811   -8.330037
    3812   -8.330037
    3813   -8.313805
    3814   -8.313805
    3815   -8.296814
    3816   -8.296814
    3817   -8.279111
    3818   -8.279111
    3819   -8.260717
    3820   -8.260717
    3821   -8.241608
    3822   -8.241608
    3823   -8.221856
    3824   -8.221856
    3825   -8.201589
    3826   -8.201589
    3827   -8.180808
    3828   -8.180808
    3829   -8.159447
    3830   -8.159447
    3831   -8.137468
    3832   -8.137468
    3833   -8.114856
    3834   -8.114856
    3835   -8.091581
    3836   -8.091581
    3837   -8.067526
    3838   -8.067526
    3839   -8.042491
    3840   -8.042491
    3841   -8.016488
    3842   -8.016488
    3843   -7.989590
    3844   -7.989590
    3845   -7.961640
    3846   -7.961640
    3847   -7.932603
    3848   -7.932603
    3849   -7.902577
    3850   -7.902577
    3851   -7.871792
    3852   -7.871792
    3853   -7.840570
    3854   -7.840570
    3855   -7.808596
    3856   -7.808596
    3857   -7.775170
    3858   -7.775170
    3859   -7.740070
    3860   -7.740070
    3861   -7.703270
    3862   -7.703270
    3863   -7.664863
    3864   -7.664863
    3865   -7.624964
    3866   -7.624964
    3867   -7.583555
    3868   -7.583555
    3869   -7.540736
    3870   -7.540736
    3871   -7.496455
    3872   -7.496455
    3873   -7.450406
    3874   -7.450406
    3875   -7.402319
    3876   -7.402319
    3877   -7.352105
    3878   -7.352105
    3879   -7.299187
    3880   -7.299187
    3881   -7.246227
    3882   -7.246227
    3883   -7.201537
    3884   -7.201537
    3885   -7.167321
    3886   -7.167321
    3887   -7.139244
    3888   -7.139244
    3889   -7.112350
    3890   -7.112350
    3891   -7.081221
    3892   -7.081221
    3893   -7.045571
    3894   -7.045571
    3895   -7.006828
    3896   -7.006828
    3897   -6.964469
    3898   -6.964469
    3899   -6.918154
    3900   -6.918154
    3901   -6.867694
    3902   -6.867694
    3903   -6.812975
    3904   -6.812975
    3905   -6.753895
    3906   -6.753895
    3907   -6.690327
    3908   -6.690327
    3909   -6.621951
    3910   -6.621951
    3911   -6.548431
    3912   -6.548431
    3913   -6.469530
    3914   -6.469530
    3915   -6.385017
    3916   -6.385017
    3917   -6.294707
    3918   -6.294707
    3919   -6.198327
    3920   -6.198327
    3921   -6.095086
    3922   -6.095086
    3923   -5.984121
    3924   -5.984121
    3925   -5.864860
    3926   -5.864860
    3927   -5.737205
    3928   -5.737205
    3929   -5.600568
    3930   -5.600568
    3931   -5.453365
    3932   -5.453365
    3933   -5.294492
    3934   -5.294492
    3935   -5.122607
    3936   -5.122607
    3937   -4.935117
    3938   -4.935117
    3939   -4.729709
    3940   -4.729709
    3941   -4.503806
    3942   -4.503806
    3943   -4.254359
    3944   -4.254359
    3945   -3.977312
    3946   -3.977312
    3947   -3.667002
    3948   -3.667002
    3949   -3.315565
    3950   -3.315565
    3951   -2.914984
    3952   -2.914984
    3953   -2.457299
    3954   -2.457299
    3955   -1.936128
    3956   -1.936128
    3957   -1.384930
    3958   -1.384930
    3959   -0.945126
    3960   -0.945126
