       1   -0.032978
       2   -0.032978
       3   -0.032724
       4   -0.032724
       5   -0.032413
       6   -0.032413
       7   -0.032340
       8   -0.032340
       9   -0.032399
      10   -0.032399
      11   -0.032419
      12   -0.032419
      13   -0.032410
      14   -0.032410
      15   -0.032398
      16   -0.032398
      17   -0.032387
      18   -0.032387
      19   -0.032373
      20   -0.032373
      21   -0.032355
      22   -0.032355
      23   -0.032333
      24   -0.032333
      25   -0.032305
      26   -0.032305
      27   -0.032272
      28   -0.032272
      29   -0.032234
      30   -0.032234
      31   -0.032191
      32   -0.032191
      33   -0.032145
      34   -0.032145
      35   -0.032096
      36   -0.032096
      37   -0.032044
      38   -0.032044
      39   -0.031989
      40   -0.031989
      41   -0.031932
      42   -0.031932
      43   -0.031877
      44   -0.031877
      45   -0.031821
      46   -0.031821
      47   -0.031762
      48   -0.031762
      49   -0.031700
      50   -0.031700
      51   -0.031636
      52   -0.031636
      53   -0.031568
      54   -0.031568
      55   -0.031497
      56   -0.031497
      57   -0.031424
      58   -0.031424
      59   -0.031348
      60   -0.031348
      61   -0.031269
      62   -0.031269
      63   -0.031188
      64   -0.031188
      65   -0.031104
      66   -0.031104
      67   -0.031020
      68   -0.031020
      69   -0.030935
      70   -0.030935
      71   -0.030848
      72   -0.030848
      73   -0.030754
      74   -0.030754
      75   -0.030647
      76   -0.030647
      77   -0.030530
      78   -0.030530
      79   -0.030410
      80   -0.030410
      81   -0.030287
      82   -0.030287
      83   -0.030165
      84   -0.030165
      85   -0.030036
      86   -0.030036
      87   -0.029896
      88   -0.029896
      89   -0.029754
      90   -0.029754
      91   -0.029601
      92   -0.029601
      93   -0.029432
      94   -0.029432
      95   -0.029262
      96   -0.029262
      97   -0.029083
      98   -0.029083
      99   -0.028878
     100   -0.028878
     101   -0.028660
     102   -0.028660
     103   -0.028435
     104   -0.028435
     105   -0.028180
     106   -0.028180
     107   -0.027879
     108   -0.027879
     109   -0.027527
     110   -0.027527
     111   -0.027110
     112   -0.027110
     113   -0.026625
     114   -0.026625
     115   -0.026073
     116   -0.026073
     117   -0.025456
     118   -0.025456
     119   -0.025003
     120   -0.025003
     121   -0.024909
     122   -0.024909
     123   -0.025015
     124   -0.025015
     125   -0.025145
     126   -0.025145
     127   -0.025247
     128   -0.025247
     129   -0.025305
     130   -0.025305
     131   -0.025308
     132   -0.025308
     133   -0.025270
     134   -0.025270
     135   -0.025208
     136   -0.025208
     137   -0.025117
     138   -0.025117
     139   -0.025007
     140   -0.025007
     141   -0.024880
     142   -0.024880
     143   -0.024732
     144   -0.024732
     145   -0.024571
     146   -0.024571
     147   -0.024403
     148   -0.024403
     149   -0.024198
     150   -0.024198
     151   -0.023955
     152   -0.023955
     153   -0.023697
     154   -0.023697
     155   -0.023408
     156   -0.023408
     157   -0.023076
     158   -0.023076
     159   -0.022703
     160   -0.022703
     161   -0.022302
     162   -0.022302
     163   -0.021887
     164   -0.021887
     165   -0.021391
     166   -0.021391
     167   -0.020769
     168   -0.020769
     169   -0.020065
     170   -0.020065
     171   -0.019302
     172   -0.019302
     173   -0.018434
     174   -0.018434
     175   -0.017402
     176   -0.017402
     177   -0.016202
     178   -0.016202
     179   -0.014810
     180   -0.014810
     181   -0.013087
     182   -0.013087
     183   -0.011012
     184   -0.011012
     185   -0.008550
     186   -0.008550
     187   -0.005752
     188   -0.005752
     189   -0.002348
     190   -0.002348
     191    0.001926
     192    0.001926
     193    0.008600
     194    0.008600
     195    0.019245
     196    0.019245
     197    0.028945
     198    0.028945
     199   -0.093969
     200   -0.093969
     201   -0.093497
     202   -0.093497
     203   -0.092979
     204   -0.092979
     205   -0.092916
     206   -0.092916
     207   -0.093037
     208   -0.093037
     209   -0.093062
     210   -0.093062
     211   -0.093039
     212   -0.093039
     213   -0.093006
     214   -0.093006
     215   -0.092976
     216   -0.092976
     217   -0.092934
     218   -0.092934
     219   -0.092880
     220   -0.092880
     221   -0.092818
     222   -0.092818
     223   -0.092740
     224   -0.092740
     225   -0.092649
     226   -0.092649
     227   -0.092544
     228   -0.092544
     229   -0.092425
     230   -0.092425
     231   -0.092296
     232   -0.092296
     233   -0.092157
     234   -0.092157
     235   -0.092009
     236   -0.092009
     237   -0.091854
     238   -0.091854
     239   -0.091695
     240   -0.091695
     241   -0.091536
     242   -0.091536
     243   -0.091375
     244   -0.091375
     245   -0.091207
     246   -0.091207
     247   -0.091035
     248   -0.091035
     249   -0.090856
     250   -0.090856
     251   -0.090664
     252   -0.090664
     253   -0.090463
     254   -0.090463
     255   -0.090256
     256   -0.090256
     257   -0.090043
     258   -0.090043
     259   -0.089822
     260   -0.089822
     261   -0.089593
     262   -0.089593
     263   -0.089360
     264   -0.089360
     265   -0.089123
     266   -0.089123
     267   -0.088885
     268   -0.088885
     269   -0.088642
     270   -0.088642
     271   -0.088381
     272   -0.088381
     273   -0.088081
     274   -0.088081
     275   -0.087754
     276   -0.087754
     277   -0.087414
     278   -0.087414
     279   -0.087066
     280   -0.087066
     281   -0.086716
     282   -0.086716
     283   -0.086354
     284   -0.086354
     285   -0.085966
     286   -0.085966
     287   -0.085570
     288   -0.085570
     289   -0.085150
     290   -0.085150
     291   -0.084685
     292   -0.084685
     293   -0.084206
     294   -0.084206
     295   -0.083695
     296   -0.083695
     297   -0.083120
     298   -0.083120
     299   -0.082519
     300   -0.082519
     301   -0.081894
     302   -0.081894
     303   -0.081182
     304   -0.081182
     305   -0.080347
     306   -0.080347
     307   -0.079372
     308   -0.079372
     309   -0.078226
     310   -0.078226
     311   -0.076912
     312   -0.076912
     313   -0.075408
     314   -0.075408
     315   -0.073734
     316   -0.073734
     317   -0.072509
     318   -0.072509
     319   -0.072248
     320   -0.072248
     321   -0.072539
     322   -0.072539
     323   -0.072914
     324   -0.072914
     325   -0.073215
     326   -0.073215
     327   -0.073385
     328   -0.073385
     329   -0.073407
     330   -0.073407
     331   -0.073326
     332   -0.073326
     333   -0.073182
     334   -0.073182
     335   -0.072956
     336   -0.072956
     337   -0.072671
     338   -0.072671
     339   -0.072334
     340   -0.072334
     341   -0.071935
     342   -0.071935
     343   -0.071495
     344   -0.071495
     345   -0.071024
     346   -0.071024
     347   -0.070448
     348   -0.070448
     349   -0.069779
     350   -0.069779
     351   -0.069076
     352   -0.069076
     353   -0.068283
     354   -0.068283
     355   -0.067364
     356   -0.067364
     357   -0.066325
     358   -0.066325
     359   -0.065202
     360   -0.065202
     361   -0.064032
     362   -0.064032
     363   -0.062656
     364   -0.062656
     365   -0.060981
     366   -0.060981
     367   -0.059094
     368   -0.059094
     369   -0.057042
     370   -0.057042
     371   -0.054700
     372   -0.054700
     373   -0.051903
     374   -0.051903
     375   -0.048662
     376   -0.048662
     377   -0.044900
     378   -0.044900
     379   -0.040286
     380   -0.040286
     381   -0.034807
     382   -0.034807
     383   -0.028446
     384   -0.028446
     385   -0.021435
     386   -0.021435
     387   -0.013203
     388   -0.013203
     389   -0.002860
     390   -0.002860
     391    0.012560
     392    0.012560
     393    0.034988
     394    0.034988
     395    0.054181
     396    0.054181
     397   -0.146798
     398   -0.146798
     399   -0.146426
     400   -0.146426
     401   -0.146124
     402   -0.146124
     403   -0.146221
     404   -0.146221
     405   -0.146370
     406   -0.146370
     407   -0.146388
     408   -0.146388
     409   -0.146360
     410   -0.146360
     411   -0.146316
     412   -0.146316
     413   -0.146269
     414   -0.146269
     415   -0.146201
     416   -0.146201
     417   -0.146112
     418   -0.146112
     419   -0.146009
     420   -0.146009
     421   -0.145889
     422   -0.145889
     423   -0.145751
     424   -0.145751
     425   -0.145594
     426   -0.145594
     427   -0.145415
     428   -0.145415
     429   -0.145218
     430   -0.145218
     431   -0.145004
     432   -0.145004
     433   -0.144777
     434   -0.144777
     435   -0.144539
     436   -0.144539
     437   -0.144293
     438   -0.144293
     439   -0.144043
     440   -0.144043
     441   -0.143790
     442   -0.143790
     443   -0.143530
     444   -0.143530
     445   -0.143266
     446   -0.143266
     447   -0.142991
     448   -0.142991
     449   -0.142697
     450   -0.142697
     451   -0.142390
     452   -0.142390
     453   -0.142073
     454   -0.142073
     455   -0.141746
     456   -0.141746
     457   -0.141407
     458   -0.141407
     459   -0.141058
     460   -0.141058
     461   -0.140701
     462   -0.140701
     463   -0.140340
     464   -0.140340
     465   -0.139977
     466   -0.139977
     467   -0.139613
     468   -0.139613
     469   -0.139224
     470   -0.139224
     471   -0.138771
     472   -0.138771
     473   -0.138267
     474   -0.138267
     475   -0.137742
     476   -0.137742
     477   -0.137204
     478   -0.137204
     479   -0.136664
     480   -0.136664
     481   -0.136111
     482   -0.136111
     483   -0.135530
     484   -0.135530
     485   -0.134933
     486   -0.134933
     487   -0.134304
     488   -0.134304
     489   -0.133614
     490   -0.133614
     491   -0.132878
     492   -0.132878
     493   -0.132085
     494   -0.132085
     495   -0.131219
     496   -0.131219
     497   -0.130313
     498   -0.130313
     499   -0.129351
     500   -0.129351
     501   -0.128254
     502   -0.128254
     503   -0.126976
     504   -0.126976
     505   -0.125510
     506   -0.125510
     507   -0.123836
     508   -0.123836
     509   -0.121948
     510   -0.121948
     511   -0.119807
     512   -0.119807
     513   -0.117498
     514   -0.117498
     515   -0.115796
     516   -0.115796
     517   -0.115349
     518   -0.115349
     519   -0.115726
     520   -0.115726
     521   -0.116287
     522   -0.116287
     523   -0.116748
     524   -0.116748
     525   -0.117005
     526   -0.117005
     527   -0.117046
     528   -0.117046
     529   -0.116946
     530   -0.116946
     531   -0.116749
     532   -0.116749
     533   -0.116437
     534   -0.116437
     535   -0.116028
     536   -0.116028
     537   -0.115530
     538   -0.115530
     539   -0.114941
     540   -0.114941
     541   -0.114267
     542   -0.114267
     543   -0.113510
     544   -0.113510
     545   -0.112615
     546   -0.112615
     547   -0.111606
     548   -0.111606
     549   -0.110532
     550   -0.110532
     551   -0.109316
     552   -0.109316
     553   -0.107908
     554   -0.107908
     555   -0.106306
     556   -0.106306
     557   -0.104555
     558   -0.104555
     559   -0.102696
     560   -0.102696
     561   -0.100596
     562   -0.100596
     563   -0.098164
     564   -0.098164
     565   -0.095425
     566   -0.095425
     567   -0.092431
     568   -0.092431
     569   -0.089009
     570   -0.089009
     571   -0.084927
     572   -0.084927
     573   -0.080225
     574   -0.080225
     575   -0.074771
     576   -0.074771
     577   -0.068252
     578   -0.068252
     579   -0.060742
     580   -0.060742
     581   -0.052441
     582   -0.052441
     583   -0.043780
     584   -0.043780
     585   -0.034021
     586   -0.034021
     587   -0.020636
     588   -0.020636
     589   -0.001977
     590   -0.001977
     591    0.019062
     592    0.019062
     593    0.034481
     594    0.034481
     595   -0.196085
     596   -0.196085
     597   -0.195713
     598   -0.195713
     599   -0.195437
     600   -0.195437
     601   -0.195574
     602   -0.195574
     603   -0.195760
     604   -0.195760
     605   -0.195808
     606   -0.195808
     607   -0.195795
     608   -0.195795
     609   -0.195746
     610   -0.195746
     611   -0.195676
     612   -0.195676
     613   -0.195579
     614   -0.195579
     615   -0.195454
     616   -0.195454
     617   -0.195307
     618   -0.195307
     619   -0.195140
     620   -0.195140
     621   -0.194952
     622   -0.194952
     623   -0.194742
     624   -0.194742
     625   -0.194511
     626   -0.194511
     627   -0.194255
     628   -0.194255
     629   -0.193975
     630   -0.193975
     631   -0.193678
     632   -0.193678
     633   -0.193365
     634   -0.193365
     635   -0.193040
     636   -0.193040
     637   -0.192708
     638   -0.192708
     639   -0.192372
     640   -0.192372
     641   -0.192031
     642   -0.192031
     643   -0.191680
     644   -0.191680
     645   -0.191317
     646   -0.191317
     647   -0.190934
     648   -0.190934
     649   -0.190534
     650   -0.190534
     651   -0.190119
     652   -0.190119
     653   -0.189690
     654   -0.189690
     655   -0.189248
     656   -0.189248
     657   -0.188792
     658   -0.188792
     659   -0.188327
     660   -0.188327
     661   -0.187854
     662   -0.187854
     663   -0.187380
     664   -0.187380
     665   -0.186908
     666   -0.186908
     667   -0.186408
     668   -0.186408
     669   -0.185828
     670   -0.185828
     671   -0.185176
     672   -0.185176
     673   -0.184490
     674   -0.184490
     675   -0.183795
     676   -0.183795
     677   -0.183096
     678   -0.183096
     679   -0.182380
     680   -0.182380
     681   -0.181635
     682   -0.181635
     683   -0.180864
     684   -0.180864
     685   -0.180049
     686   -0.180049
     687   -0.179165
     688   -0.179165
     689   -0.178207
     690   -0.178207
     691   -0.177177
     692   -0.177177
     693   -0.176071
     694   -0.176071
     695   -0.174890
     696   -0.174890
     697   -0.173593
     698   -0.173593
     699   -0.172113
     700   -0.172113
     701   -0.170434
     702   -0.170434
     703   -0.168570
     704   -0.168570
     705   -0.166512
     706   -0.166512
     707   -0.164226
     708   -0.164226
     709   -0.161707
     710   -0.161707
     711   -0.159150
     712   -0.159150
     713   -0.157227
     714   -0.157227
     715   -0.156565
     716   -0.156565
     717   -0.156893
     718   -0.156893
     719   -0.157513
     720   -0.157513
     721   -0.158047
     722   -0.158047
     723   -0.158348
     724   -0.158348
     725   -0.158393
     726   -0.158393
     727   -0.158260
     728   -0.158260
     729   -0.157982
     730   -0.157982
     731   -0.157559
     732   -0.157559
     733   -0.157006
     734   -0.157006
     735   -0.156340
     736   -0.156340
     737   -0.155557
     738   -0.155557
     739   -0.154640
     740   -0.154640
     741   -0.153579
     742   -0.153579
     743   -0.152369
     744   -0.152369
     745   -0.151029
     746   -0.151029
     747   -0.149557
     748   -0.149557
     749   -0.147880
     750   -0.147880
     751   -0.145970
     752   -0.145970
     753   -0.143815
     754   -0.143815
     755   -0.141443
     756   -0.141443
     757   -0.138880
     758   -0.138880
     759   -0.136087
     760   -0.136087
     761   -0.132987
     762   -0.132987
     763   -0.129497
     764   -0.129497
     765   -0.125675
     766   -0.125675
     767   -0.121329
     768   -0.121329
     769   -0.116235
     770   -0.116235
     771   -0.110446
     772   -0.110446
     773   -0.103800
     774   -0.103800
     775   -0.096179
     776   -0.096179
     777   -0.087714
     778   -0.087714
     779   -0.079030
     780   -0.079030
     781   -0.070584
     782   -0.070584
     783   -0.061135
     784   -0.061135
     785   -0.046279
     786   -0.046279
     787   -0.026407
     788   -0.026407
     789   -0.009630
     790   -0.009630
     791    0.000694
     792    0.000694
     793   -0.246612
     794   -0.246612
     795   -0.246061
     796   -0.246061
     797   -0.245542
     798   -0.245542
     799   -0.245623
     800   -0.245623
     801   -0.245907
     802   -0.245907
     803   -0.246034
     804   -0.246034
     805   -0.246040
     806   -0.246040
     807   -0.245972
     808   -0.245972
     809   -0.245864
     810   -0.245864
     811   -0.245724
     812   -0.245724
     813   -0.245555
     814   -0.245555
     815   -0.245358
     816   -0.245358
     817   -0.245135
     818   -0.245135
     819   -0.244887
     820   -0.244887
     821   -0.244617
     822   -0.244617
     823   -0.244326
     824   -0.244326
     825   -0.244011
     826   -0.244011
     827   -0.243670
     828   -0.243670
     829   -0.243303
     830   -0.243303
     831   -0.242915
     832   -0.242915
     833   -0.242513
     834   -0.242513
     835   -0.242101
     836   -0.242101
     837   -0.241685
     838   -0.241685
     839   -0.241263
     840   -0.241263
     841   -0.240828
     842   -0.240828
     843   -0.240376
     844   -0.240376
     845   -0.239906
     846   -0.239906
     847   -0.239416
     848   -0.239416
     849   -0.238906
     850   -0.238906
     851   -0.238380
     852   -0.238380
     853   -0.237836
     854   -0.237836
     855   -0.237276
     856   -0.237276
     857   -0.236703
     858   -0.236703
     859   -0.236119
     860   -0.236119
     861   -0.235530
     862   -0.235530
     863   -0.234936
     864   -0.234936
     865   -0.234311
     866   -0.234311
     867   -0.233611
     868   -0.233611
     869   -0.232836
     870   -0.232836
     871   -0.232020
     872   -0.232020
     873   -0.231190
     874   -0.231190
     875   -0.230345
     876   -0.230345
     877   -0.229474
     878   -0.229474
     879   -0.228571
     880   -0.228571
     881   -0.227625
     882   -0.227625
     883   -0.226619
     884   -0.226619
     885   -0.225540
     886   -0.225540
     887   -0.224376
     888   -0.224376
     889   -0.223133
     890   -0.223133
     891   -0.221798
     892   -0.221798
     893   -0.220340
     894   -0.220340
     895   -0.218711
     896   -0.218711
     897   -0.216885
     898   -0.216885
     899   -0.214882
     900   -0.214882
     901   -0.212713
     902   -0.212713
     903   -0.210353
     904   -0.210353
     905   -0.207761
     906   -0.207761
     907   -0.204989
     908   -0.204989
     909   -0.202296
     910   -0.202296
     911   -0.200242
     912   -0.200242
     913   -0.199388
     914   -0.199388
     915   -0.199559
     916   -0.199559
     917   -0.200083
     918   -0.200083
     919   -0.200575
     920   -0.200575
     921   -0.200872
     922   -0.200872
     923   -0.200913
     924   -0.200913
     925   -0.200742
     926   -0.200742
     927   -0.200368
     928   -0.200368
     929   -0.199800
     930   -0.199800
     931   -0.199085
     932   -0.199085
     933   -0.198238
     934   -0.198238
     935   -0.197243
     936   -0.197243
     937   -0.196081
     938   -0.196081
     939   -0.194735
     940   -0.194735
     941   -0.193217
     942   -0.193217
     943   -0.191537
     944   -0.191537
     945   -0.189649
     946   -0.189649
     947   -0.187491
     948   -0.187491
     949   -0.185063
     950   -0.185063
     951   -0.182379
     952   -0.182379
     953   -0.179426
     954   -0.179426
     955   -0.176197
     956   -0.176197
     957   -0.172708
     958   -0.172708
     959   -0.168888
     960   -0.168888
     961   -0.164624
     962   -0.164624
     963   -0.159964
     964   -0.159964
     965   -0.154757
     966   -0.154757
     967   -0.148829
     968   -0.148829
     969   -0.142179
     970   -0.142179
     971   -0.134675
     972   -0.134675
     973   -0.126273
     974   -0.126273
     975   -0.117016
     976   -0.117016
     977   -0.108404
     978   -0.108404
     979   -0.100503
     980   -0.100503
     981   -0.090555
     982   -0.090555
     983   -0.075226
     984   -0.075226
     985   -0.056141
     986   -0.056141
     987   -0.040783
     988   -0.040783
     989   -0.031038
     990   -0.031038
     991   -0.301935
     992   -0.301935
     993   -0.301373
     994   -0.301373
     995   -0.300830
     996   -0.300830
     997   -0.300876
     998   -0.300876
     999   -0.301089
    1000   -0.301089
    1001   -0.301119
    1002   -0.301119
    1003   -0.301041
    1004   -0.301041
    1005   -0.300900
    1006   -0.300900
    1007   -0.300725
    1008   -0.300725
    1009   -0.300521
    1010   -0.300521
    1011   -0.300294
    1012   -0.300294
    1013   -0.300038
    1014   -0.300038
    1015   -0.299753
    1016   -0.299753
    1017   -0.299439
    1018   -0.299439
    1019   -0.299101
    1020   -0.299101
    1021   -0.298741
    1022   -0.298741
    1023   -0.298357
    1024   -0.298357
    1025   -0.297948
    1026   -0.297948
    1027   -0.297507
    1028   -0.297507
    1029   -0.297039
    1030   -0.297039
    1031   -0.296554
    1032   -0.296554
    1033   -0.296061
    1034   -0.296061
    1035   -0.295564
    1036   -0.295564
    1037   -0.295060
    1038   -0.295060
    1039   -0.294541
    1040   -0.294541
    1041   -0.294005
    1042   -0.294005
    1043   -0.293448
    1044   -0.293448
    1045   -0.292866
    1046   -0.292866
    1047   -0.292261
    1048   -0.292261
    1049   -0.291634
    1050   -0.291634
    1051   -0.290986
    1052   -0.290986
    1053   -0.290314
    1054   -0.290314
    1055   -0.289625
    1056   -0.289625
    1057   -0.288925
    1058   -0.288925
    1059   -0.288213
    1060   -0.288213
    1061   -0.287484
    1062   -0.287484
    1063   -0.286720
    1064   -0.286720
    1065   -0.285895
    1066   -0.285895
    1067   -0.285009
    1068   -0.285009
    1069   -0.284078
    1070   -0.284078
    1071   -0.283116
    1072   -0.283116
    1073   -0.282119
    1074   -0.282119
    1075   -0.281086
    1076   -0.281086
    1077   -0.280014
    1078   -0.280014
    1079   -0.278881
    1080   -0.278881
    1081   -0.277678
    1082   -0.277678
    1083   -0.276401
    1084   -0.276401
    1085   -0.275038
    1086   -0.275038
    1087   -0.273585
    1088   -0.273585
    1089   -0.272021
    1090   -0.272021
    1091   -0.270308
    1092   -0.270308
    1093   -0.268419
    1094   -0.268419
    1095   -0.266367
    1096   -0.266367
    1097   -0.264155
    1098   -0.264155
    1099   -0.261762
    1100   -0.261762
    1101   -0.259148
    1102   -0.259148
    1103   -0.256295
    1104   -0.256295
    1105   -0.253293
    1106   -0.253293
    1107   -0.250384
    1108   -0.250384
    1109   -0.248072
    1110   -0.248072
    1111   -0.246913
    1112   -0.246913
    1113   -0.246813
    1114   -0.246813
    1115   -0.247146
    1116   -0.247146
    1117   -0.247494
    1118   -0.247494
    1119   -0.247685
    1120   -0.247685
    1121   -0.247638
    1122   -0.247638
    1123   -0.247383
    1124   -0.247383
    1125   -0.246936
    1126   -0.246936
    1127   -0.246286
    1128   -0.246286
    1129   -0.245465
    1130   -0.245465
    1131   -0.244467
    1132   -0.244467
    1133   -0.243275
    1134   -0.243275
    1135   -0.241902
    1136   -0.241902
    1137   -0.240338
    1138   -0.240338
    1139   -0.238574
    1140   -0.238574
    1141   -0.236603
    1142   -0.236603
    1143   -0.234371
    1144   -0.234371
    1145   -0.231828
    1146   -0.231828
    1147   -0.228982
    1148   -0.228982
    1149   -0.225860
    1150   -0.225860
    1151   -0.222408
    1152   -0.222408
    1153   -0.218592
    1154   -0.218592
    1155   -0.214439
    1156   -0.214439
    1157   -0.209875
    1158   -0.209875
    1159   -0.204827
    1160   -0.204827
    1161   -0.199333
    1162   -0.199333
    1163   -0.193313
    1164   -0.193313
    1165   -0.186623
    1166   -0.186623
    1167   -0.179177
    1168   -0.179177
    1169   -0.170842
    1170   -0.170842
    1171   -0.161465
    1172   -0.161465
    1173   -0.150864
    1174   -0.150864
    1175   -0.141344
    1176   -0.141344
    1177   -0.132538
    1178   -0.132538
    1179   -0.120067
    1180   -0.120067
    1181   -0.103758
    1182   -0.103758
    1183   -0.085609
    1184   -0.085609
    1185   -0.068509
    1186   -0.068509
    1187   -0.056030
    1188   -0.056030
    1189   -0.365097
    1190   -0.365097
    1191   -0.364755
    1192   -0.364755
    1193   -0.364447
    1194   -0.364447
    1195   -0.364366
    1196   -0.364366
    1197   -0.364214
    1198   -0.364214
    1199   -0.363946
    1200   -0.363946
    1201   -0.363685
    1202   -0.363685
    1203   -0.363415
    1204   -0.363415
    1205   -0.363131
    1206   -0.363131
    1207   -0.362836
    1208   -0.362836
    1209   -0.362529
    1210   -0.362529
    1211   -0.362198
    1212   -0.362198
    1213   -0.361837
    1214   -0.361837
    1215   -0.361447
    1216   -0.361447
    1217   -0.361030
    1218   -0.361030
    1219   -0.360587
    1220   -0.360587
    1221   -0.360119
    1222   -0.360119
    1223   -0.359624
    1224   -0.359624
    1225   -0.359095
    1226   -0.359095
    1227   -0.358534
    1228   -0.358534
    1229   -0.357953
    1230   -0.357953
    1231   -0.357372
    1232   -0.357372
    1233   -0.356795
    1234   -0.356795
    1235   -0.356207
    1236   -0.356207
    1237   -0.355602
    1238   -0.355602
    1239   -0.354979
    1240   -0.354979
    1241   -0.354332
    1242   -0.354332
    1243   -0.353656
    1244   -0.353656
    1245   -0.352952
    1246   -0.352952
    1247   -0.352219
    1248   -0.352219
    1249   -0.351455
    1250   -0.351455
    1251   -0.350658
    1252   -0.350658
    1253   -0.349838
    1254   -0.349838
    1255   -0.349011
    1256   -0.349011
    1257   -0.348175
    1258   -0.348175
    1259   -0.347314
    1260   -0.347314
    1261   -0.346412
    1262   -0.346412
    1263   -0.345464
    1264   -0.345464
    1265   -0.344465
    1266   -0.344465
    1267   -0.343411
    1268   -0.343411
    1269   -0.342301
    1270   -0.342301
    1271   -0.341140
    1272   -0.341140
    1273   -0.339932
    1274   -0.339932
    1275   -0.338676
    1276   -0.338676
    1277   -0.337350
    1278   -0.337350
    1279   -0.335950
    1280   -0.335950
    1281   -0.334478
    1282   -0.334478
    1283   -0.332921
    1284   -0.332921
    1285   -0.331262
    1286   -0.331262
    1287   -0.329485
    1288   -0.329485
    1289   -0.327566
    1290   -0.327566
    1291   -0.325499
    1292   -0.325499
    1293   -0.323293
    1294   -0.323293
    1295   -0.320918
    1296   -0.320918
    1297   -0.318329
    1298   -0.318329
    1299   -0.315491
    1300   -0.315491
    1301   -0.312412
    1302   -0.312412
    1303   -0.309197
    1304   -0.309197
    1305   -0.306036
    1306   -0.306036
    1307   -0.303343
    1308   -0.303343
    1309   -0.301746
    1310   -0.301746
    1311   -0.301333
    1312   -0.301333
    1313   -0.301481
    1314   -0.301481
    1315   -0.301643
    1316   -0.301643
    1317   -0.301625
    1318   -0.301625
    1319   -0.301388
    1320   -0.301388
    1321   -0.300967
    1322   -0.300967
    1323   -0.300425
    1324   -0.300425
    1325   -0.299730
    1326   -0.299730
    1327   -0.298819
    1328   -0.298819
    1329   -0.297669
    1330   -0.297669
    1331   -0.296291
    1332   -0.296291
    1333   -0.294720
    1334   -0.294720
    1335   -0.292970
    1336   -0.292970
    1337   -0.291007
    1338   -0.291007
    1339   -0.288781
    1340   -0.288781
    1341   -0.286248
    1342   -0.286248
    1343   -0.283402
    1344   -0.283402
    1345   -0.280226
    1346   -0.280226
    1347   -0.276698
    1348   -0.276698
    1349   -0.272775
    1350   -0.272775
    1351   -0.268413
    1352   -0.268413
    1353   -0.263611
    1354   -0.263611
    1355   -0.258313
    1356   -0.258313
    1357   -0.252508
    1358   -0.252508
    1359   -0.246200
    1360   -0.246200
    1361   -0.239331
    1362   -0.239331
    1363   -0.231788
    1364   -0.231788
    1365   -0.223426
    1366   -0.223426
    1367   -0.214074
    1368   -0.214074
    1369   -0.203683
    1370   -0.203683
    1371   -0.191757
    1372   -0.191757
    1373   -0.179613
    1374   -0.179613
    1375   -0.167489
    1376   -0.167489
    1377   -0.152161
    1378   -0.152161
    1379   -0.134303
    1380   -0.134303
    1381   -0.115088
    1382   -0.115088
    1383   -0.094890
    1384   -0.094890
    1385   -0.079121
    1386   -0.079121
    1387   -0.439206
    1388   -0.439206
    1389   -0.438788
    1390   -0.438788
    1391   -0.438219
    1392   -0.438219
    1393   -0.437672
    1394   -0.437672
    1395   -0.437083
    1396   -0.437083
    1397   -0.436489
    1398   -0.436489
    1399   -0.435964
    1400   -0.435964
    1401   -0.435469
    1402   -0.435469
    1403   -0.434992
    1404   -0.434992
    1405   -0.434544
    1406   -0.434544
    1407   -0.434114
    1408   -0.434114
    1409   -0.433678
    1410   -0.433678
    1411   -0.433220
    1412   -0.433220
    1413   -0.432739
    1414   -0.432739
    1415   -0.432233
    1416   -0.432233
    1417   -0.431695
    1418   -0.431695
    1419   -0.431127
    1420   -0.431127
    1421   -0.430529
    1422   -0.430529
    1423   -0.429897
    1424   -0.429897
    1425   -0.429229
    1426   -0.429229
    1427   -0.428536
    1428   -0.428536
    1429   -0.427853
    1430   -0.427853
    1431   -0.427183
    1432   -0.427183
    1433   -0.426500
    1434   -0.426500
    1435   -0.425797
    1436   -0.425797
    1437   -0.425076
    1438   -0.425076
    1439   -0.424332
    1440   -0.424332
    1441   -0.423554
    1442   -0.423554
    1443   -0.422741
    1444   -0.422741
    1445   -0.421891
    1446   -0.421891
    1447   -0.421000
    1448   -0.421000
    1449   -0.420067
    1450   -0.420067
    1451   -0.419104
    1452   -0.419104
    1453   -0.418138
    1454   -0.418138
    1455   -0.417168
    1456   -0.417168
    1457   -0.416169
    1458   -0.416169
    1459   -0.415131
    1460   -0.415131
    1461   -0.414054
    1462   -0.414054
    1463   -0.412931
    1464   -0.412931
    1465   -0.411737
    1466   -0.411737
    1467   -0.410470
    1468   -0.410470
    1469   -0.409144
    1470   -0.409144
    1471   -0.407762
    1472   -0.407762
    1473   -0.406318
    1474   -0.406318
    1475   -0.404804
    1476   -0.404804
    1477   -0.403209
    1478   -0.403209
    1479   -0.401539
    1480   -0.401539
    1481   -0.399782
    1482   -0.399782
    1483   -0.397914
    1484   -0.397914
    1485   -0.395925
    1486   -0.395925
    1487   -0.393808
    1488   -0.393808
    1489   -0.391554
    1490   -0.391554
    1491   -0.389159
    1492   -0.389159
    1493   -0.386593
    1494   -0.386593
    1495   -0.383818
    1496   -0.383818
    1497   -0.380810
    1498   -0.380810
    1499   -0.377600
    1500   -0.377600
    1501   -0.374275
    1502   -0.374275
    1503   -0.370989
    1504   -0.370989
    1505   -0.368134
    1506   -0.368134
    1507   -0.366384
    1508   -0.366384
    1509   -0.365872
    1510   -0.365872
    1511   -0.365938
    1512   -0.365938
    1513   -0.365993
    1514   -0.365993
    1515   -0.365853
    1516   -0.365853
    1517   -0.365475
    1518   -0.365475
    1519   -0.364868
    1520   -0.364868
    1521   -0.364119
    1522   -0.364119
    1523   -0.363209
    1524   -0.363209
    1525   -0.362069
    1526   -0.362069
    1527   -0.360703
    1528   -0.360703
    1529   -0.359118
    1530   -0.359118
    1531   -0.357324
    1532   -0.357324
    1533   -0.355351
    1534   -0.355351
    1535   -0.353150
    1536   -0.353150
    1537   -0.350647
    1538   -0.350647
    1539   -0.347807
    1540   -0.347807
    1541   -0.344641
    1542   -0.344641
    1543   -0.341103
    1544   -0.341103
    1545   -0.337131
    1546   -0.337131
    1547   -0.332723
    1548   -0.332723
    1549   -0.327808
    1550   -0.327808
    1551   -0.322355
    1552   -0.322355
    1553   -0.316376
    1554   -0.316376
    1555   -0.309878
    1556   -0.309878
    1557   -0.302766
    1558   -0.302766
    1559   -0.294970
    1560   -0.294970
    1561   -0.286416
    1562   -0.286416
    1563   -0.276884
    1564   -0.276884
    1565   -0.266181
    1566   -0.266181
    1567   -0.254683
    1568   -0.254683
    1569   -0.241652
    1570   -0.241652
    1571   -0.226102
    1572   -0.226102
    1573   -0.209370
    1574   -0.209370
    1575   -0.191303
    1576   -0.191303
    1577   -0.171071
    1578   -0.171071
    1579   -0.148358
    1580   -0.148358
    1581   -0.123867
    1582   -0.123867
    1583   -0.104423
    1584   -0.104423
    1585   -0.528280
    1586   -0.528280
    1587   -0.527382
    1588   -0.527382
    1589   -0.526030
    1590   -0.526030
    1591   -0.524768
    1592   -0.524768
    1593   -0.523662
    1594   -0.523662
    1595   -0.522653
    1596   -0.522653
    1597   -0.521734
    1598   -0.521734
    1599   -0.520894
    1600   -0.520894
    1601   -0.520140
    1602   -0.520140
    1603   -0.519467
    1604   -0.519467
    1605   -0.518851
    1606   -0.518851
    1607   -0.518261
    1608   -0.518261
    1609   -0.517677
    1610   -0.517677
    1611   -0.517087
    1612   -0.517087
    1613   -0.516478
    1614   -0.516478
    1615   -0.515832
    1616   -0.515832
    1617   -0.515148
    1618   -0.515148
    1619   -0.514434
    1620   -0.514434
    1621   -0.513693
    1622   -0.513693
    1623   -0.512913
    1624   -0.512913
    1625   -0.512104
    1626   -0.512104
    1627   -0.511297
    1628   -0.511297
    1629   -0.510498
    1630   -0.510498
    1631   -0.509690
    1632   -0.509690
    1633   -0.508868
    1634   -0.508868
    1635   -0.508036
    1636   -0.508036
    1637   -0.507185
    1638   -0.507185
    1639   -0.506297
    1640   -0.506297
    1641   -0.505364
    1642   -0.505364
    1643   -0.504383
    1644   -0.504383
    1645   -0.503354
    1646   -0.503354
    1647   -0.502278
    1648   -0.502278
    1649   -0.501167
    1650   -0.501167
    1651   -0.500043
    1652   -0.500043
    1653   -0.498906
    1654   -0.498906
    1655   -0.497745
    1656   -0.497745
    1657   -0.496551
    1658   -0.496551
    1659   -0.495320
    1660   -0.495320
    1661   -0.494043
    1662   -0.494043
    1663   -0.492696
    1664   -0.492696
    1665   -0.491273
    1666   -0.491273
    1667   -0.489784
    1668   -0.489784
    1669   -0.488229
    1670   -0.488229
    1671   -0.486606
    1672   -0.486606
    1673   -0.484907
    1674   -0.484907
    1675   -0.483119
    1676   -0.483119
    1677   -0.481232
    1678   -0.481232
    1679   -0.479241
    1680   -0.479241
    1681   -0.477129
    1682   -0.477129
    1683   -0.474891
    1684   -0.474891
    1685   -0.472528
    1686   -0.472528
    1687   -0.470028
    1688   -0.470028
    1689   -0.467380
    1690   -0.467380
    1691   -0.464576
    1692   -0.464576
    1693   -0.461595
    1694   -0.461595
    1695   -0.458436
    1696   -0.458436
    1697   -0.455134
    1698   -0.455134
    1699   -0.451741
    1700   -0.451741
    1701   -0.448417
    1702   -0.448417
    1703   -0.445620
    1704   -0.445620
    1705   -0.443997
    1706   -0.443997
    1707   -0.443546
    1708   -0.443546
    1709   -0.443583
    1710   -0.443583
    1711   -0.443591
    1712   -0.443591
    1713   -0.443420
    1714   -0.443420
    1715   -0.442997
    1716   -0.442997
    1717   -0.442280
    1718   -0.442280
    1719   -0.441324
    1720   -0.441324
    1721   -0.440145
    1722   -0.440145
    1723   -0.438753
    1724   -0.438753
    1725   -0.437167
    1726   -0.437167
    1727   -0.435370
    1728   -0.435370
    1729   -0.433353
    1730   -0.433353
    1731   -0.431123
    1732   -0.431123
    1733   -0.428633
    1734   -0.428633
    1735   -0.425833
    1736   -0.425833
    1737   -0.422688
    1738   -0.422688
    1739   -0.419163
    1740   -0.419163
    1741   -0.415231
    1742   -0.415231
    1743   -0.410848
    1744   -0.410848
    1745   -0.405984
    1746   -0.405984
    1747   -0.400541
    1748   -0.400541
    1749   -0.394485
    1750   -0.394485
    1751   -0.387875
    1752   -0.387875
    1753   -0.380688
    1754   -0.380688
    1755   -0.372748
    1756   -0.372748
    1757   -0.363937
    1758   -0.363937
    1759   -0.354149
    1760   -0.354149
    1761   -0.343161
    1762   -0.343161
    1763   -0.330824
    1764   -0.330824
    1765   -0.317590
    1766   -0.317590
    1767   -0.302737
    1768   -0.302737
    1769   -0.284334
    1770   -0.284334
    1771   -0.263559
    1772   -0.263559
    1773   -0.241518
    1774   -0.241518
    1775   -0.216757
    1776   -0.216757
    1777   -0.188263
    1778   -0.188263
    1779   -0.157457
    1780   -0.157457
    1781   -0.132761
    1782   -0.132761
    1783   -0.637897
    1784   -0.637897
    1785   -0.636558
    1786   -0.636558
    1787   -0.634603
    1788   -0.634603
    1789   -0.632822
    1790   -0.632822
    1791   -0.631250
    1792   -0.631250
    1793   -0.629819
    1794   -0.629819
    1795   -0.628501
    1796   -0.628501
    1797   -0.627299
    1798   -0.627299
    1799   -0.626244
    1800   -0.626244
    1801   -0.625311
    1802   -0.625311
    1803   -0.624460
    1804   -0.624460
    1805   -0.623660
    1806   -0.623660
    1807   -0.622900
    1808   -0.622900
    1809   -0.622159
    1810   -0.622159
    1811   -0.621410
    1812   -0.621410
    1813   -0.620629
    1814   -0.620629
    1815   -0.619807
    1816   -0.619807
    1817   -0.618960
    1818   -0.618960
    1819   -0.618093
    1820   -0.618093
    1821   -0.617190
    1822   -0.617190
    1823   -0.616252
    1824   -0.616252
    1825   -0.615298
    1826   -0.615298
    1827   -0.614337
    1828   -0.614337
    1829   -0.613373
    1830   -0.613373
    1831   -0.612409
    1832   -0.612409
    1833   -0.611446
    1834   -0.611446
    1835   -0.610470
    1836   -0.610470
    1837   -0.609455
    1838   -0.609455
    1839   -0.608385
    1840   -0.608385
    1841   -0.607260
    1842   -0.607260
    1843   -0.606082
    1844   -0.606082
    1845   -0.604855
    1846   -0.604855
    1847   -0.603586
    1848   -0.603586
    1849   -0.602280
    1850   -0.602280
    1851   -0.600943
    1852   -0.600943
    1853   -0.599585
    1854   -0.599585
    1855   -0.598202
    1856   -0.598202
    1857   -0.596780
    1858   -0.596780
    1859   -0.595311
    1860   -0.595311
    1861   -0.593783
    1862   -0.593783
    1863   -0.592182
    1864   -0.592182
    1865   -0.590509
    1866   -0.590509
    1867   -0.588769
    1868   -0.588769
    1869   -0.586956
    1870   -0.586956
    1871   -0.585056
    1872   -0.585056
    1873   -0.583044
    1874   -0.583044
    1875   -0.580898
    1876   -0.580898
    1877   -0.578624
    1878   -0.578624
    1879   -0.576228
    1880   -0.576228
    1881   -0.573698
    1882   -0.573698
    1883   -0.571043
    1884   -0.571043
    1885   -0.568251
    1886   -0.568251
    1887   -0.565304
    1888   -0.565304
    1889   -0.562209
    1890   -0.562209
    1891   -0.558958
    1892   -0.558958
    1893   -0.555555
    1894   -0.555555
    1895   -0.552021
    1896   -0.552021
    1897   -0.548389
    1898   -0.548389
    1899   -0.544839
    1900   -0.544839
    1901   -0.541873
    1902   -0.541873
    1903   -0.540124
    1904   -0.540124
    1905   -0.539529
    1906   -0.539529
    1907   -0.539406
    1908   -0.539406
    1909   -0.539275
    1910   -0.539275
    1911   -0.539006
    1912   -0.539006
    1913   -0.538544
    1914   -0.538544
    1915   -0.537809
    1916   -0.537809
    1917   -0.536788
    1918   -0.536788
    1919   -0.535505
    1920   -0.535505
    1921   -0.533994
    1922   -0.533994
    1923   -0.532246
    1924   -0.532246
    1925   -0.530243
    1926   -0.530243
    1927   -0.527988
    1928   -0.527988
    1929   -0.525459
    1930   -0.525459
    1931   -0.522613
    1932   -0.522613
    1933   -0.519428
    1934   -0.519428
    1935   -0.515883
    1936   -0.515883
    1937   -0.511922
    1938   -0.511922
    1939   -0.507566
    1940   -0.507566
    1941   -0.502789
    1942   -0.502789
    1943   -0.497485
    1944   -0.497485
    1945   -0.491551
    1946   -0.491551
    1947   -0.484919
    1948   -0.484919
    1949   -0.477613
    1950   -0.477613
    1951   -0.469608
    1952   -0.469608
    1953   -0.460727
    1954   -0.460727
    1955   -0.450740
    1956   -0.450740
    1957   -0.439451
    1958   -0.439451
    1959   -0.426731
    1960   -0.426731
    1961   -0.412479
    1962   -0.412479
    1963   -0.396748
    1964   -0.396748
    1965   -0.379077
    1966   -0.379077
    1967   -0.358095
    1968   -0.358095
    1969   -0.333613
    1970   -0.333613
    1971   -0.305963
    1972   -0.305963
    1973   -0.274297
    1974   -0.274297
    1975   -0.237912
    1976   -0.237912
    1977   -0.198786
    1978   -0.198786
    1979   -0.167239
    1980   -0.167239
    1981   -0.776380
    1982   -0.776380
    1983   -0.774699
    1984   -0.774699
    1985   -0.772313
    1986   -0.772313
    1987   -0.770200
    1988   -0.770200
    1989   -0.768294
    1990   -0.768294
    1991   -0.766503
    1992   -0.766503
    1993   -0.764836
    1994   -0.764836
    1995   -0.763310
    1996   -0.763310
    1997   -0.761946
    1998   -0.761946
    1999   -0.760718
    2000   -0.760718
    2001   -0.759590
    2002   -0.759590
    2003   -0.758541
    2004   -0.758541
    2005   -0.757558
    2006   -0.757558
    2007   -0.756613
    2008   -0.756613
    2009   -0.755677
    2010   -0.755677
    2011   -0.754723
    2012   -0.754723
    2013   -0.753739
    2014   -0.753739
    2015   -0.752734
    2016   -0.752734
    2017   -0.751706
    2018   -0.751706
    2019   -0.750643
    2020   -0.750643
    2021   -0.749544
    2022   -0.749544
    2023   -0.748419
    2024   -0.748419
    2025   -0.747279
    2026   -0.747279
    2027   -0.746143
    2028   -0.746143
    2029   -0.745016
    2030   -0.745016
    2031   -0.743888
    2032   -0.743888
    2033   -0.742748
    2034   -0.742748
    2035   -0.741571
    2036   -0.741571
    2037   -0.740343
    2038   -0.740343
    2039   -0.739061
    2040   -0.739061
    2041   -0.737723
    2042   -0.737723
    2043   -0.736327
    2044   -0.736327
    2045   -0.734874
    2046   -0.734874
    2047   -0.733366
    2048   -0.733366
    2049   -0.731812
    2050   -0.731812
    2051   -0.730223
    2052   -0.730223
    2053   -0.728606
    2054   -0.728606
    2055   -0.726951
    2056   -0.726951
    2057   -0.725249
    2058   -0.725249
    2059   -0.723491
    2060   -0.723491
    2061   -0.721665
    2062   -0.721665
    2063   -0.719770
    2064   -0.719770
    2065   -0.717820
    2066   -0.717820
    2067   -0.715809
    2068   -0.715809
    2069   -0.713685
    2070   -0.713685
    2071   -0.711381
    2072   -0.711381
    2073   -0.708888
    2074   -0.708888
    2075   -0.706267
    2076   -0.706267
    2077   -0.703541
    2078   -0.703541
    2079   -0.700687
    2080   -0.700687
    2081   -0.697707
    2082   -0.697707
    2083   -0.694593
    2084   -0.694593
    2085   -0.691328
    2086   -0.691328
    2087   -0.687927
    2088   -0.687927
    2089   -0.684387
    2090   -0.684387
    2091   -0.680689
    2092   -0.680689
    2093   -0.676822
    2094   -0.676822
    2095   -0.672832
    2096   -0.672832
    2097   -0.668923
    2098   -0.668923
    2099   -0.665644
    2100   -0.665644
    2101   -0.663645
    2102   -0.663645
    2103   -0.662847
    2104   -0.662847
    2105   -0.662585
    2106   -0.662585
    2107   -0.662384
    2108   -0.662384
    2109   -0.662069
    2110   -0.662069
    2111   -0.661586
    2112   -0.661586
    2113   -0.660853
    2114   -0.660853
    2115   -0.659790
    2116   -0.659790
    2117   -0.658406
    2118   -0.658406
    2119   -0.656731
    2120   -0.656731
    2121   -0.654749
    2122   -0.654749
    2123   -0.652469
    2124   -0.652469
    2125   -0.649881
    2126   -0.649881
    2127   -0.646938
    2128   -0.646938
    2129   -0.643601
    2130   -0.643601
    2131   -0.639858
    2132   -0.639858
    2133   -0.635718
    2134   -0.635718
    2135   -0.631161
    2136   -0.631161
    2137   -0.626201
    2138   -0.626201
    2139   -0.620786
    2140   -0.620786
    2141   -0.614802
    2142   -0.614802
    2143   -0.608164
    2144   -0.608164
    2145   -0.600734
    2146   -0.600734
    2147   -0.592481
    2148   -0.592481
    2149   -0.583366
    2150   -0.583366
    2151   -0.573182
    2152   -0.573182
    2153   -0.561682
    2154   -0.561682
    2155   -0.548632
    2156   -0.548632
    2157   -0.533865
    2158   -0.533865
    2159   -0.517147
    2160   -0.517147
    2161   -0.498198
    2162   -0.498198
    2163   -0.477058
    2164   -0.477058
    2165   -0.452857
    2166   -0.452857
    2167   -0.423952
    2168   -0.423952
    2169   -0.389738
    2170   -0.389738
    2171   -0.349693
    2172   -0.349693
    2173   -0.303430
    2174   -0.303430
    2175   -0.253775
    2176   -0.253775
    2177   -0.213647
    2178   -0.213647
    2179   -0.957144
    2180   -0.957144
    2181   -0.955352
    2182   -0.955352
    2183   -0.952756
    2184   -0.952756
    2185   -0.950430
    2186   -0.950430
    2187   -0.948285
    2188   -0.948285
    2189   -0.946201
    2190   -0.946201
    2191   -0.944269
    2192   -0.944269
    2193   -0.942500
    2194   -0.942500
    2195   -0.940859
    2196   -0.940859
    2197   -0.939327
    2198   -0.939327
    2199   -0.937896
    2200   -0.937896
    2201   -0.936572
    2202   -0.936572
    2203   -0.935341
    2204   -0.935341
    2205   -0.934159
    2206   -0.934159
    2207   -0.932995
    2208   -0.932995
    2209   -0.931831
    2210   -0.931831
    2211   -0.930657
    2212   -0.930657
    2213   -0.929458
    2214   -0.929458
    2215   -0.928224
    2216   -0.928224
    2217   -0.926955
    2218   -0.926955
    2219   -0.925654
    2220   -0.925654
    2221   -0.924327
    2222   -0.924327
    2223   -0.922989
    2224   -0.922989
    2225   -0.921656
    2226   -0.921656
    2227   -0.920327
    2228   -0.920327
    2229   -0.918990
    2230   -0.918990
    2231   -0.917634
    2232   -0.917634
    2233   -0.916248
    2234   -0.916248
    2235   -0.914820
    2236   -0.914820
    2237   -0.913343
    2238   -0.913343
    2239   -0.911806
    2240   -0.911806
    2241   -0.910197
    2242   -0.910197
    2243   -0.908515
    2244   -0.908515
    2245   -0.906766
    2246   -0.906766
    2247   -0.904955
    2248   -0.904955
    2249   -0.903089
    2250   -0.903089
    2251   -0.901175
    2252   -0.901175
    2253   -0.899223
    2254   -0.899223
    2255   -0.897222
    2256   -0.897222
    2257   -0.895160
    2258   -0.895160
    2259   -0.893033
    2260   -0.893033
    2261   -0.890849
    2262   -0.890849
    2263   -0.888623
    2264   -0.888623
    2265   -0.886360
    2266   -0.886360
    2267   -0.883965
    2268   -0.883965
    2269   -0.881283
    2270   -0.881283
    2271   -0.878341
    2272   -0.878341
    2273   -0.875288
    2274   -0.875288
    2275   -0.872161
    2276   -0.872161
    2277   -0.868918
    2278   -0.868918
    2279   -0.865545
    2280   -0.865545
    2281   -0.862055
    2282   -0.862055
    2283   -0.858439
    2284   -0.858439
    2285   -0.854686
    2286   -0.854686
    2287   -0.850793
    2288   -0.850793
    2289   -0.846725
    2290   -0.846725
    2291   -0.842476
    2292   -0.842476
    2293   -0.838130
    2294   -0.838130
    2295   -0.833912
    2296   -0.833912
    2297   -0.830483
    2298   -0.830483
    2299   -0.828508
    2300   -0.828508
    2301   -0.827786
    2302   -0.827786
    2303   -0.827664
    2304   -0.827664
    2305   -0.827676
    2306   -0.827676
    2307   -0.827527
    2308   -0.827527
    2309   -0.827113
    2310   -0.827113
    2311   -0.826396
    2312   -0.826396
    2313   -0.825259
    2314   -0.825259
    2315   -0.823686
    2316   -0.823686
    2317   -0.821745
    2318   -0.821745
    2319   -0.819463
    2320   -0.819463
    2321   -0.816835
    2322   -0.816835
    2323   -0.813781
    2324   -0.813781
    2325   -0.810260
    2326   -0.810260
    2327   -0.806278
    2328   -0.806278
    2329   -0.801817
    2330   -0.801817
    2331   -0.796897
    2332   -0.796897
    2333   -0.791508
    2334   -0.791508
    2335   -0.785597
    2336   -0.785597
    2337   -0.779133
    2338   -0.779133
    2339   -0.772048
    2340   -0.772048
    2341   -0.764240
    2342   -0.764240
    2343   -0.755523
    2344   -0.755523
    2345   -0.745801
    2346   -0.745801
    2347   -0.734973
    2348   -0.734973
    2349   -0.722814
    2350   -0.722814
    2351   -0.709214
    2352   -0.709214
    2353   -0.693949
    2354   -0.693949
    2355   -0.676672
    2356   -0.676672
    2357   -0.656996
    2358   -0.656996
    2359   -0.634157
    2360   -0.634157
    2361   -0.608220
    2362   -0.608220
    2363   -0.579038
    2364   -0.579038
    2365   -0.544536
    2366   -0.544536
    2367   -0.503093
    2368   -0.503093
    2369   -0.453446
    2370   -0.453446
    2371   -0.395054
    2372   -0.395054
    2373   -0.331761
    2374   -0.331761
    2375   -0.280214
    2376   -0.280214
    2377   -1.202261
    2378   -1.202261
    2379   -1.200868
    2380   -1.200868
    2381   -1.198628
    2382   -1.198628
    2383   -1.196453
    2384   -1.196453
    2385   -1.194328
    2386   -1.194328
    2387   -1.192142
    2388   -1.192142
    2389   -1.190103
    2390   -1.190103
    2391   -1.188219
    2392   -1.188219
    2393   -1.186413
    2394   -1.186413
    2395   -1.184665
    2396   -1.184665
    2397   -1.182982
    2398   -1.182982
    2399   -1.181389
    2400   -1.181389
    2401   -1.179883
    2402   -1.179883
    2403   -1.178428
    2404   -1.178428
    2405   -1.176999
    2406   -1.176999
    2407   -1.175577
    2408   -1.175577
    2409   -1.174157
    2410   -1.174157
    2411   -1.172714
    2412   -1.172714
    2413   -1.171230
    2414   -1.171230
    2415   -1.169704
    2416   -1.169704
    2417   -1.168143
    2418   -1.168143
    2419   -1.166561
    2420   -1.166561
    2421   -1.164971
    2422   -1.164971
    2423   -1.163374
    2424   -1.163374
    2425   -1.161766
    2426   -1.161766
    2427   -1.160144
    2428   -1.160144
    2429   -1.158502
    2430   -1.158502
    2431   -1.156834
    2432   -1.156834
    2433   -1.155126
    2434   -1.155126
    2435   -1.153362
    2436   -1.153362
    2437   -1.151531
    2438   -1.151531
    2439   -1.149620
    2440   -1.149620
    2441   -1.147625
    2442   -1.147625
    2443   -1.145544
    2444   -1.145544
    2445   -1.143381
    2446   -1.143381
    2447   -1.141141
    2448   -1.141141
    2449   -1.138834
    2450   -1.138834
    2451   -1.136470
    2452   -1.136470
    2453   -1.134047
    2454   -1.134047
    2455   -1.131554
    2456   -1.131554
    2457   -1.128994
    2458   -1.128994
    2459   -1.126373
    2460   -1.126373
    2461   -1.123695
    2462   -1.123695
    2463   -1.120970
    2464   -1.120970
    2465   -1.118102
    2466   -1.118102
    2467   -1.114929
    2468   -1.114929
    2469   -1.111488
    2470   -1.111488
    2471   -1.107930
    2472   -1.107930
    2473   -1.104290
    2474   -1.104290
    2475   -1.100525
    2476   -1.100525
    2477   -1.096613
    2478   -1.096613
    2479   -1.092588
    2480   -1.092588
    2481   -1.088433
    2482   -1.088433
    2483   -1.084096
    2484   -1.084096
    2485   -1.079557
    2486   -1.079557
    2487   -1.074803
    2488   -1.074803
    2489   -1.069877
    2490   -1.069877
    2491   -1.064886
    2492   -1.064886
    2493   -1.060072
    2494   -1.060072
    2495   -1.056223
    2496   -1.056223
    2497   -1.054127
    2498   -1.054127
    2499   -1.053463
    2500   -1.053463
    2501   -1.053447
    2502   -1.053447
    2503   -1.053580
    2504   -1.053580
    2505   -1.053497
    2506   -1.053497
    2507   -1.053057
    2508   -1.053057
    2509   -1.052232
    2510   -1.052232
    2511   -1.050896
    2512   -1.050896
    2513   -1.048991
    2514   -1.048991
    2515   -1.046640
    2516   -1.046640
    2517   -1.043939
    2518   -1.043939
    2519   -1.040782
    2520   -1.040782
    2521   -1.037032
    2522   -1.037032
    2523   -1.032697
    2524   -1.032697
    2525   -1.027815
    2526   -1.027815
    2527   -1.022386
    2528   -1.022386
    2529   -1.016397
    2530   -1.016397
    2531   -1.009799
    2532   -1.009799
    2533   -1.002510
    2534   -1.002510
    2535   -0.994556
    2536   -0.994556
    2537   -0.985869
    2538   -0.985869
    2539   -0.976297
    2540   -0.976297
    2541   -0.965677
    2542   -0.965677
    2543   -0.953816
    2544   -0.953816
    2545   -0.940538
    2546   -0.940538
    2547   -0.925684
    2548   -0.925684
    2549   -0.909194
    2550   -0.909194
    2551   -0.890837
    2552   -0.890837
    2553   -0.870182
    2554   -0.870182
    2555   -0.846761
    2556   -0.846761
    2557   -0.819316
    2558   -0.819316
    2559   -0.787216
    2560   -0.787216
    2561   -0.750803
    2562   -0.750803
    2563   -0.708927
    2564   -0.708927
    2565   -0.659110
    2566   -0.659110
    2567   -0.598072
    2568   -0.598072
    2569   -0.524743
    2570   -0.524743
    2571   -0.444016
    2572   -0.444016
    2573   -0.377264
    2574   -0.377264
    2575   -1.544189
    2576   -1.544189
    2577   -1.544070
    2578   -1.544070
    2579   -1.543350
    2580   -1.543350
    2581   -1.541998
    2582   -1.541998
    2583   -1.540195
    2584   -1.540195
    2585   -1.538148
    2586   -1.538148
    2587   -1.536194
    2588   -1.536194
    2589   -1.534311
    2590   -1.534311
    2591   -1.532434
    2592   -1.532434
    2593   -1.530556
    2594   -1.530556
    2595   -1.528687
    2596   -1.528687
    2597   -1.526837
    2598   -1.526837
    2599   -1.525006
    2600   -1.525006
    2601   -1.523209
    2602   -1.523209
    2603   -1.521444
    2604   -1.521444
    2605   -1.519688
    2606   -1.519688
    2607   -1.517929
    2608   -1.517929
    2609   -1.516153
    2610   -1.516153
    2611   -1.514342
    2612   -1.514342
    2613   -1.512476
    2614   -1.512476
    2615   -1.510562
    2616   -1.510562
    2617   -1.508622
    2618   -1.508622
    2619   -1.506664
    2620   -1.506664
    2621   -1.504680
    2622   -1.504680
    2623   -1.502666
    2624   -1.502666
    2625   -1.500630
    2626   -1.500630
    2627   -1.498568
    2628   -1.498568
    2629   -1.496470
    2630   -1.496470
    2631   -1.494324
    2632   -1.494324
    2633   -1.492107
    2634   -1.492107
    2635   -1.489808
    2636   -1.489808
    2637   -1.487426
    2638   -1.487426
    2639   -1.484950
    2640   -1.484950
    2641   -1.482364
    2642   -1.482364
    2643   -1.479671
    2644   -1.479671
    2645   -1.476879
    2646   -1.476879
    2647   -1.473996
    2648   -1.473996
    2649   -1.471027
    2650   -1.471027
    2651   -1.467975
    2652   -1.467975
    2653   -1.464835
    2654   -1.464835
    2655   -1.461613
    2656   -1.461613
    2657   -1.458293
    2658   -1.458293
    2659   -1.454861
    2660   -1.454861
    2661   -1.451319
    2662   -1.451319
    2663   -1.447630
    2664   -1.447630
    2665   -1.443738
    2666   -1.443738
    2667   -1.439655
    2668   -1.439655
    2669   -1.435420
    2670   -1.435420
    2671   -1.431039
    2672   -1.431039
    2673   -1.426507
    2674   -1.426507
    2675   -1.421794
    2676   -1.421794
    2677   -1.416891
    2678   -1.416891
    2679   -1.411788
    2680   -1.411788
    2681   -1.406423
    2682   -1.406423
    2683   -1.400753
    2684   -1.400753
    2685   -1.394789
    2686   -1.394789
    2687   -1.388590
    2688   -1.388590
    2689   -1.382257
    2690   -1.382257
    2691   -1.376053
    2692   -1.376053
    2693   -1.370868
    2694   -1.370868
    2695   -1.367814
    2696   -1.367814
    2697   -1.366655
    2698   -1.366655
    2699   -1.366234
    2700   -1.366234
    2701   -1.365828
    2702   -1.365828
    2703   -1.365117
    2704   -1.365117
    2705   -1.363998
    2706   -1.363998
    2707   -1.362426
    2708   -1.362426
    2709   -1.360371
    2710   -1.360371
    2711   -1.357732
    2712   -1.357732
    2713   -1.354496
    2714   -1.354496
    2715   -1.350799
    2716   -1.350799
    2717   -1.346532
    2718   -1.346532
    2719   -1.341590
    2720   -1.341590
    2721   -1.335979
    2722   -1.335979
    2723   -1.329696
    2724   -1.329696
    2725   -1.322748
    2726   -1.322748
    2727   -1.315061
    2728   -1.315061
    2729   -1.306554
    2730   -1.306554
    2731   -1.297166
    2732   -1.297166
    2733   -1.286899
    2734   -1.286899
    2735   -1.275648
    2736   -1.275648
    2737   -1.263284
    2738   -1.263284
    2739   -1.249735
    2740   -1.249735
    2741   -1.234712
    2742   -1.234712
    2743   -1.217943
    2744   -1.217943
    2745   -1.199324
    2746   -1.199324
    2747   -1.178675
    2748   -1.178675
    2749   -1.155718
    2750   -1.155718
    2751   -1.130033
    2752   -1.130033
    2753   -1.101006
    2754   -1.101006
    2755   -1.067510
    2756   -1.067510
    2757   -1.028622
    2758   -1.028622
    2759   -0.983450
    2760   -0.983450
    2761   -0.931140
    2762   -0.931140
    2763   -0.869762
    2764   -0.869762
    2765   -0.794161
    2766   -0.794161
    2767   -0.702347
    2768   -0.702347
    2769   -0.600103
    2770   -0.600103
    2771   -0.514276
    2772   -0.514276
    2773   -2.029105
    2774   -2.029105
    2775   -2.030893
    2776   -2.030893
    2777   -2.032340
    2778   -2.032340
    2779   -2.031762
    2780   -2.031762
    2781   -2.030088
    2782   -2.030088
    2783   -2.028187
    2784   -2.028187
    2785   -2.026343
    2786   -2.026343
    2787   -2.024451
    2788   -2.024451
    2789   -2.022464
    2790   -2.022464
    2791   -2.020403
    2792   -2.020403
    2793   -2.018290
    2794   -2.018290
    2795   -2.016112
    2796   -2.016112
    2797   -2.013868
    2798   -2.013868
    2799   -2.011610
    2800   -2.011610
    2801   -2.009365
    2802   -2.009365
    2803   -2.007131
    2804   -2.007131
    2805   -2.004891
    2806   -2.004891
    2807   -2.002622
    2808   -2.002622
    2809   -2.000312
    2810   -2.000312
    2811   -1.997951
    2812   -1.997951
    2813   -1.995537
    2814   -1.995537
    2815   -1.993070
    2816   -1.993070
    2817   -1.990551
    2818   -1.990551
    2819   -1.987980
    2820   -1.987980
    2821   -1.985358
    2822   -1.985358
    2823   -1.982685
    2824   -1.982685
    2825   -1.979953
    2826   -1.979953
    2827   -1.977150
    2828   -1.977150
    2829   -1.974270
    2830   -1.974270
    2831   -1.971306
    2832   -1.971306
    2833   -1.968252
    2834   -1.968252
    2835   -1.965098
    2836   -1.965098
    2837   -1.961833
    2838   -1.961833
    2839   -1.958444
    2840   -1.958444
    2841   -1.954925
    2842   -1.954925
    2843   -1.951275
    2844   -1.951275
    2845   -1.947492
    2846   -1.947492
    2847   -1.943583
    2848   -1.943583
    2849   -1.939552
    2850   -1.939552
    2851   -1.935400
    2852   -1.935400
    2853   -1.931120
    2854   -1.931120
    2855   -1.926683
    2856   -1.926683
    2857   -1.922057
    2858   -1.922057
    2859   -1.917236
    2860   -1.917236
    2861   -1.912261
    2862   -1.912261
    2863   -1.907207
    2864   -1.907207
    2865   -1.902054
    2866   -1.902054
    2867   -1.896693
    2868   -1.896693
    2869   -1.891091
    2870   -1.891091
    2871   -1.885288
    2872   -1.885288
    2873   -1.879241
    2874   -1.879241
    2875   -1.872876
    2876   -1.872876
    2877   -1.866185
    2878   -1.866185
    2879   -1.859131
    2880   -1.859131
    2881   -1.851671
    2882   -1.851671
    2883   -1.843801
    2884   -1.843801
    2885   -1.835539
    2886   -1.835539
    2887   -1.826980
    2888   -1.826980
    2889   -1.818511
    2890   -1.818511
    2891   -1.811139
    2892   -1.811139
    2893   -1.806298
    2894   -1.806298
    2895   -1.803995
    2896   -1.803995
    2897   -1.802625
    2898   -1.802625
    2899   -1.801061
    2900   -1.801061
    2901   -1.799028
    2902   -1.799028
    2903   -1.796479
    2904   -1.796479
    2905   -1.793403
    2906   -1.793403
    2907   -1.789944
    2908   -1.789944
    2909   -1.786012
    2910   -1.786012
    2911   -1.781315
    2912   -1.781315
    2913   -1.775842
    2914   -1.775842
    2915   -1.769633
    2916   -1.769633
    2917   -1.762678
    2918   -1.762678
    2919   -1.754919
    2920   -1.754919
    2921   -1.746321
    2922   -1.746321
    2923   -1.736855
    2924   -1.736855
    2925   -1.726367
    2926   -1.726367
    2927   -1.714776
    2928   -1.714776
    2929   -1.702025
    2930   -1.702025
    2931   -1.688019
    2932   -1.688019
    2933   -1.672678
    2934   -1.672678
    2935   -1.655936
    2936   -1.655936
    2937   -1.637714
    2938   -1.637714
    2939   -1.617682
    2940   -1.617682
    2941   -1.595503
    2942   -1.595503
    2943   -1.571031
    2944   -1.571031
    2945   -1.543954
    2946   -1.543954
    2947   -1.513904
    2948   -1.513904
    2949   -1.480420
    2950   -1.480420
    2951   -1.442777
    2952   -1.442777
    2953   -1.400073
    2954   -1.400073
    2955   -1.351427
    2956   -1.351427
    2957   -1.294440
    2958   -1.294440
    2959   -1.227165
    2960   -1.227165
    2961   -1.148006
    2962   -1.148006
    2963   -1.051800
    2964   -1.051800
    2965   -0.936166
    2966   -0.936166
    2967   -0.806779
    2968   -0.806779
    2969   -0.697261
    2970   -0.697261
    2971   -2.750323
    2972   -2.750323
    2973   -2.752920
    2974   -2.752920
    2975   -2.754489
    2976   -2.754489
    2977   -2.752842
    2978   -2.752842
    2979   -2.750474
    2980   -2.750474
    2981   -2.748356
    2982   -2.748356
    2983   -2.746258
    2984   -2.746258
    2985   -2.744066
    2986   -2.744066
    2987   -2.741735
    2988   -2.741735
    2989   -2.739269
    2990   -2.739269
    2991   -2.736681
    2992   -2.736681
    2993   -2.733958
    2994   -2.733958
    2995   -2.731106
    2996   -2.731106
    2997   -2.728167
    2998   -2.728167
    2999   -2.725183
    3000   -2.725183
    3001   -2.722196
    3002   -2.722196
    3003   -2.719191
    3004   -2.719191
    3005   -2.716125
    3006   -2.716125
    3007   -2.712993
    3008   -2.712993
    3009   -2.709824
    3010   -2.709824
    3011   -2.706604
    3012   -2.706604
    3013   -2.703289
    3014   -2.703289
    3015   -2.699864
    3016   -2.699864
    3017   -2.696345
    3018   -2.696345
    3019   -2.692730
    3020   -2.692730
    3021   -2.689006
    3022   -2.689006
    3023   -2.685158
    3024   -2.685158
    3025   -2.681170
    3026   -2.681170
    3027   -2.677051
    3028   -2.677051
    3029   -2.672826
    3030   -2.672826
    3031   -2.668493
    3032   -2.668493
    3033   -2.664029
    3034   -2.664029
    3035   -2.659424
    3036   -2.659424
    3037   -2.654678
    3038   -2.654678
    3039   -2.649776
    3040   -2.649776
    3041   -2.644691
    3042   -2.644691
    3043   -2.639411
    3044   -2.639411
    3045   -2.633938
    3046   -2.633938
    3047   -2.628282
    3048   -2.628282
    3049   -2.622441
    3050   -2.622441
    3051   -2.616395
    3052   -2.616395
    3053   -2.610115
    3054   -2.610115
    3055   -2.603564
    3056   -2.603564
    3057   -2.596713
    3058   -2.596713
    3059   -2.589668
    3060   -2.589668
    3061   -2.582627
    3062   -2.582627
    3063   -2.575532
    3064   -2.575532
    3065   -2.568145
    3066   -2.568145
    3067   -2.560388
    3068   -2.560388
    3069   -2.552294
    3070   -2.552294
    3071   -2.543835
    3072   -2.543835
    3073   -2.534945
    3074   -2.534945
    3075   -2.525599
    3076   -2.525599
    3077   -2.515776
    3078   -2.515776
    3079   -2.505445
    3080   -2.505445
    3081   -2.494578
    3082   -2.494578
    3083   -2.483125
    3084   -2.483125
    3085   -2.471139
    3086   -2.471139
    3087   -2.459211
    3088   -2.459211
    3089   -2.448740
    3090   -2.448740
    3091   -2.441504
    3092   -2.441504
    3093   -2.437527
    3094   -2.437527
    3095   -2.434716
    3096   -2.434716
    3097   -2.431616
    3098   -2.431616
    3099   -2.427946
    3100   -2.427946
    3101   -2.423583
    3102   -2.423583
    3103   -2.418493
    3104   -2.418493
    3105   -2.412772
    3106   -2.412772
    3107   -2.406441
    3108   -2.406441
    3109   -2.399248
    3110   -2.399248
    3111   -2.390900
    3112   -2.390900
    3113   -2.381478
    3114   -2.381478
    3115   -2.371068
    3116   -2.371068
    3117   -2.359566
    3118   -2.359566
    3119   -2.346935
    3120   -2.346935
    3121   -2.333087
    3122   -2.333087
    3123   -2.317862
    3124   -2.317862
    3125   -2.301199
    3126   -2.301199
    3127   -2.282972
    3128   -2.282972
    3129   -2.262964
    3130   -2.262964
    3131   -2.241144
    3132   -2.241144
    3133   -2.217452
    3134   -2.217452
    3135   -2.191680
    3136   -2.191680
    3137   -2.163502
    3138   -2.163502
    3139   -2.132557
    3140   -2.132557
    3141   -2.098532
    3142   -2.098532
    3143   -2.060982
    3144   -2.060982
    3145   -2.019392
    3146   -2.019392
    3147   -1.973175
    3148   -1.973175
    3149   -1.921533
    3150   -1.921533
    3151   -1.863279
    3152   -1.863279
    3153   -1.797049
    3154   -1.797049
    3155   -1.720219
    3156   -1.720219
    3157   -1.629924
    3158   -1.629924
    3159   -1.522856
    3160   -1.522856
    3161   -1.394869
    3162   -1.394869
    3163   -1.244300
    3164   -1.244300
    3165   -1.076381
    3166   -1.076381
    3167   -0.934585
    3168   -0.934585
    3169   -3.943946
    3170   -3.943946
    3171   -3.945834
    3172   -3.945834
    3173   -3.945328
    3174   -3.945328
    3175   -3.940892
    3176   -3.940892
    3177   -3.936809
    3178   -3.936809
    3179   -3.933807
    3180   -3.933807
    3181   -3.930909
    3182   -3.930909
    3183   -3.927936
    3184   -3.927936
    3185   -3.924807
    3186   -3.924807
    3187   -3.921472
    3188   -3.921472
    3189   -3.917921
    3190   -3.917921
    3191   -3.914157
    3192   -3.914157
    3193   -3.910200
    3194   -3.910200
    3195   -3.906072
    3196   -3.906072
    3197   -3.901816
    3198   -3.901816
    3199   -3.897480
    3200   -3.897480
    3201   -3.893066
    3202   -3.893066
    3203   -3.888545
    3204   -3.888545
    3205   -3.883932
    3206   -3.883932
    3207   -3.879270
    3208   -3.879270
    3209   -3.874537
    3210   -3.874537
    3211   -3.869666
    3212   -3.869666
    3213   -3.864623
    3214   -3.864623
    3215   -3.859402
    3216   -3.859402
    3217   -3.853987
    3218   -3.853987
    3219   -3.848361
    3220   -3.848361
    3221   -3.842508
    3222   -3.842508
    3223   -3.836419
    3224   -3.836419
    3225   -3.830109
    3226   -3.830109
    3227   -3.823618
    3228   -3.823618
    3229   -3.816953
    3230   -3.816953
    3231   -3.810098
    3232   -3.810098
    3233   -3.803046
    3234   -3.803046
    3235   -3.795800
    3236   -3.795800
    3237   -3.788338
    3238   -3.788338
    3239   -3.780623
    3240   -3.780623
    3241   -3.772630
    3242   -3.772630
    3243   -3.764334
    3244   -3.764334
    3245   -3.755736
    3246   -3.755736
    3247   -3.746845
    3248   -3.746845
    3249   -3.737632
    3250   -3.737632
    3251   -3.728069
    3252   -3.728069
    3253   -3.718123
    3254   -3.718123
    3255   -3.707753
    3256   -3.707753
    3257   -3.697096
    3258   -3.697096
    3259   -3.686401
    3260   -3.686401
    3261   -3.675576
    3262   -3.675576
    3263   -3.664319
    3264   -3.664319
    3265   -3.652507
    3266   -3.652507
    3267   -3.640133
    3268   -3.640133
    3269   -3.627195
    3270   -3.627195
    3271   -3.613678
    3272   -3.613678
    3273   -3.599551
    3274   -3.599551
    3275   -3.584786
    3276   -3.584786
    3277   -3.569344
    3278   -3.569344
    3279   -3.553184
    3280   -3.553184
    3281   -3.536213
    3282   -3.536213
    3283   -3.518393
    3284   -3.518393
    3285   -3.500318
    3286   -3.500318
    3287   -3.484172
    3288   -3.484172
    3289   -3.472880
    3290   -3.472880
    3291   -3.466251
    3292   -3.466251
    3293   -3.461141
    3294   -3.461141
    3295   -3.455718
    3296   -3.455718
    3297   -3.449671
    3298   -3.449671
    3299   -3.442646
    3300   -3.442646
    3301   -3.434420
    3302   -3.434420
    3303   -3.424896
    3304   -3.424896
    3305   -3.414176
    3306   -3.414176
    3307   -3.402266
    3308   -3.402266
    3309   -3.388778
    3310   -3.388778
    3311   -3.373708
    3312   -3.373708
    3313   -3.357150
    3314   -3.357150
    3315   -3.338988
    3316   -3.338988
    3317   -3.319115
    3318   -3.319115
    3319   -3.297377
    3320   -3.297377
    3321   -3.273692
    3322   -3.273692
    3323   -3.248008
    3324   -3.248008
    3325   -3.220088
    3326   -3.220088
    3327   -3.189564
    3328   -3.189564
    3329   -3.156328
    3330   -3.156328
    3331   -3.120305
    3332   -3.120305
    3333   -3.081171
    3334   -3.081171
    3335   -3.038521
    3336   -3.038521
    3337   -2.991946
    3338   -2.991946
    3339   -2.940897
    3340   -2.940897
    3341   -2.884659
    3342   -2.884659
    3343   -2.822419
    3344   -2.822419
    3345   -2.753336
    3346   -2.753336
    3347   -2.676373
    3348   -2.676373
    3349   -2.589786
    3350   -2.589786
    3351   -2.491341
    3352   -2.491341
    3353   -2.378186
    3354   -2.378186
    3355   -2.246650
    3356   -2.246650
    3357   -2.091318
    3358   -2.091318
    3359   -1.908219
    3360   -1.908219
    3361   -1.695726
    3362   -1.695726
    3363   -1.461833
    3364   -1.461833
    3365   -1.267292
    3366   -1.267292
    3367   -6.155214
    3368   -6.155214
    3369   -6.154364
    3370   -6.154364
    3371   -6.149140
    3372   -6.149140
    3373   -6.140442
    3374   -6.140442
    3375   -6.133859
    3376   -6.133859
    3377   -6.129140
    3378   -6.129140
    3379   -6.124687
    3380   -6.124687
    3381   -6.120145
    3382   -6.120145
    3383   -6.115358
    3384   -6.115358
    3385   -6.110222
    3386   -6.110222
    3387   -6.104712
    3388   -6.104712
    3389   -6.098856
    3390   -6.098856
    3391   -6.092689
    3392   -6.092689
    3393   -6.086236
    3394   -6.086236
    3395   -6.079516
    3396   -6.079516
    3397   -6.072541
    3398   -6.072541
    3399   -6.065333
    3400   -6.065333
    3401   -6.057957
    3402   -6.057957
    3403   -6.050467
    3404   -6.050467
    3405   -6.042876
    3406   -6.042876
    3407   -6.035146
    3408   -6.035146
    3409   -6.027215
    3410   -6.027215
    3411   -6.019020
    3412   -6.019020
    3413   -6.010493
    3414   -6.010493
    3415   -6.001585
    3416   -6.001585
    3417   -5.992275
    3418   -5.992275
    3419   -5.982563
    3420   -5.982563
    3421   -5.972456
    3422   -5.972456
    3423   -5.961970
    3424   -5.961970
    3425   -5.951130
    3426   -5.951130
    3427   -5.939961
    3428   -5.939961
    3429   -5.928486
    3430   -5.928486
    3431   -5.916703
    3432   -5.916703
    3433   -5.904598
    3434   -5.904598
    3435   -5.892143
    3436   -5.892143
    3437   -5.879315
    3438   -5.879315
    3439   -5.866073
    3440   -5.866073
    3441   -5.852344
    3442   -5.852344
    3443   -5.838087
    3444   -5.838087
    3445   -5.823325
    3446   -5.823325
    3447   -5.808041
    3448   -5.808041
    3449   -5.792189
    3450   -5.792189
    3451   -5.775737
    3452   -5.775737
    3453   -5.758674
    3454   -5.758674
    3455   -5.741155
    3456   -5.741155
    3457   -5.723401
    3458   -5.723401
    3459   -5.705272
    3460   -5.705272
    3461   -5.686419
    3462   -5.686419
    3463   -5.666682
    3464   -5.666682
    3465   -5.646019
    3466   -5.646019
    3467   -5.624456
    3468   -5.624456
    3469   -5.602008
    3470   -5.602008
    3471   -5.578633
    3472   -5.578633
    3473   -5.554303
    3474   -5.554303
    3475   -5.528952
    3476   -5.528952
    3477   -5.502496
    3478   -5.502496
    3479   -5.474823
    3480   -5.474823
    3481   -5.445928
    3482   -5.445928
    3483   -5.416181
    3484   -5.416181
    3485   -5.388692
    3486   -5.388692
    3487   -5.368948
    3488   -5.368948
    3489   -5.357121
    3490   -5.357121
    3491   -5.348175
    3492   -5.348175
    3493   -5.339006
    3494   -5.339006
    3495   -5.328717
    3496   -5.328717
    3497   -5.316709
    3498   -5.316709
    3499   -5.302681
    3500   -5.302681
    3501   -5.286476
    3502   -5.286476
    3503   -5.268122
    3504   -5.268122
    3505   -5.247634
    3506   -5.247634
    3507   -5.224744
    3508   -5.224744
    3509   -5.199382
    3510   -5.199382
    3511   -5.171542
    3512   -5.171542
    3513   -5.141064
    3514   -5.141064
    3515   -5.107726
    3516   -5.107726
    3517   -5.071314
    3518   -5.071314
    3519   -5.031751
    3520   -5.031751
    3521   -4.988913
    3522   -4.988913
    3523   -4.942486
    3524   -4.942486
    3525   -4.891949
    3526   -4.891949
    3527   -4.836936
    3528   -4.836936
    3529   -4.777250
    3530   -4.777250
    3531   -4.712492
    3532   -4.712492
    3533   -4.642075
    3534   -4.642075
    3535   -4.565377
    3536   -4.565377
    3537   -4.481525
    3538   -4.481525
    3539   -4.389346
    3540   -4.389346
    3541   -4.287407
    3542   -4.287407
    3543   -4.174297
    3544   -4.174297
    3545   -4.048329
    3546   -4.048329
    3547   -3.906998
    3548   -3.906998
    3549   -3.746961
    3550   -3.746961
    3551   -3.563961
    3552   -3.563961
    3553   -3.352309
    3554   -3.352309
    3555   -3.104419
    3556   -3.104419
    3557   -2.814175
    3558   -2.814175
    3559   -2.478267
    3560   -2.478267
    3561   -2.114373
    3562   -2.114373
    3563   -1.816747
    3564   -1.816747
    3565  -10.394712
    3566  -10.394712
    3567  -10.387454
    3568  -10.387454
    3569  -10.371850
    3570  -10.371850
    3571  -10.355695
    3572  -10.355695
    3573  -10.345616
    3574  -10.345616
    3575  -10.338001
    3576  -10.338001
    3577  -10.330620
    3578  -10.330620
    3579  -10.322999
    3580  -10.322999
    3581  -10.314910
    3582  -10.314910
    3583  -10.306211
    3584  -10.306211
    3585  -10.296864
    3586  -10.296864
    3587  -10.286913
    3588  -10.286913
    3589  -10.276429
    3590  -10.276429
    3591  -10.265436
    3592  -10.265436
    3593  -10.253921
    3594  -10.253921
    3595  -10.241822
    3596  -10.241822
    3597  -10.229195
    3598  -10.229195
    3599  -10.216290
    3600  -10.216290
    3601  -10.203242
    3602  -10.203242
    3603  -10.190004
    3604  -10.190004
    3605  -10.176491
    3606  -10.176491
    3607  -10.162637
    3608  -10.162637
    3609  -10.148329
    3610  -10.148329
    3611  -10.133428
    3612  -10.133428
    3613  -10.117811
    3614  -10.117811
    3615  -10.101424
    3616  -10.101424
    3617  -10.084304
    3618  -10.084304
    3619  -10.066486
    3620  -10.066486
    3621  -10.047992
    3622  -10.047992
    3623  -10.028821
    3624  -10.028821
    3625  -10.009033
    3626  -10.009033
    3627   -9.988717
    3628   -9.988717
    3629   -9.967876
    3630   -9.967876
    3631   -9.946460
    3632   -9.946460
    3633   -9.924433
    3634   -9.924433
    3635   -9.901774
    3636   -9.901774
    3637   -9.878442
    3638   -9.878442
    3639   -9.854309
    3640   -9.854309
    3641   -9.829219
    3642   -9.829219
    3643   -9.803197
    3644   -9.803197
    3645   -9.776289
    3646   -9.776289
    3647   -9.748376
    3648   -9.748376
    3649   -9.719420
    3650   -9.719420
    3651   -9.689474
    3652   -9.689474
    3653   -9.658749
    3654   -9.658749
    3655   -9.627523
    3656   -9.627523
    3657   -9.595512
    3658   -9.595512
    3659   -9.562133
    3660   -9.562133
    3661   -9.527182
    3662   -9.527182
    3663   -9.490614
    3664   -9.490614
    3665   -9.452502
    3666   -9.452502
    3667   -9.412916
    3668   -9.412916
    3669   -9.371754
    3670   -9.371754
    3671   -9.328998
    3672   -9.328998
    3673   -9.284552
    3674   -9.284552
    3675   -9.238211
    3676   -9.238211
    3677   -9.189815
    3678   -9.189815
    3679   -9.139432
    3680   -9.139432
    3681   -9.087169
    3682   -9.087169
    3683   -9.037668
    3684   -9.037668
    3685   -9.001077
    3686   -9.001077
    3687   -8.978915
    3688   -8.978915
    3689   -8.963460
    3690   -8.963460
    3691   -8.948569
    3692   -8.948569
    3693   -8.930673
    3694   -8.930673
    3695   -8.909078
    3696   -8.909078
    3697   -8.884191
    3698   -8.884191
    3699   -8.855713
    3700   -8.855713
    3701   -8.823452
    3702   -8.823452
    3703   -8.787259
    3704   -8.787259
    3705   -8.746955
    3706   -8.746955
    3707   -8.702416
    3708   -8.702416
    3709   -8.653504
    3710   -8.653504
    3711   -8.599914
    3712   -8.599914
    3713   -8.541270
    3714   -8.541270
    3715   -8.477255
    3716   -8.477255
    3717   -8.407648
    3718   -8.407648
    3719   -8.332214
    3720   -8.332214
    3721   -8.250579
    3722   -8.250579
    3723   -8.161902
    3724   -8.161902
    3725   -8.065322
    3726   -8.065322
    3727   -7.960336
    3728   -7.960336
    3729   -7.846539
    3730   -7.846539
    3731   -7.723079
    3732   -7.723079
    3733   -7.588612
    3734   -7.588612
    3735   -7.441749
    3736   -7.441749
    3737   -7.280664
    3738   -7.280664
    3739   -7.102648
    3740   -7.102648
    3741   -6.905128
    3742   -6.905128
    3743   -6.685113
    3744   -6.685113
    3745   -6.438718
    3746   -6.438718
    3747   -6.160660
    3748   -6.160660
    3749   -5.843674
    3750   -5.843674
    3751   -5.477721
    3752   -5.477721
    3753   -5.050687
    3754   -5.050687
    3755   -4.550168
    3756   -4.550168
    3757   -3.967476
    3758   -3.967476
    3759   -3.335938
    3760   -3.335938
    3761   -2.819476
    3762   -2.819476
    3763  -16.854033
    3764  -16.854033
    3765  -16.838362
    3766  -16.838362
    3767  -16.808283
    3768  -16.808283
    3769  -16.781634
    3770  -16.781634
    3771  -16.766574
    3772  -16.766574
    3773  -16.754564
    3774  -16.754564
    3775  -16.742757
    3776  -16.742757
    3777  -16.730429
    3778  -16.730429
    3779  -16.717280
    3780  -16.717280
    3781  -16.703143
    3782  -16.703143
    3783  -16.687963
    3784  -16.687963
    3785  -16.671781
    3786  -16.671781
    3787  -16.654721
    3788  -16.654721
    3789  -16.636819
    3790  -16.636819
    3791  -16.618025
    3792  -16.618025
    3793  -16.598173
    3794  -16.598173
    3795  -16.577348
    3796  -16.577348
    3797  -16.556083
    3798  -16.556083
    3799  -16.534647
    3800  -16.534647
    3801  -16.512901
    3802  -16.512901
    3803  -16.490679
    3804  -16.490679
    3805  -16.467889
    3806  -16.467889
    3807  -16.444351
    3808  -16.444351
    3809  -16.419855
    3810  -16.419855
    3811  -16.394152
    3812  -16.394152
    3813  -16.367111
    3814  -16.367111
    3815  -16.338837
    3816  -16.338837
    3817  -16.309411
    3818  -16.309411
    3819  -16.278863
    3820  -16.278863
    3821  -16.247159
    3822  -16.247159
    3823  -16.214411
    3824  -16.214411
    3825  -16.180813
    3826  -16.180813
    3827  -16.146363
    3828  -16.146363
    3829  -16.110960
    3830  -16.110960
    3831  -16.074545
    3832  -16.074545
    3833  -16.037091
    3834  -16.037091
    3835  -15.998569
    3836  -15.998569
    3837  -15.958796
    3838  -15.958796
    3839  -15.917409
    3840  -15.917409
    3841  -15.874436
    3842  -15.874436
    3843  -15.830045
    3844  -15.830045
    3845  -15.783968
    3846  -15.783968
    3847  -15.736154
    3848  -15.736154
    3849  -15.686756
    3850  -15.686756
    3851  -15.636085
    3852  -15.636085
    3853  -15.584634
    3854  -15.584634
    3855  -15.531867
    3856  -15.531867
    3857  -15.476695
    3858  -15.476695
    3859  -15.418867
    3860  -15.418867
    3861  -15.358354
    3862  -15.358354
    3863  -15.295331
    3864  -15.295331
    3865  -15.229958
    3866  -15.229958
    3867  -15.162008
    3868  -15.162008
    3869  -15.091480
    3870  -15.091480
    3871  -15.018234
    3872  -15.018234
    3873  -14.941872
    3874  -14.941872
    3875  -14.862107
    3876  -14.862107
    3877  -14.778868
    3878  -14.778868
    3879  -14.691674
    3880  -14.691674
    3881  -14.608087
    3882  -14.608087
    3883  -14.546004
    3884  -14.546004
    3885  -14.508511
    3886  -14.508511
    3887  -14.484021
    3888  -14.484021
    3889  -14.461756
    3890  -14.461756
    3891  -14.432810
    3892  -14.432810
    3893  -14.396711
    3894  -14.396711
    3895  -14.355682
    3896  -14.355682
    3897  -14.308930
    3898  -14.308930
    3899  -14.255919
    3900  -14.255919
    3901  -14.196371
    3902  -14.196371
    3903  -14.130101
    3904  -14.130101
    3905  -14.056888
    3906  -14.056888
    3907  -13.976510
    3908  -13.976510
    3909  -13.888398
    3910  -13.888398
    3911  -13.791921
    3912  -13.791921
    3913  -13.686578
    3914  -13.686578
    3915  -13.571904
    3916  -13.571904
    3917  -13.447597
    3918  -13.447597
    3919  -13.313225
    3920  -13.313225
    3921  -13.167307
    3922  -13.167307
    3923  -13.008227
    3924  -13.008227
    3925  -12.835011
    3926  -12.835011
    3927  -12.647382
    3928  -12.647382
    3929  -12.444169
    3930  -12.444169
    3931  -12.222653
    3932  -12.222653
    3933  -11.980772
    3934  -11.980772
    3935  -11.715913
    3936  -11.715913
    3937  -11.423258
    3938  -11.423258
    3939  -11.098506
    3940  -11.098506
    3941  -10.736828
    3942  -10.736828
    3943  -10.332217
    3944  -10.332217
    3945   -9.876215
    3946   -9.876215
    3947   -9.356958
    3948   -9.356958
    3949   -8.757572
    3950   -8.757572
    3951   -8.058498
    3952   -8.058498
    3953   -7.236586
    3954   -7.236586
    3955   -6.269455
    3956   -6.269455
    3957   -5.203810
    3958   -5.203810
    3959   -4.321407
    3960   -4.321407
