       1   -0.016402
       2   -0.016402
       3   -0.016285
       4   -0.016285
       5   -0.016136
       6   -0.016136
       7   -0.016098
       8   -0.016098
       9   -0.016125
      10   -0.016125
      11   -0.016136
      12   -0.016136
      13   -0.016134
      14   -0.016134
      15   -0.016136
      16   -0.016136
      17   -0.016138
      18   -0.016138
      19   -0.016127
      20   -0.016127
      21   -0.016102
      22   -0.016102
      23   -0.016078
      24   -0.016078
      25   -0.016056
      26   -0.016056
      27   -0.016036
      28   -0.016036
      29   -0.016017
      30   -0.016017
      31   -0.015999
      32   -0.015999
      33   -0.015981
      34   -0.015981
      35   -0.015962
      36   -0.015962
      37   -0.015940
      38   -0.015940
      39   -0.015917
      40   -0.015917
      41   -0.015892
      42   -0.015892
      43   -0.015866
      44   -0.015866
      45   -0.015839
      46   -0.015839
      47   -0.015808
      48   -0.015808
      49   -0.015776
      50   -0.015776
      51   -0.015746
      52   -0.015746
      53   -0.015715
      54   -0.015715
      55   -0.015681
      56   -0.015681
      57   -0.015646
      58   -0.015646
      59   -0.015608
      60   -0.015608
      61   -0.015570
      62   -0.015570
      63   -0.015529
      64   -0.015529
      65   -0.015488
      66   -0.015488
      67   -0.015446
      68   -0.015446
      69   -0.015404
      70   -0.015404
      71   -0.015360
      72   -0.015360
      73   -0.015313
      74   -0.015313
      75   -0.015260
      76   -0.015260
      77   -0.015202
      78   -0.015202
      79   -0.015143
      80   -0.015143
      81   -0.015082
      82   -0.015082
      83   -0.015020
      84   -0.015020
      85   -0.014954
      86   -0.014954
      87   -0.014880
      88   -0.014880
      89   -0.014802
      90   -0.014802
      91   -0.014720
      92   -0.014720
      93   -0.014632
      94   -0.014632
      95   -0.014544
      96   -0.014544
      97   -0.014453
      98   -0.014453
      99   -0.014347
     100   -0.014347
     101   -0.014233
     102   -0.014233
     103   -0.014115
     104   -0.014115
     105   -0.013989
     106   -0.013989
     107   -0.013843
     108   -0.013843
     109   -0.013661
     110   -0.013661
     111   -0.013439
     112   -0.013439
     113   -0.013186
     114   -0.013186
     115   -0.012903
     116   -0.012903
     117   -0.012592
     118   -0.012592
     119   -0.012364
     120   -0.012364
     121   -0.012315
     122   -0.012315
     123   -0.012361
     124   -0.012361
     125   -0.012413
     126   -0.012413
     127   -0.012449
     128   -0.012449
     129   -0.012459
     130   -0.012459
     131   -0.012436
     132   -0.012436
     133   -0.012384
     134   -0.012384
     135   -0.012312
     136   -0.012312
     137   -0.012226
     138   -0.012226
     139   -0.012136
     140   -0.012136
     141   -0.012043
     142   -0.012043
     143   -0.011943
     144   -0.011943
     145   -0.011837
     146   -0.011837
     147   -0.011727
     148   -0.011727
     149   -0.011598
     150   -0.011598
     151   -0.011450
     152   -0.011450
     153   -0.011295
     154   -0.011295
     155   -0.011125
     156   -0.011125
     157   -0.010934
     158   -0.010934
     159   -0.010727
     160   -0.010727
     161   -0.010507
     162   -0.010507
     163   -0.010277
     164   -0.010277
     165   -0.010001
     166   -0.010001
     167   -0.009654
     168   -0.009654
     169   -0.009257
     170   -0.009257
     171   -0.008819
     172   -0.008819
     173   -0.008319
     174   -0.008319
     175   -0.007727
     176   -0.007727
     177   -0.007047
     178   -0.007047
     179   -0.006290
     180   -0.006290
     181   -0.005428
     182   -0.005428
     183   -0.004486
     184   -0.004486
     185   -0.003506
     186   -0.003506
     187   -0.002517
     188   -0.002517
     189   -0.001558
     190   -0.001558
     191   -0.000800
     192   -0.000800
     193    0.000312
     194    0.000312
     195    0.002807
     196    0.002807
     197    0.005437
     198    0.005437
     199   -0.046723
     200   -0.046723
     201   -0.046507
     202   -0.046507
     203   -0.046262
     204   -0.046262
     205   -0.046225
     206   -0.046225
     207   -0.046281
     208   -0.046281
     209   -0.046296
     210   -0.046296
     211   -0.046291
     212   -0.046291
     213   -0.046294
     214   -0.046294
     215   -0.046298
     216   -0.046298
     217   -0.046267
     218   -0.046267
     219   -0.046205
     220   -0.046205
     221   -0.046143
     222   -0.046143
     223   -0.046087
     224   -0.046087
     225   -0.046033
     226   -0.046033
     227   -0.045982
     228   -0.045982
     229   -0.045931
     230   -0.045931
     231   -0.045877
     232   -0.045877
     233   -0.045820
     234   -0.045820
     235   -0.045757
     236   -0.045757
     237   -0.045689
     238   -0.045689
     239   -0.045615
     240   -0.045615
     241   -0.045540
     242   -0.045540
     243   -0.045461
     244   -0.045461
     245   -0.045375
     246   -0.045375
     247   -0.045287
     248   -0.045287
     249   -0.045200
     250   -0.045200
     251   -0.045110
     252   -0.045110
     253   -0.045015
     254   -0.045015
     255   -0.044914
     256   -0.044914
     257   -0.044808
     258   -0.044808
     259   -0.044698
     260   -0.044698
     261   -0.044585
     262   -0.044585
     263   -0.044468
     264   -0.044468
     265   -0.044350
     266   -0.044350
     267   -0.044230
     268   -0.044230
     269   -0.044109
     270   -0.044109
     271   -0.043978
     272   -0.043978
     273   -0.043829
     274   -0.043829
     275   -0.043665
     276   -0.043665
     277   -0.043496
     278   -0.043496
     279   -0.043321
     280   -0.043321
     281   -0.043144
     282   -0.043144
     283   -0.042958
     284   -0.042958
     285   -0.042751
     286   -0.042751
     287   -0.042535
     288   -0.042535
     289   -0.042309
     290   -0.042309
     291   -0.042065
     292   -0.042065
     293   -0.041815
     294   -0.041815
     295   -0.041550
     296   -0.041550
     297   -0.041254
     298   -0.041254
     299   -0.040943
     300   -0.040943
     301   -0.040624
     302   -0.040624
     303   -0.040277
     304   -0.040277
     305   -0.039859
     306   -0.039859
     307   -0.039348
     308   -0.039348
     309   -0.038739
     310   -0.038739
     311   -0.038054
     312   -0.038054
     313   -0.037283
     314   -0.037283
     315   -0.036436
     316   -0.036436
     317   -0.035821
     318   -0.035821
     319   -0.035680
     320   -0.035680
     321   -0.035798
     322   -0.035798
     323   -0.035946
     324   -0.035946
     325   -0.036049
     326   -0.036049
     327   -0.036077
     328   -0.036077
     329   -0.036020
     330   -0.036020
     331   -0.035895
     332   -0.035895
     333   -0.035721
     334   -0.035721
     335   -0.035504
     336   -0.035504
     337   -0.035270
     338   -0.035270
     339   -0.035021
     340   -0.035021
     341   -0.034749
     342   -0.034749
     343   -0.034457
     344   -0.034457
     345   -0.034146
     346   -0.034146
     347   -0.033783
     348   -0.033783
     349   -0.033375
     350   -0.033375
     351   -0.032948
     352   -0.032948
     353   -0.032477
     354   -0.032477
     355   -0.031948
     356   -0.031948
     357   -0.031365
     358   -0.031365
     359   -0.030745
     360   -0.030745
     361   -0.030092
     362   -0.030092
     363   -0.029316
     364   -0.029316
     365   -0.028371
     366   -0.028371
     367   -0.027293
     368   -0.027293
     369   -0.026106
     370   -0.026106
     371   -0.024745
     372   -0.024745
     373   -0.023136
     374   -0.023136
     375   -0.021296
     376   -0.021296
     377   -0.019249
     378   -0.019249
     379   -0.016923
     380   -0.016923
     381   -0.014402
     382   -0.014402
     383   -0.011808
     384   -0.011808
     385   -0.009251
     386   -0.009251
     387   -0.006830
     388   -0.006830
     389   -0.004799
     390   -0.004799
     391   -0.002090
     392   -0.002090
     393    0.002842
     394    0.002842
     395    0.007465
     396    0.007465
     397   -0.072961
     398   -0.072961
     399   -0.072793
     400   -0.072793
     401   -0.072653
     402   -0.072653
     403   -0.072693
     404   -0.072693
     405   -0.072762
     406   -0.072762
     407   -0.072771
     408   -0.072771
     409   -0.072764
     410   -0.072764
     411   -0.072761
     412   -0.072761
     413   -0.072757
     414   -0.072757
     415   -0.072714
     416   -0.072714
     417   -0.072637
     418   -0.072637
     419   -0.072556
     420   -0.072556
     421   -0.072480
     422   -0.072480
     423   -0.072405
     424   -0.072405
     425   -0.072329
     426   -0.072329
     427   -0.072249
     428   -0.072249
     429   -0.072162
     430   -0.072162
     431   -0.072068
     432   -0.072068
     433   -0.071967
     434   -0.071967
     435   -0.071857
     436   -0.071857
     437   -0.071740
     438   -0.071740
     439   -0.071619
     440   -0.071619
     441   -0.071495
     442   -0.071495
     443   -0.071364
     444   -0.071364
     445   -0.071229
     446   -0.071229
     447   -0.071094
     448   -0.071094
     449   -0.070952
     450   -0.070952
     451   -0.070803
     452   -0.070803
     453   -0.070646
     454   -0.070646
     455   -0.070482
     456   -0.070482
     457   -0.070313
     458   -0.070313
     459   -0.070139
     460   -0.070139
     461   -0.069960
     462   -0.069960
     463   -0.069778
     464   -0.069778
     465   -0.069595
     466   -0.069595
     467   -0.069412
     468   -0.069412
     469   -0.069217
     470   -0.069217
     471   -0.068989
     472   -0.068989
     473   -0.068736
     474   -0.068736
     475   -0.068471
     476   -0.068471
     477   -0.068199
     478   -0.068199
     479   -0.067923
     480   -0.067923
     481   -0.067636
     482   -0.067636
     483   -0.067326
     484   -0.067326
     485   -0.067004
     486   -0.067004
     487   -0.066665
     488   -0.066665
     489   -0.066298
     490   -0.066298
     491   -0.065910
     492   -0.065910
     493   -0.065494
     494   -0.065494
     495   -0.065044
     496   -0.065044
     497   -0.064582
     498   -0.064582
     499   -0.064112
     500   -0.064112
     501   -0.063580
     502   -0.063580
     503   -0.062928
     504   -0.062928
     505   -0.062151
     506   -0.062151
     507   -0.061266
     508   -0.061266
     509   -0.060283
     510   -0.060283
     511   -0.059182
     512   -0.059182
     513   -0.058008
     514   -0.058008
     515   -0.057143
     516   -0.057143
     517   -0.056893
     518   -0.056893
     519   -0.057030
     520   -0.057030
     521   -0.057245
     522   -0.057245
     523   -0.057401
     524   -0.057401
     525   -0.057446
     526   -0.057446
     527   -0.057373
     528   -0.057373
     529   -0.057214
     530   -0.057214
     531   -0.056993
     532   -0.056993
     533   -0.056712
     534   -0.056712
     535   -0.056392
     536   -0.056392
     537   -0.056038
     538   -0.056038
     539   -0.055646
     540   -0.055646
     541   -0.055215
     542   -0.055215
     543   -0.054740
     544   -0.054740
     545   -0.054198
     546   -0.054198
     547   -0.053602
     548   -0.053602
     549   -0.052975
     550   -0.052975
     551   -0.052280
     552   -0.052280
     553   -0.051496
     554   -0.051496
     555   -0.050628
     556   -0.050628
     557   -0.049691
     558   -0.049691
     559   -0.048689
     560   -0.048689
     561   -0.047544
     562   -0.047544
     563   -0.046212
     564   -0.046212
     565   -0.044702
     566   -0.044702
     567   -0.043037
     568   -0.043037
     569   -0.041131
     570   -0.041131
     571   -0.038884
     572   -0.038884
     573   -0.036330
     574   -0.036330
     575   -0.033473
     576   -0.033473
     577   -0.030247
     578   -0.030247
     579   -0.026766
     580   -0.026766
     581   -0.023205
     582   -0.023205
     583   -0.019734
     584   -0.019734
     585   -0.016371
     586   -0.016371
     587   -0.012666
     588   -0.012666
     589   -0.008044
     590   -0.008044
     591   -0.003160
     592   -0.003160
     593    0.000054
     594    0.000054
     595   -0.097422
     596   -0.097422
     597   -0.097251
     598   -0.097251
     599   -0.097120
     600   -0.097120
     601   -0.097175
     602   -0.097175
     603   -0.097256
     604   -0.097256
     605   -0.097276
     606   -0.097276
     607   -0.097273
     608   -0.097273
     609   -0.097259
     610   -0.097259
     611   -0.097235
     612   -0.097235
     613   -0.097182
     614   -0.097182
     615   -0.097102
     616   -0.097102
     617   -0.097012
     618   -0.097012
     619   -0.096920
     620   -0.096920
     621   -0.096823
     622   -0.096823
     623   -0.096723
     624   -0.096723
     625   -0.096616
     626   -0.096616
     627   -0.096498
     628   -0.096498
     629   -0.096370
     630   -0.096370
     631   -0.096231
     632   -0.096231
     633   -0.096082
     634   -0.096082
     635   -0.095925
     636   -0.095925
     637   -0.095763
     638   -0.095763
     639   -0.095596
     640   -0.095596
     641   -0.095426
     642   -0.095426
     643   -0.095250
     644   -0.095250
     645   -0.095068
     646   -0.095068
     647   -0.094879
     648   -0.094879
     649   -0.094680
     650   -0.094680
     651   -0.094473
     652   -0.094473
     653   -0.094259
     654   -0.094259
     655   -0.094038
     656   -0.094038
     657   -0.093809
     658   -0.093809
     659   -0.093574
     660   -0.093574
     661   -0.093335
     662   -0.093335
     663   -0.093096
     664   -0.093096
     665   -0.092857
     666   -0.092857
     667   -0.092606
     668   -0.092606
     669   -0.092313
     670   -0.092313
     671   -0.091983
     672   -0.091983
     673   -0.091635
     674   -0.091635
     675   -0.091281
     676   -0.091281
     677   -0.090922
     678   -0.090922
     679   -0.090548
     680   -0.090548
     681   -0.090153
     682   -0.090153
     683   -0.089740
     684   -0.089740
     685   -0.089303
     686   -0.089303
     687   -0.088831
     688   -0.088831
     689   -0.088320
     690   -0.088320
     691   -0.087773
     692   -0.087773
     693   -0.087191
     694   -0.087191
     695   -0.086585
     696   -0.086585
     697   -0.085949
     698   -0.085949
     699   -0.085224
     700   -0.085224
     701   -0.084362
     702   -0.084362
     703   -0.083383
     704   -0.083383
     705   -0.082304
     706   -0.082304
     707   -0.081112
     708   -0.081112
     709   -0.079809
     710   -0.079809
     711   -0.078495
     712   -0.078495
     713   -0.077499
     714   -0.077499
     715   -0.077118
     716   -0.077118
     717   -0.077211
     718   -0.077211
     719   -0.077439
     720   -0.077439
     721   -0.077621
     722   -0.077621
     723   -0.077682
     724   -0.077682
     725   -0.077609
     726   -0.077609
     727   -0.077437
     728   -0.077437
     729   -0.077185
     730   -0.077185
     731   -0.076861
     732   -0.076861
     733   -0.076478
     734   -0.076478
     735   -0.076049
     736   -0.076049
     737   -0.075572
     738   -0.075572
     739   -0.075034
     740   -0.075034
     741   -0.074428
     742   -0.074428
     743   -0.073756
     744   -0.073756
     745   -0.073028
     746   -0.073028
     747   -0.072242
     748   -0.072242
     749   -0.071367
     750   -0.071367
     751   -0.070393
     752   -0.070393
     753   -0.069317
     754   -0.069317
     755   -0.068147
     756   -0.068147
     757   -0.066881
     758   -0.066881
     759   -0.065496
     760   -0.065496
     761   -0.063958
     762   -0.063958
     763   -0.062230
     764   -0.062230
     765   -0.060333
     766   -0.060333
     767   -0.058171
     768   -0.058171
     769   -0.055648
     770   -0.055648
     771   -0.052800
     772   -0.052800
     773   -0.049587
     774   -0.049587
     775   -0.045982
     776   -0.045982
     777   -0.042047
     778   -0.042047
     779   -0.038019
     780   -0.038019
     781   -0.034037
     782   -0.034037
     783   -0.029763
     784   -0.029763
     785   -0.023733
     786   -0.023733
     787   -0.016171
     788   -0.016171
     789   -0.010430
     790   -0.010430
     791   -0.007564
     792   -0.007564
     793   -0.122483
     794   -0.122483
     795   -0.122224
     796   -0.122224
     797   -0.121973
     798   -0.121973
     799   -0.121998
     800   -0.121998
     801   -0.122120
     802   -0.122120
     803   -0.122174
     804   -0.122174
     805   -0.122176
     806   -0.122176
     807   -0.122147
     808   -0.122147
     809   -0.122097
     810   -0.122097
     811   -0.122026
     812   -0.122026
     813   -0.121935
     814   -0.121935
     815   -0.121831
     816   -0.121831
     817   -0.121716
     818   -0.121716
     819   -0.121594
     820   -0.121594
     821   -0.121464
     822   -0.121464
     823   -0.121326
     824   -0.121326
     825   -0.121178
     826   -0.121178
     827   -0.121016
     828   -0.121016
     829   -0.120841
     830   -0.120841
     831   -0.120654
     832   -0.120654
     833   -0.120456
     834   -0.120456
     835   -0.120253
     836   -0.120253
     837   -0.120046
     838   -0.120046
     839   -0.119835
     840   -0.119835
     841   -0.119617
     842   -0.119617
     843   -0.119391
     844   -0.119391
     845   -0.119156
     846   -0.119156
     847   -0.118911
     848   -0.118911
     849   -0.118656
     850   -0.118656
     851   -0.118392
     852   -0.118392
     853   -0.118119
     854   -0.118119
     855   -0.117837
     856   -0.117837
     857   -0.117547
     858   -0.117547
     859   -0.117252
     860   -0.117252
     861   -0.116953
     862   -0.116953
     863   -0.116653
     864   -0.116653
     865   -0.116336
     866   -0.116336
     867   -0.115982
     868   -0.115982
     869   -0.115588
     870   -0.115588
     871   -0.115173
     872   -0.115173
     873   -0.114749
     874   -0.114749
     875   -0.114314
     876   -0.114314
     877   -0.113860
     878   -0.113860
     879   -0.113384
     880   -0.113384
     881   -0.112883
     882   -0.112883
     883   -0.112349
     884   -0.112349
     885   -0.111774
     886   -0.111774
     887   -0.111154
     888   -0.111154
     889   -0.110490
     890   -0.110490
     891   -0.109779
     892   -0.109779
     893   -0.109011
     894   -0.109011
     895   -0.108170
     896   -0.108170
     897   -0.107235
     898   -0.107235
     899   -0.106202
     900   -0.106202
     901   -0.105078
     902   -0.105078
     903   -0.103851
     904   -0.103851
     905   -0.102499
     906   -0.102499
     907   -0.101055
     908   -0.101055
     909   -0.099654
     910   -0.099654
     911   -0.098569
     912   -0.098569
     913   -0.098069
     914   -0.098069
     915   -0.098067
     916   -0.098067
     917   -0.098238
     918   -0.098238
     919   -0.098395
     920   -0.098395
     921   -0.098453
     922   -0.098453
     923   -0.098380
     924   -0.098380
     925   -0.098196
     926   -0.098196
     927   -0.097909
     928   -0.097909
     929   -0.097526
     930   -0.097526
     931   -0.097076
     932   -0.097076
     933   -0.096571
     934   -0.096571
     935   -0.096003
     936   -0.096003
     937   -0.095363
     938   -0.095363
     939   -0.094640
     940   -0.094640
     941   -0.093846
     942   -0.093846
     943   -0.092985
     944   -0.092985
     945   -0.092040
     946   -0.092040
     947   -0.090983
     948   -0.090983
     949   -0.089820
     950   -0.089820
     951   -0.088560
     952   -0.088560
     953   -0.087195
     954   -0.087195
     955   -0.085707
     956   -0.085707
     957   -0.084106
     958   -0.084106
     959   -0.082374
     960   -0.082374
     961   -0.080461
     962   -0.080461
     963   -0.078375
     964   -0.078375
     965   -0.076035
     966   -0.076035
     967   -0.073361
     968   -0.073361
     969   -0.070350
     970   -0.070350
     971   -0.066937
     972   -0.066937
     973   -0.063080
     974   -0.063080
     975   -0.058736
     976   -0.058736
     977   -0.054452
     978   -0.054452
     979   -0.050212
     980   -0.050212
     981   -0.044905
     982   -0.044905
     983   -0.037276
     984   -0.037276
     985   -0.028112
     986   -0.028112
     987   -0.020925
     988   -0.020925
     989   -0.016808
     990   -0.016808
     991   -0.149906
     992   -0.149906
     993   -0.149641
     994   -0.149641
     995   -0.149383
     996   -0.149383
     997   -0.149400
     998   -0.149400
     999   -0.149495
    1000   -0.149495
    1001   -0.149507
    1002   -0.149507
    1003   -0.149468
    1004   -0.149468
    1005   -0.149400
    1006   -0.149400
    1007   -0.149313
    1008   -0.149313
    1009   -0.149209
    1010   -0.149209
    1011   -0.149093
    1012   -0.149093
    1013   -0.148962
    1014   -0.148962
    1015   -0.148819
    1016   -0.148819
    1017   -0.148664
    1018   -0.148664
    1019   -0.148499
    1020   -0.148499
    1021   -0.148325
    1022   -0.148325
    1023   -0.148140
    1024   -0.148140
    1025   -0.147943
    1026   -0.147943
    1027   -0.147730
    1028   -0.147730
    1029   -0.147501
    1030   -0.147501
    1031   -0.147262
    1032   -0.147262
    1033   -0.147017
    1034   -0.147017
    1035   -0.146769
    1036   -0.146769
    1037   -0.146517
    1038   -0.146517
    1039   -0.146257
    1040   -0.146257
    1041   -0.145988
    1042   -0.145988
    1043   -0.145709
    1044   -0.145709
    1045   -0.145417
    1046   -0.145417
    1047   -0.145114
    1048   -0.145114
    1049   -0.144799
    1050   -0.144799
    1051   -0.144472
    1052   -0.144472
    1053   -0.144133
    1054   -0.144133
    1055   -0.143784
    1056   -0.143784
    1057   -0.143429
    1058   -0.143429
    1059   -0.143067
    1060   -0.143067
    1061   -0.142697
    1062   -0.142697
    1063   -0.142308
    1064   -0.142308
    1065   -0.141888
    1066   -0.141888
    1067   -0.141436
    1068   -0.141436
    1069   -0.140960
    1070   -0.140960
    1071   -0.140467
    1072   -0.140467
    1073   -0.139953
    1074   -0.139953
    1075   -0.139417
    1076   -0.139417
    1077   -0.138858
    1078   -0.138858
    1079   -0.138266
    1080   -0.138266
    1081   -0.137635
    1082   -0.137635
    1083   -0.136963
    1084   -0.136963
    1085   -0.136245
    1086   -0.136245
    1087   -0.135476
    1088   -0.135476
    1089   -0.134644
    1090   -0.134644
    1091   -0.133726
    1092   -0.133726
    1093   -0.132709
    1094   -0.132709
    1095   -0.131615
    1096   -0.131615
    1097   -0.130464
    1098   -0.130464
    1099   -0.129229
    1100   -0.129229
    1101   -0.127874
    1102   -0.127874
    1103   -0.126385
    1104   -0.126385
    1105   -0.124814
    1106   -0.124814
    1107   -0.123288
    1108   -0.123288
    1109   -0.122051
    1110   -0.122051
    1111   -0.121374
    1112   -0.121374
    1113   -0.121213
    1114   -0.121213
    1115   -0.121267
    1116   -0.121267
    1117   -0.121328
    1118   -0.121328
    1119   -0.121310
    1120   -0.121310
    1121   -0.121170
    1122   -0.121170
    1123   -0.120924
    1124   -0.120924
    1125   -0.120581
    1126   -0.120581
    1127   -0.120139
    1128   -0.120139
    1129   -0.119618
    1130   -0.119618
    1131   -0.119016
    1132   -0.119016
    1133   -0.118328
    1134   -0.118328
    1135   -0.117561
    1136   -0.117561
    1137   -0.116710
    1138   -0.116710
    1139   -0.115774
    1140   -0.115774
    1141   -0.114750
    1142   -0.114750
    1143   -0.113619
    1144   -0.113619
    1145   -0.112359
    1146   -0.112359
    1147   -0.110977
    1148   -0.110977
    1149   -0.109496
    1150   -0.109496
    1151   -0.107888
    1152   -0.107888
    1153   -0.106123
    1154   -0.106123
    1155   -0.104217
    1156   -0.104217
    1157   -0.102160
    1158   -0.102160
    1159   -0.099919
    1160   -0.099919
    1161   -0.097491
    1162   -0.097491
    1163   -0.094825
    1164   -0.094825
    1165   -0.091844
    1166   -0.091844
    1167   -0.088500
    1168   -0.088500
    1169   -0.084710
    1170   -0.084710
    1171   -0.080371
    1172   -0.080371
    1173   -0.075346
    1174   -0.075346
    1175   -0.070544
    1176   -0.070544
    1177   -0.065815
    1178   -0.065815
    1179   -0.059353
    1180   -0.059353
    1181   -0.051115
    1182   -0.051115
    1183   -0.042061
    1184   -0.042061
    1185   -0.033760
    1186   -0.033760
    1187   -0.027997
    1188   -0.027997
    1189   -0.181258
    1190   -0.181258
    1191   -0.181097
    1192   -0.181097
    1193   -0.180956
    1194   -0.180956
    1195   -0.180926
    1196   -0.180926
    1197   -0.180861
    1198   -0.180861
    1199   -0.180738
    1200   -0.180738
    1201   -0.180613
    1202   -0.180613
    1203   -0.180478
    1204   -0.180478
    1205   -0.180332
    1206   -0.180332
    1207   -0.180179
    1208   -0.180179
    1209   -0.180020
    1210   -0.180020
    1211   -0.179851
    1212   -0.179851
    1213   -0.179669
    1214   -0.179669
    1215   -0.179475
    1216   -0.179475
    1217   -0.179270
    1218   -0.179270
    1219   -0.179053
    1220   -0.179053
    1221   -0.178825
    1222   -0.178825
    1223   -0.178583
    1224   -0.178583
    1225   -0.178324
    1226   -0.178324
    1227   -0.178048
    1228   -0.178048
    1229   -0.177761
    1230   -0.177761
    1231   -0.177472
    1232   -0.177472
    1233   -0.177185
    1234   -0.177185
    1235   -0.176892
    1236   -0.176892
    1237   -0.176589
    1238   -0.176589
    1239   -0.176276
    1240   -0.176276
    1241   -0.175951
    1242   -0.175951
    1243   -0.175610
    1244   -0.175610
    1245   -0.175255
    1246   -0.175255
    1247   -0.174885
    1248   -0.174885
    1249   -0.174498
    1250   -0.174498
    1251   -0.174095
    1252   -0.174095
    1253   -0.173678
    1254   -0.173678
    1255   -0.173258
    1256   -0.173258
    1257   -0.172832
    1258   -0.172832
    1259   -0.172393
    1260   -0.172393
    1261   -0.171933
    1262   -0.171933
    1263   -0.171448
    1264   -0.171448
    1265   -0.170935
    1266   -0.170935
    1267   -0.170393
    1268   -0.170393
    1269   -0.169821
    1270   -0.169821
    1271   -0.169221
    1272   -0.169221
    1273   -0.168597
    1274   -0.168597
    1275   -0.167947
    1276   -0.167947
    1277   -0.167262
    1278   -0.167262
    1279   -0.166537
    1280   -0.166537
    1281   -0.165772
    1282   -0.165772
    1283   -0.164962
    1284   -0.164962
    1285   -0.164094
    1286   -0.164094
    1287   -0.163158
    1288   -0.163158
    1289   -0.162134
    1290   -0.162134
    1291   -0.161017
    1292   -0.161017
    1293   -0.159834
    1294   -0.159834
    1295   -0.158592
    1296   -0.158592
    1297   -0.157251
    1298   -0.157251
    1299   -0.155773
    1300   -0.155773
    1301   -0.154160
    1302   -0.154160
    1303   -0.152470
    1304   -0.152470
    1305   -0.150797
    1306   -0.150797
    1307   -0.149344
    1308   -0.149344
    1309   -0.148417
    1310   -0.148417
    1311   -0.148062
    1312   -0.148062
    1313   -0.147980
    1314   -0.147980
    1315   -0.147900
    1316   -0.147900
    1317   -0.147728
    1318   -0.147728
    1319   -0.147441
    1320   -0.147441
    1321   -0.147060
    1322   -0.147060
    1323   -0.146617
    1324   -0.146617
    1325   -0.146100
    1326   -0.146100
    1327   -0.145477
    1328   -0.145477
    1329   -0.144740
    1330   -0.144740
    1331   -0.143898
    1332   -0.143898
    1333   -0.142969
    1334   -0.142969
    1335   -0.141959
    1336   -0.141959
    1337   -0.140853
    1338   -0.140853
    1339   -0.139629
    1340   -0.139629
    1341   -0.138273
    1342   -0.138273
    1343   -0.136784
    1344   -0.136784
    1345   -0.135156
    1346   -0.135156
    1347   -0.133387
    1348   -0.133387
    1349   -0.131456
    1350   -0.131456
    1351   -0.129340
    1352   -0.129340
    1353   -0.127046
    1354   -0.127046
    1355   -0.124558
    1356   -0.124558
    1357   -0.121865
    1358   -0.121865
    1359   -0.118954
    1360   -0.118954
    1361   -0.115789
    1362   -0.115789
    1363   -0.112306
    1364   -0.112306
    1365   -0.108427
    1366   -0.108427
    1367   -0.104065
    1368   -0.104065
    1369   -0.099155
    1370   -0.099155
    1371   -0.093464
    1372   -0.093464
    1373   -0.087523
    1374   -0.087523
    1375   -0.081429
    1376   -0.081429
    1377   -0.073880
    1378   -0.073880
    1379   -0.065164
    1380   -0.065164
    1381   -0.055831
    1382   -0.055831
    1383   -0.046245
    1384   -0.046245
    1385   -0.038913
    1386   -0.038913
    1387   -0.218192
    1388   -0.218192
    1389   -0.217987
    1390   -0.217987
    1391   -0.217717
    1392   -0.217717
    1393   -0.217466
    1394   -0.217466
    1395   -0.217194
    1396   -0.217194
    1397   -0.216915
    1398   -0.216915
    1399   -0.216658
    1400   -0.216658
    1401   -0.216403
    1402   -0.216403
    1403   -0.216152
    1404   -0.216152
    1405   -0.215916
    1406   -0.215916
    1407   -0.215693
    1408   -0.215693
    1409   -0.215470
    1410   -0.215470
    1411   -0.215240
    1412   -0.215240
    1413   -0.215002
    1414   -0.215002
    1415   -0.214753
    1416   -0.214753
    1417   -0.214490
    1418   -0.214490
    1419   -0.214212
    1420   -0.214212
    1421   -0.213919
    1422   -0.213919
    1423   -0.213609
    1424   -0.213609
    1425   -0.213279
    1426   -0.213279
    1427   -0.212936
    1428   -0.212936
    1429   -0.212596
    1430   -0.212596
    1431   -0.212263
    1432   -0.212263
    1433   -0.211923
    1434   -0.211923
    1435   -0.211572
    1436   -0.211572
    1437   -0.211209
    1438   -0.211209
    1439   -0.210833
    1440   -0.210833
    1441   -0.210440
    1442   -0.210440
    1443   -0.210028
    1444   -0.210028
    1445   -0.209598
    1446   -0.209598
    1447   -0.209146
    1448   -0.209146
    1449   -0.208673
    1450   -0.208673
    1451   -0.208183
    1452   -0.208183
    1453   -0.207691
    1454   -0.207691
    1455   -0.207197
    1456   -0.207197
    1457   -0.206688
    1458   -0.206688
    1459   -0.206157
    1460   -0.206157
    1461   -0.205605
    1462   -0.205605
    1463   -0.205027
    1464   -0.205027
    1465   -0.204411
    1466   -0.204411
    1467   -0.203757
    1468   -0.203757
    1469   -0.203072
    1470   -0.203072
    1471   -0.202359
    1472   -0.202359
    1473   -0.201615
    1474   -0.201615
    1475   -0.200836
    1476   -0.200836
    1477   -0.200015
    1478   -0.200015
    1479   -0.199153
    1480   -0.199153
    1481   -0.198244
    1482   -0.198244
    1483   -0.197274
    1484   -0.197274
    1485   -0.196234
    1486   -0.196234
    1487   -0.195118
    1488   -0.195118
    1489   -0.193921
    1490   -0.193921
    1491   -0.192654
    1492   -0.192654
    1493   -0.191311
    1494   -0.191311
    1495   -0.189863
    1496   -0.189863
    1497   -0.188285
    1498   -0.188285
    1499   -0.186592
    1500   -0.186592
    1501   -0.184829
    1502   -0.184829
    1503   -0.183073
    1504   -0.183073
    1505   -0.181510
    1506   -0.181510
    1507   -0.180469
    1508   -0.180469
    1509   -0.180020
    1510   -0.180020
    1511   -0.179843
    1512   -0.179843
    1513   -0.179654
    1514   -0.179654
    1515   -0.179358
    1516   -0.179358
    1517   -0.178937
    1518   -0.178937
    1519   -0.178397
    1520   -0.178397
    1521   -0.177781
    1522   -0.177781
    1523   -0.177085
    1524   -0.177085
    1525   -0.176274
    1526   -0.176274
    1527   -0.175350
    1528   -0.175350
    1529   -0.174321
    1530   -0.174321
    1531   -0.173192
    1532   -0.173192
    1533   -0.171978
    1534   -0.171978
    1535   -0.170660
    1536   -0.170660
    1537   -0.169204
    1538   -0.169204
    1539   -0.167599
    1540   -0.167599
    1541   -0.165855
    1542   -0.165855
    1543   -0.163950
    1544   -0.163950
    1545   -0.161856
    1546   -0.161856
    1547   -0.159574
    1548   -0.159574
    1549   -0.157086
    1550   -0.157086
    1551   -0.154385
    1552   -0.154385
    1553   -0.151464
    1554   -0.151464
    1555   -0.148317
    1556   -0.148317
    1557   -0.144898
    1558   -0.144898
    1559   -0.141172
    1560   -0.141172
    1561   -0.137097
    1562   -0.137097
    1563   -0.132570
    1564   -0.132570
    1565   -0.127497
    1566   -0.127497
    1567   -0.122003
    1568   -0.122003
    1569   -0.115786
    1570   -0.115786
    1571   -0.108427
    1572   -0.108427
    1573   -0.100450
    1574   -0.100450
    1575   -0.091796
    1576   -0.091796
    1577   -0.082103
    1578   -0.082103
    1579   -0.071250
    1580   -0.071250
    1581   -0.059671
    1582   -0.059671
    1583   -0.050539
    1584   -0.050539
    1585   -0.262757
    1586   -0.262757
    1587   -0.262298
    1588   -0.262298
    1589   -0.261626
    1590   -0.261626
    1591   -0.261020
    1592   -0.261020
    1593   -0.260497
    1594   -0.260497
    1595   -0.260016
    1596   -0.260016
    1597   -0.259558
    1598   -0.259558
    1599   -0.259117
    1600   -0.259117
    1601   -0.258713
    1602   -0.258713
    1603   -0.258358
    1604   -0.258358
    1605   -0.258040
    1606   -0.258040
    1607   -0.257741
    1608   -0.257741
    1609   -0.257450
    1610   -0.257450
    1611   -0.257161
    1612   -0.257161
    1613   -0.256863
    1614   -0.256863
    1615   -0.256547
    1616   -0.256547
    1617   -0.256213
    1618   -0.256213
    1619   -0.255864
    1620   -0.255864
    1621   -0.255499
    1622   -0.255499
    1623   -0.255115
    1624   -0.255115
    1625   -0.254713
    1626   -0.254713
    1627   -0.254312
    1628   -0.254312
    1629   -0.253915
    1630   -0.253915
    1631   -0.253511
    1632   -0.253511
    1633   -0.253100
    1634   -0.253100
    1635   -0.252682
    1636   -0.252682
    1637   -0.252253
    1638   -0.252253
    1639   -0.251805
    1640   -0.251805
    1641   -0.251333
    1642   -0.251333
    1643   -0.250837
    1644   -0.250837
    1645   -0.250316
    1646   -0.250316
    1647   -0.249771
    1648   -0.249771
    1649   -0.249207
    1650   -0.249207
    1651   -0.248635
    1652   -0.248635
    1653   -0.248056
    1654   -0.248056
    1655   -0.247464
    1656   -0.247464
    1657   -0.246854
    1658   -0.246854
    1659   -0.246225
    1660   -0.246225
    1661   -0.245569
    1662   -0.245569
    1663   -0.244876
    1664   -0.244876
    1665   -0.244143
    1666   -0.244143
    1667   -0.243375
    1668   -0.243375
    1669   -0.242574
    1670   -0.242574
    1671   -0.241740
    1672   -0.241740
    1673   -0.240869
    1674   -0.240869
    1675   -0.239950
    1676   -0.239950
    1677   -0.238979
    1678   -0.238979
    1679   -0.237951
    1680   -0.237951
    1681   -0.236859
    1682   -0.236859
    1683   -0.235696
    1684   -0.235696
    1685   -0.234462
    1686   -0.234462
    1687   -0.233153
    1688   -0.233153
    1689   -0.231768
    1690   -0.231768
    1691   -0.230304
    1692   -0.230304
    1693   -0.228746
    1694   -0.228746
    1695   -0.227084
    1696   -0.227084
    1697   -0.225336
    1698   -0.225336
    1699   -0.223527
    1700   -0.223527
    1701   -0.221737
    1702   -0.221737
    1703   -0.220182
    1704   -0.220182
    1705   -0.219176
    1706   -0.219176
    1707   -0.218721
    1708   -0.218721
    1709   -0.218487
    1710   -0.218487
    1711   -0.218227
    1712   -0.218227
    1713   -0.217865
    1714   -0.217865
    1715   -0.217362
    1716   -0.217362
    1717   -0.216699
    1718   -0.216699
    1719   -0.215908
    1720   -0.215908
    1721   -0.214999
    1722   -0.214999
    1723   -0.213981
    1724   -0.213981
    1725   -0.212863
    1726   -0.212863
    1727   -0.211634
    1728   -0.211634
    1729   -0.210292
    1730   -0.210292
    1731   -0.208849
    1732   -0.208849
    1733   -0.207289
    1734   -0.207289
    1735   -0.205589
    1736   -0.205589
    1737   -0.203736
    1738   -0.203736
    1739   -0.201715
    1740   -0.201715
    1741   -0.199514
    1742   -0.199514
    1743   -0.197113
    1744   -0.197113
    1745   -0.194505
    1746   -0.194505
    1747   -0.191663
    1748   -0.191663
    1749   -0.188573
    1750   -0.188573
    1751   -0.185242
    1752   -0.185242
    1753   -0.181655
    1754   -0.181655
    1755   -0.177740
    1756   -0.177740
    1757   -0.173444
    1758   -0.173444
    1759   -0.168718
    1760   -0.168718
    1761   -0.163458
    1762   -0.163458
    1763   -0.157590
    1764   -0.157590
    1765   -0.151296
    1766   -0.151296
    1767   -0.144295
    1768   -0.144295
    1769   -0.135772
    1770   -0.135772
    1771   -0.126160
    1772   -0.126160
    1773   -0.115864
    1774   -0.115864
    1775   -0.104212
    1776   -0.104212
    1777   -0.090766
    1778   -0.090766
    1779   -0.076229
    1780   -0.076229
    1781   -0.064553
    1782   -0.064553
    1783   -0.317690
    1784   -0.317690
    1785   -0.316990
    1786   -0.316990
    1787   -0.315998
    1788   -0.315998
    1789   -0.315129
    1790   -0.315129
    1791   -0.314375
    1792   -0.314375
    1793   -0.313691
    1794   -0.313691
    1795   -0.313036
    1796   -0.313036
    1797   -0.312408
    1798   -0.312408
    1799   -0.311849
    1800   -0.311849
    1801   -0.311365
    1802   -0.311365
    1803   -0.310931
    1804   -0.310931
    1805   -0.310529
    1806   -0.310529
    1807   -0.310151
    1808   -0.310151
    1809   -0.309785
    1810   -0.309785
    1811   -0.309418
    1812   -0.309418
    1813   -0.309035
    1814   -0.309035
    1815   -0.308631
    1816   -0.308631
    1817   -0.308215
    1818   -0.308215
    1819   -0.307788
    1820   -0.307788
    1821   -0.307341
    1822   -0.307341
    1823   -0.306875
    1824   -0.306875
    1825   -0.306401
    1826   -0.306401
    1827   -0.305922
    1828   -0.305922
    1829   -0.305441
    1830   -0.305441
    1831   -0.304960
    1832   -0.304960
    1833   -0.304479
    1834   -0.304479
    1835   -0.303990
    1836   -0.303990
    1837   -0.303481
    1838   -0.303481
    1839   -0.302944
    1840   -0.302944
    1841   -0.302377
    1842   -0.302377
    1843   -0.301782
    1844   -0.301782
    1845   -0.301162
    1846   -0.301162
    1847   -0.300519
    1848   -0.300519
    1849   -0.299857
    1850   -0.299857
    1851   -0.299178
    1852   -0.299178
    1853   -0.298488
    1854   -0.298488
    1855   -0.297784
    1856   -0.297784
    1857   -0.297060
    1858   -0.297060
    1859   -0.296310
    1860   -0.296310
    1861   -0.295528
    1862   -0.295528
    1863   -0.294708
    1864   -0.294708
    1865   -0.293848
    1866   -0.293848
    1867   -0.292954
    1868   -0.292954
    1869   -0.292024
    1870   -0.292024
    1871   -0.291052
    1872   -0.291052
    1873   -0.290023
    1874   -0.290023
    1875   -0.288925
    1876   -0.288925
    1877   -0.287758
    1878   -0.287758
    1879   -0.286525
    1880   -0.286525
    1881   -0.285219
    1882   -0.285219
    1883   -0.283844
    1884   -0.283844
    1885   -0.282396
    1886   -0.282396
    1887   -0.280867
    1888   -0.280867
    1889   -0.279261
    1890   -0.279261
    1891   -0.277572
    1892   -0.277572
    1893   -0.275797
    1894   -0.275797
    1895   -0.273944
    1896   -0.273944
    1897   -0.272027
    1898   -0.272027
    1899   -0.270134
    1900   -0.270134
    1901   -0.268500
    1902   -0.268500
    1903   -0.267428
    1904   -0.267428
    1905   -0.266891
    1906   -0.266891
    1907   -0.266561
    1908   -0.266561
    1909   -0.266204
    1910   -0.266204
    1911   -0.265753
    1912   -0.265753
    1913   -0.265178
    1914   -0.265178
    1915   -0.264447
    1916   -0.264447
    1917   -0.263553
    1918   -0.263553
    1919   -0.262510
    1920   -0.262510
    1921   -0.261345
    1922   -0.261345
    1923   -0.260057
    1924   -0.260057
    1925   -0.258635
    1926   -0.258635
    1927   -0.257083
    1928   -0.257083
    1929   -0.255397
    1930   -0.255397
    1931   -0.253566
    1932   -0.253566
    1933   -0.251581
    1934   -0.251581
    1935   -0.249429
    1936   -0.249429
    1937   -0.247088
    1938   -0.247088
    1939   -0.244571
    1940   -0.244571
    1941   -0.241867
    1942   -0.241867
    1943   -0.238937
    1944   -0.238937
    1945   -0.235746
    1946   -0.235746
    1947   -0.232262
    1948   -0.232262
    1949   -0.228487
    1950   -0.228487
    1951   -0.224414
    1952   -0.224414
    1953   -0.219968
    1954   -0.219968
    1955   -0.215051
    1956   -0.215051
    1957   -0.209578
    1958   -0.209578
    1959   -0.203487
    1960   -0.203487
    1961   -0.196732
    1962   -0.196732
    1963   -0.189347
    1964   -0.189347
    1965   -0.181162
    1966   -0.181162
    1967   -0.171581
    1968   -0.171581
    1969   -0.160453
    1970   -0.160453
    1971   -0.147825
    1972   -0.147825
    1973   -0.133217
    1974   -0.133217
    1975   -0.116244
    1976   -0.116244
    1977   -0.097784
    1978   -0.097784
    1979   -0.082753
    1980   -0.082753
    1981   -0.386985
    1982   -0.386985
    1983   -0.386124
    1984   -0.386124
    1985   -0.384933
    1986   -0.384933
    1987   -0.383913
    1988   -0.383913
    1989   -0.382999
    1990   -0.382999
    1991   -0.382141
    1992   -0.382141
    1993   -0.381331
    1994   -0.381331
    1995   -0.380577
    1996   -0.380577
    1997   -0.379899
    1998   -0.379899
    1999   -0.379290
    2000   -0.379290
    2001   -0.378731
    2002   -0.378731
    2003   -0.378210
    2004   -0.378210
    2005   -0.377723
    2006   -0.377723
    2007   -0.377255
    2008   -0.377255
    2009   -0.376792
    2010   -0.376792
    2011   -0.376321
    2012   -0.376321
    2013   -0.375836
    2014   -0.375836
    2015   -0.375339
    2016   -0.375339
    2017   -0.374830
    2018   -0.374830
    2019   -0.374303
    2020   -0.374303
    2021   -0.373758
    2022   -0.373758
    2023   -0.373199
    2024   -0.373199
    2025   -0.372633
    2026   -0.372633
    2027   -0.372070
    2028   -0.372070
    2029   -0.371510
    2030   -0.371510
    2031   -0.370951
    2032   -0.370951
    2033   -0.370386
    2034   -0.370386
    2035   -0.369800
    2036   -0.369800
    2037   -0.369188
    2038   -0.369188
    2039   -0.368546
    2040   -0.368546
    2041   -0.367875
    2042   -0.367875
    2043   -0.367173
    2044   -0.367173
    2045   -0.366441
    2046   -0.366441
    2047   -0.365681
    2048   -0.365681
    2049   -0.364896
    2050   -0.364896
    2051   -0.364095
    2052   -0.364095
    2053   -0.363278
    2054   -0.363278
    2055   -0.362441
    2056   -0.362441
    2057   -0.361578
    2058   -0.361578
    2059   -0.360685
    2060   -0.360685
    2061   -0.359756
    2062   -0.359756
    2063   -0.358789
    2064   -0.358789
    2065   -0.357792
    2066   -0.357792
    2067   -0.356761
    2068   -0.356761
    2069   -0.355677
    2070   -0.355677
    2071   -0.354507
    2072   -0.354507
    2073   -0.353244
    2074   -0.353244
    2075   -0.351914
    2076   -0.351914
    2077   -0.350524
    2078   -0.350524
    2079   -0.349065
    2080   -0.349065
    2081   -0.347537
    2082   -0.347537
    2083   -0.345937
    2084   -0.345937
    2085   -0.344256
    2086   -0.344256
    2087   -0.342502
    2088   -0.342502
    2089   -0.340671
    2090   -0.340671
    2091   -0.338757
    2092   -0.338757
    2093   -0.336754
    2094   -0.336754
    2095   -0.334677
    2096   -0.334677
    2097   -0.332616
    2098   -0.332616
    2099   -0.330826
    2100   -0.330826
    2101   -0.329616
    2102   -0.329616
    2103   -0.328954
    2104   -0.328954
    2105   -0.328514
    2106   -0.328514
    2107   -0.328063
    2108   -0.328063
    2109   -0.327515
    2110   -0.327515
    2111   -0.326845
    2112   -0.326845
    2113   -0.326022
    2114   -0.326022
    2115   -0.325009
    2116   -0.325009
    2117   -0.323811
    2118   -0.323811
    2119   -0.322452
    2120   -0.322452
    2121   -0.320936
    2122   -0.320936
    2123   -0.319271
    2124   -0.319271
    2125   -0.317451
    2126   -0.317451
    2127   -0.315454
    2128   -0.315454
    2129   -0.313270
    2130   -0.313270
    2131   -0.310893
    2132   -0.310893
    2133   -0.308328
    2134   -0.308328
    2135   -0.305572
    2136   -0.305572
    2137   -0.302636
    2138   -0.302636
    2139   -0.299499
    2140   -0.299499
    2141   -0.296114
    2142   -0.296114
    2143   -0.292447
    2144   -0.292447
    2145   -0.288440
    2146   -0.288440
    2147   -0.284089
    2148   -0.284089
    2149   -0.279383
    2150   -0.279383
    2151   -0.274223
    2152   -0.274223
    2153   -0.268512
    2154   -0.268512
    2155   -0.262152
    2156   -0.262152
    2157   -0.255069
    2158   -0.255069
    2159   -0.247166
    2160   -0.247166
    2161   -0.238357
    2162   -0.238357
    2163   -0.228672
    2164   -0.228672
    2165   -0.217713
    2166   -0.217713
    2167   -0.204742
    2168   -0.204742
    2169   -0.189398
    2170   -0.189398
    2171   -0.171270
    2172   -0.171270
    2173   -0.149994
    2174   -0.149994
    2175   -0.126688
    2176   -0.126688
    2177   -0.107525
    2178   -0.107525
    2179   -0.476767
    2180   -0.476767
    2181   -0.475951
    2182   -0.475951
    2183   -0.474806
    2184   -0.474806
    2185   -0.473796
    2186   -0.473796
    2187   -0.472825
    2188   -0.472825
    2189   -0.471858
    2190   -0.471858
    2191   -0.470967
    2192   -0.470967
    2193   -0.470166
    2194   -0.470166
    2195   -0.469419
    2196   -0.469419
    2197   -0.468704
    2198   -0.468704
    2199   -0.468024
    2200   -0.468024
    2201   -0.467386
    2202   -0.467386
    2203   -0.466785
    2204   -0.466785
    2205   -0.466206
    2206   -0.466206
    2207   -0.465635
    2208   -0.465635
    2209   -0.465063
    2210   -0.465063
    2211   -0.464487
    2212   -0.464487
    2213   -0.463897
    2214   -0.463897
    2215   -0.463289
    2216   -0.463289
    2217   -0.462662
    2218   -0.462662
    2219   -0.462020
    2220   -0.462020
    2221   -0.461365
    2222   -0.461365
    2223   -0.460706
    2224   -0.460706
    2225   -0.460051
    2226   -0.460051
    2227   -0.459398
    2228   -0.459398
    2229   -0.458741
    2230   -0.458741
    2231   -0.458074
    2232   -0.458074
    2233   -0.457391
    2234   -0.457391
    2235   -0.456685
    2236   -0.456685
    2237   -0.455953
    2238   -0.455953
    2239   -0.455190
    2240   -0.455190
    2241   -0.454389
    2242   -0.454389
    2243   -0.453550
    2244   -0.453550
    2245   -0.452677
    2246   -0.452677
    2247   -0.451773
    2248   -0.451773
    2249   -0.450840
    2250   -0.450840
    2251   -0.449883
    2252   -0.449883
    2253   -0.448905
    2254   -0.448905
    2255   -0.447901
    2256   -0.447901
    2257   -0.446865
    2258   -0.446865
    2259   -0.445794
    2260   -0.445794
    2261   -0.444691
    2262   -0.444691
    2263   -0.443563
    2264   -0.443563
    2265   -0.442411
    2266   -0.442411
    2267   -0.441194
    2268   -0.441194
    2269   -0.439846
    2270   -0.439846
    2271   -0.438376
    2272   -0.438376
    2273   -0.436845
    2274   -0.436845
    2275   -0.435269
    2276   -0.435269
    2277   -0.433632
    2278   -0.433632
    2279   -0.431926
    2280   -0.431926
    2281   -0.430152
    2282   -0.430152
    2283   -0.428308
    2284   -0.428308
    2285   -0.426384
    2286   -0.426384
    2287   -0.424377
    2288   -0.424377
    2289   -0.422273
    2290   -0.422273
    2291   -0.420068
    2292   -0.420068
    2293   -0.417790
    2294   -0.417790
    2295   -0.415529
    2296   -0.415529
    2297   -0.413582
    2298   -0.413582
    2299   -0.412274
    2300   -0.412274
    2301   -0.411522
    2302   -0.411522
    2303   -0.411004
    2304   -0.411004
    2305   -0.410490
    2306   -0.410490
    2307   -0.409844
    2308   -0.409844
    2309   -0.409024
    2310   -0.409024
    2311   -0.408021
    2312   -0.408021
    2313   -0.406790
    2314   -0.406790
    2315   -0.405321
    2316   -0.405321
    2317   -0.403646
    2318   -0.403646
    2319   -0.401790
    2320   -0.401790
    2321   -0.399764
    2322   -0.399764
    2323   -0.397533
    2324   -0.397533
    2325   -0.395077
    2326   -0.395077
    2327   -0.392398
    2328   -0.392398
    2329   -0.389489
    2330   -0.389489
    2331   -0.386362
    2332   -0.386362
    2333   -0.383021
    2334   -0.383021
    2335   -0.379442
    2336   -0.379442
    2337   -0.375612
    2338   -0.375612
    2339   -0.371504
    2340   -0.371504
    2341   -0.367083
    2342   -0.367083
    2343   -0.362269
    2344   -0.362269
    2345   -0.357027
    2346   -0.357027
    2347   -0.351323
    2348   -0.351323
    2349   -0.345067
    2350   -0.345067
    2351   -0.338225
    2352   -0.338225
    2353   -0.330709
    2354   -0.330709
    2355   -0.322373
    2356   -0.322373
    2357   -0.313069
    2358   -0.313069
    2359   -0.302517
    2360   -0.302517
    2361   -0.290750
    2362   -0.290750
    2363   -0.277644
    2364   -0.277644
    2365   -0.262284
    2366   -0.262284
    2367   -0.243958
    2368   -0.243958
    2369   -0.221963
    2370   -0.221963
    2371   -0.195723
    2372   -0.195723
    2373   -0.166556
    2374   -0.166556
    2375   -0.142256
    2376   -0.142256
    2377   -0.595896
    2378   -0.595896
    2379   -0.595402
    2380   -0.595402
    2381   -0.594633
    2382   -0.594633
    2383   -0.593842
    2384   -0.593842
    2385   -0.592975
    2386   -0.592975
    2387   -0.592036
    2388   -0.592036
    2389   -0.591159
    2390   -0.591159
    2391   -0.590363
    2392   -0.590363
    2393   -0.589589
    2394   -0.589589
    2395   -0.588813
    2396   -0.588813
    2397   -0.588045
    2398   -0.588045
    2399   -0.587304
    2400   -0.587304
    2401   -0.586590
    2402   -0.586590
    2403   -0.585894
    2404   -0.585894
    2405   -0.585207
    2406   -0.585207
    2407   -0.584521
    2408   -0.584521
    2409   -0.583834
    2410   -0.583834
    2411   -0.583135
    2412   -0.583135
    2413   -0.582414
    2414   -0.582414
    2415   -0.581669
    2416   -0.581669
    2417   -0.580908
    2418   -0.580908
    2419   -0.580138
    2420   -0.580138
    2421   -0.579364
    2422   -0.579364
    2423   -0.578588
    2424   -0.578588
    2425   -0.577807
    2426   -0.577807
    2427   -0.577019
    2428   -0.577019
    2429   -0.576221
    2430   -0.576221
    2431   -0.575409
    2432   -0.575409
    2433   -0.574576
    2434   -0.574576
    2435   -0.573715
    2436   -0.573715
    2437   -0.572818
    2438   -0.572818
    2439   -0.571881
    2440   -0.571881
    2441   -0.570901
    2442   -0.570901
    2443   -0.569877
    2444   -0.569877
    2445   -0.568812
    2446   -0.568812
    2447   -0.567708
    2448   -0.567708
    2449   -0.566569
    2450   -0.566569
    2451   -0.565402
    2452   -0.565402
    2453   -0.564204
    2454   -0.564204
    2455   -0.562970
    2456   -0.562970
    2457   -0.561702
    2458   -0.561702
    2459   -0.560400
    2460   -0.560400
    2461   -0.559067
    2462   -0.559067
    2463   -0.557706
    2464   -0.557706
    2465   -0.556273
    2466   -0.556273
    2467   -0.554700
    2468   -0.554700
    2469   -0.552998
    2470   -0.552998
    2471   -0.551233
    2472   -0.551233
    2473   -0.549422
    2474   -0.549422
    2475   -0.547547
    2476   -0.547547
    2477   -0.545599
    2478   -0.545599
    2479   -0.543585
    2480   -0.543585
    2481   -0.541495
    2482   -0.541495
    2483   -0.539299
    2484   -0.539299
    2485   -0.536986
    2486   -0.536986
    2487   -0.534547
    2488   -0.534547
    2489   -0.531992
    2490   -0.531992
    2491   -0.529360
    2492   -0.529360
    2493   -0.526736
    2494   -0.526736
    2495   -0.524458
    2496   -0.524458
    2497   -0.522909
    2498   -0.522909
    2499   -0.521967
    2500   -0.521967
    2501   -0.521261
    2502   -0.521261
    2503   -0.520544
    2504   -0.520544
    2505   -0.519655
    2506   -0.519655
    2507   -0.518544
    2508   -0.518544
    2509   -0.517208
    2510   -0.517208
    2511   -0.515609
    2512   -0.515609
    2513   -0.513716
    2514   -0.513716
    2515   -0.511572
    2516   -0.511572
    2517   -0.509229
    2518   -0.509229
    2519   -0.506663
    2520   -0.506663
    2521   -0.503823
    2522   -0.503823
    2523   -0.500709
    2524   -0.500709
    2525   -0.497330
    2526   -0.497330
    2527   -0.493689
    2528   -0.493689
    2529   -0.489786
    2530   -0.489786
    2531   -0.485602
    2532   -0.485602
    2533   -0.481096
    2534   -0.481096
    2535   -0.476279
    2536   -0.476279
    2537   -0.471131
    2538   -0.471131
    2539   -0.465599
    2540   -0.465599
    2541   -0.459620
    2542   -0.459620
    2543   -0.453098
    2544   -0.453098
    2545   -0.445972
    2546   -0.445972
    2547   -0.438214
    2548   -0.438214
    2549   -0.429819
    2550   -0.429819
    2551   -0.420694
    2552   -0.420694
    2553   -0.410675
    2554   -0.410675
    2555   -0.399601
    2556   -0.399601
    2557   -0.386980
    2558   -0.386980
    2559   -0.372574
    2560   -0.372574
    2561   -0.356437
    2562   -0.356437
    2563   -0.337971
    2564   -0.337971
    2565   -0.316279
    2566   -0.316279
    2567   -0.289990
    2568   -0.289990
    2569   -0.258142
    2570   -0.258142
    2571   -0.222123
    2572   -0.222123
    2573   -0.191563
    2574   -0.191563
    2575   -0.752457
    2576   -0.752457
    2577   -0.752468
    2578   -0.752468
    2579   -0.752276
    2580   -0.752276
    2581   -0.751766
    2582   -0.751766
    2583   -0.751037
    2584   -0.751037
    2585   -0.750215
    2586   -0.750215
    2587   -0.749424
    2588   -0.749424
    2589   -0.748658
    2590   -0.748658
    2591   -0.747877
    2592   -0.747877
    2593   -0.747070
    2594   -0.747070
    2595   -0.746244
    2596   -0.746244
    2597   -0.745407
    2598   -0.745407
    2599   -0.744567
    2600   -0.744567
    2601   -0.743733
    2602   -0.743733
    2603   -0.742906
    2604   -0.742906
    2605   -0.742079
    2606   -0.742079
    2607   -0.741247
    2608   -0.741247
    2609   -0.740404
    2610   -0.740404
    2611   -0.739541
    2612   -0.739541
    2613   -0.738649
    2614   -0.738649
    2615   -0.737733
    2616   -0.737733
    2617   -0.736805
    2618   -0.736805
    2619   -0.735869
    2620   -0.735869
    2621   -0.734920
    2622   -0.734920
    2623   -0.733958
    2624   -0.733958
    2625   -0.732986
    2626   -0.732986
    2627   -0.732001
    2628   -0.732001
    2629   -0.730999
    2630   -0.730999
    2631   -0.729972
    2632   -0.729972
    2633   -0.728909
    2634   -0.728909
    2635   -0.727805
    2636   -0.727805
    2637   -0.726660
    2638   -0.726660
    2639   -0.725468
    2640   -0.725468
    2641   -0.724222
    2642   -0.724222
    2643   -0.722920
    2644   -0.722920
    2645   -0.721570
    2646   -0.721570
    2647   -0.720174
    2648   -0.720174
    2649   -0.718736
    2650   -0.718736
    2651   -0.717256
    2652   -0.717256
    2653   -0.715733
    2654   -0.715733
    2655   -0.714170
    2656   -0.714170
    2657   -0.712560
    2658   -0.712560
    2659   -0.710893
    2660   -0.710893
    2661   -0.709173
    2662   -0.709173
    2663   -0.707379
    2664   -0.707379
    2665   -0.705484
    2666   -0.705484
    2667   -0.703489
    2668   -0.703489
    2669   -0.701414
    2670   -0.701414
    2671   -0.699265
    2672   -0.699265
    2673   -0.697043
    2674   -0.697043
    2675   -0.694735
    2676   -0.694735
    2677   -0.692335
    2678   -0.692335
    2679   -0.689825
    2680   -0.689825
    2681   -0.687170
    2682   -0.687170
    2683   -0.684347
    2684   -0.684347
    2685   -0.681351
    2686   -0.681351
    2687   -0.678206
    2688   -0.678206
    2689   -0.674942
    2690   -0.674942
    2691   -0.671641
    2692   -0.671641
    2693   -0.668661
    2694   -0.668661
    2695   -0.666498
    2696   -0.666498
    2697   -0.665061
    2698   -0.665061
    2699   -0.663847
    2700   -0.663847
    2701   -0.662547
    2702   -0.662547
    2703   -0.661028
    2704   -0.661028
    2705   -0.659264
    2706   -0.659264
    2707   -0.657246
    2708   -0.657246
    2709   -0.654973
    2710   -0.654973
    2711   -0.652396
    2712   -0.652396
    2713   -0.649505
    2714   -0.649505
    2715   -0.646368
    2716   -0.646368
    2717   -0.642947
    2718   -0.642947
    2719   -0.639199
    2720   -0.639199
    2721   -0.635130
    2722   -0.635130
    2723   -0.630737
    2724   -0.630737
    2725   -0.626029
    2726   -0.626029
    2727   -0.620976
    2728   -0.620976
    2729   -0.615544
    2730   -0.615544
    2731   -0.609708
    2732   -0.609708
    2733   -0.603473
    2734   -0.603473
    2735   -0.596800
    2736   -0.596800
    2737   -0.589645
    2738   -0.589645
    2739   -0.581988
    2740   -0.581988
    2741   -0.573703
    2742   -0.573703
    2743   -0.564690
    2744   -0.564690
    2745   -0.554941
    2746   -0.554941
    2747   -0.544399
    2748   -0.544399
    2749   -0.532965
    2750   -0.532965
    2751   -0.520504
    2752   -0.520504
    2753   -0.506801
    2754   -0.506801
    2755   -0.491422
    2756   -0.491422
    2757   -0.474016
    2758   -0.474016
    2759   -0.454235
    2760   -0.454235
    2761   -0.431717
    2762   -0.431717
    2763   -0.405746
    2764   -0.405746
    2765   -0.374259
    2766   -0.374259
    2767   -0.336050
    2768   -0.336050
    2769   -0.292569
    2770   -0.292569
    2771   -0.255175
    2772   -0.255175
    2773   -0.947229
    2774   -0.947229
    2775   -0.947836
    2776   -0.947836
    2777   -0.948293
    2778   -0.948293
    2779   -0.947912
    2780   -0.947912
    2781   -0.947147
    2782   -0.947147
    2783   -0.946400
    2784   -0.946400
    2785   -0.945689
    2786   -0.945689
    2787   -0.944943
    2788   -0.944943
    2789   -0.944133
    2790   -0.944133
    2791   -0.943267
    2792   -0.943267
    2793   -0.942357
    2794   -0.942357
    2795   -0.941398
    2796   -0.941398
    2797   -0.940397
    2798   -0.940397
    2799   -0.939378
    2800   -0.939378
    2801   -0.938355
    2802   -0.938355
    2803   -0.937329
    2804   -0.937329
    2805   -0.936296
    2806   -0.936296
    2807   -0.935246
    2808   -0.935246
    2809   -0.934172
    2810   -0.934172
    2811   -0.933072
    2812   -0.933072
    2813   -0.931946
    2814   -0.931946
    2815   -0.930794
    2816   -0.930794
    2817   -0.929617
    2818   -0.929617
    2819   -0.928416
    2820   -0.928416
    2821   -0.927191
    2822   -0.927191
    2823   -0.925944
    2824   -0.925944
    2825   -0.924669
    2826   -0.924669
    2827   -0.923360
    2828   -0.923360
    2829   -0.922012
    2830   -0.922012
    2831   -0.920625
    2832   -0.920625
    2833   -0.919194
    2834   -0.919194
    2835   -0.917715
    2836   -0.917715
    2837   -0.916182
    2838   -0.916182
    2839   -0.914588
    2840   -0.914588
    2841   -0.912930
    2842   -0.912930
    2843   -0.911208
    2844   -0.911208
    2845   -0.909421
    2846   -0.909421
    2847   -0.907573
    2848   -0.907573
    2849   -0.905667
    2850   -0.905667
    2851   -0.903703
    2852   -0.903703
    2853   -0.901680
    2854   -0.901680
    2855   -0.899583
    2856   -0.899583
    2857   -0.897397
    2858   -0.897397
    2859   -0.895122
    2860   -0.895122
    2861   -0.892771
    2862   -0.892771
    2863   -0.890367
    2864   -0.890367
    2865   -0.887895
    2866   -0.887895
    2867   -0.885318
    2868   -0.885318
    2869   -0.882628
    2870   -0.882628
    2871   -0.879841
    2872   -0.879841
    2873   -0.876944
    2874   -0.876944
    2875   -0.873907
    2876   -0.873907
    2877   -0.870711
    2878   -0.870711
    2879   -0.867322
    2880   -0.867322
    2881   -0.863706
    2882   -0.863706
    2883   -0.859867
    2884   -0.859867
    2885   -0.855813
    2886   -0.855813
    2887   -0.851571
    2888   -0.851571
    2889   -0.847257
    2890   -0.847257
    2891   -0.843231
    2892   -0.843231
    2893   -0.840042
    2894   -0.840042
    2895   -0.837684
    2896   -0.837684
    2897   -0.835545
    2898   -0.835545
    2899   -0.833214
    2900   -0.833214
    2901   -0.830601
    2902   -0.830601
    2903   -0.827705
    2904   -0.827705
    2905   -0.824524
    2906   -0.824524
    2907   -0.821123
    2908   -0.821123
    2909   -0.817463
    2910   -0.817463
    2911   -0.813429
    2912   -0.813429
    2913   -0.809018
    2914   -0.809018
    2915   -0.804228
    2916   -0.804228
    2917   -0.799052
    2918   -0.799052
    2919   -0.793479
    2920   -0.793479
    2921   -0.787504
    2922   -0.787504
    2923   -0.781123
    2924   -0.781123
    2925   -0.774268
    2926   -0.774268
    2927   -0.766909
    2928   -0.766909
    2929   -0.759031
    2930   -0.759031
    2931   -0.750609
    2932   -0.750609
    2933   -0.741616
    2934   -0.741616
    2935   -0.732017
    2936   -0.732017
    2937   -0.721797
    2938   -0.721797
    2939   -0.710840
    2940   -0.710840
    2941   -0.699017
    2942   -0.699017
    2943   -0.686278
    2944   -0.686278
    2945   -0.672508
    2946   -0.672508
    2947   -0.657597
    2948   -0.657597
    2949   -0.641411
    2950   -0.641411
    2951   -0.623696
    2952   -0.623696
    2953   -0.604129
    2954   -0.604129
    2955   -0.582384
    2956   -0.582384
    2957   -0.557711
    2958   -0.557711
    2959   -0.529612
    2960   -0.529612
    2961   -0.497347
    2962   -0.497347
    2963   -0.458784
    2964   -0.458784
    2965   -0.413093
    2966   -0.413093
    2967   -0.361775
    2968   -0.361775
    2969   -0.317716
    2970   -0.317716
    2971   -1.183068
    2972   -1.183068
    2973   -1.183703
    2974   -1.183703
    2975   -1.183965
    2976   -1.183965
    2977   -1.183154
    2978   -1.183154
    2979   -1.182185
    2980   -1.182185
    2981   -1.181414
    2982   -1.181414
    2983   -1.180642
    2984   -1.180642
    2985   -1.179801
    2986   -1.179801
    2987   -1.178869
    2988   -1.178869
    2989   -1.177852
    2990   -1.177852
    2991   -1.176759
    2992   -1.176759
    2993   -1.175587
    2994   -1.175587
    2995   -1.174343
    2996   -1.174343
    2997   -1.173046
    2998   -1.173046
    2999   -1.171719
    3000   -1.171719
    3001   -1.170383
    3002   -1.170383
    3003   -1.169035
    3004   -1.169035
    3005   -1.167653
    3006   -1.167653
    3007   -1.166237
    3008   -1.166237
    3009   -1.164803
    3010   -1.164803
    3011   -1.163346
    3012   -1.163346
    3013   -1.161844
    3014   -1.161844
    3015   -1.160289
    3016   -1.160289
    3017   -1.158690
    3018   -1.158690
    3019   -1.157048
    3020   -1.157048
    3021   -1.155357
    3022   -1.155357
    3023   -1.153608
    3024   -1.153608
    3025   -1.151793
    3026   -1.151793
    3027   -1.149917
    3028   -1.149917
    3029   -1.147992
    3030   -1.147992
    3031   -1.146017
    3032   -1.146017
    3033   -1.143982
    3034   -1.143982
    3035   -1.141879
    3036   -1.141879
    3037   -1.139711
    3038   -1.139711
    3039   -1.137468
    3040   -1.137468
    3041   -1.135137
    3042   -1.135137
    3043   -1.132712
    3044   -1.132712
    3045   -1.130197
    3046   -1.130197
    3047   -1.127597
    3048   -1.127597
    3049   -1.124911
    3050   -1.124911
    3051   -1.122131
    3052   -1.122131
    3053   -1.119242
    3054   -1.119242
    3055   -1.116228
    3056   -1.116228
    3057   -1.113080
    3058   -1.113080
    3059   -1.109839
    3060   -1.109839
    3061   -1.106578
    3062   -1.106578
    3063   -1.103269
    3064   -1.103269
    3065   -1.099819
    3066   -1.099819
    3067   -1.096197
    3068   -1.096197
    3069   -1.092420
    3070   -1.092420
    3071   -1.088475
    3072   -1.088475
    3073   -1.084336
    3074   -1.084336
    3075   -1.079988
    3076   -1.079988
    3077   -1.075401
    3078   -1.075401
    3079   -1.070550
    3080   -1.070550
    3081   -1.065437
    3082   -1.065437
    3083   -1.060038
    3084   -1.060038
    3085   -1.054345
    3086   -1.054345
    3087   -1.048547
    3088   -1.048547
    3089   -1.043070
    3090   -1.043070
    3091   -1.038454
    3092   -1.038454
    3093   -1.034708
    3094   -1.034708
    3095   -1.031144
    3096   -1.031144
    3097   -1.027308
    3098   -1.027308
    3099   -1.023141
    3100   -1.023141
    3101   -1.018616
    3102   -1.018616
    3103   -1.013713
    3104   -1.013713
    3105   -1.008468
    3106   -1.008468
    3107   -1.002906
    3108   -1.002906
    3109   -0.996929
    3110   -0.996929
    3111   -0.990394
    3112   -0.990394
    3113   -0.983317
    3114   -0.983317
    3115   -0.975739
    3116   -0.975739
    3117   -0.967627
    3118   -0.967627
    3119   -0.958983
    3120   -0.958983
    3121   -0.949778
    3122   -0.949778
    3123   -0.939947
    3124   -0.939947
    3125   -0.929468
    3126   -0.929468
    3127   -0.918305
    3128   -0.918305
    3129   -0.906379
    3130   -0.906379
    3131   -0.893693
    3132   -0.893693
    3133   -0.880220
    3134   -0.880220
    3135   -0.865887
    3136   -0.865887
    3137   -0.850589
    3138   -0.850589
    3139   -0.834194
    3140   -0.834194
    3141   -0.816582
    3142   -0.816582
    3143   -0.797599
    3144   -0.797599
    3145   -0.777092
    3146   -0.777092
    3147   -0.754885
    3148   -0.754885
    3149   -0.730727
    3150   -0.730727
    3151   -0.704221
    3152   -0.704221
    3153   -0.674932
    3154   -0.674932
    3155   -0.642153
    3156   -0.642153
    3157   -0.605194
    3158   -0.605194
    3159   -0.562886
    3160   -0.562886
    3161   -0.513797
    3162   -0.513797
    3163   -0.457968
    3164   -0.457968
    3165   -0.397223
    3166   -0.397223
    3167   -0.346298
    3168   -0.346298
    3169   -1.503602
    3170   -1.503602
    3171   -1.503398
    3172   -1.503398
    3173   -1.502455
    3174   -1.502455
    3175   -1.500754
    3176   -1.500754
    3177   -1.499411
    3178   -1.499411
    3179   -1.498444
    3180   -1.498444
    3181   -1.497425
    3182   -1.497425
    3183   -1.496309
    3184   -1.496309
    3185   -1.495078
    3186   -1.495078
    3187   -1.493723
    3188   -1.493723
    3189   -1.492248
    3190   -1.492248
    3191   -1.490659
    3192   -1.490659
    3193   -1.488966
    3194   -1.488966
    3195   -1.487183
    3196   -1.487183
    3197   -1.485333
    3198   -1.485333
    3199   -1.483442
    3200   -1.483442
    3201   -1.481513
    3202   -1.481513
    3203   -1.479531
    3204   -1.479531
    3205   -1.477505
    3206   -1.477505
    3207   -1.475457
    3208   -1.475457
    3209   -1.473380
    3210   -1.473380
    3211   -1.471239
    3212   -1.471239
    3213   -1.469019
    3214   -1.469019
    3215   -1.466716
    3216   -1.466716
    3217   -1.464327
    3218   -1.464327
    3219   -1.461843
    3220   -1.461843
    3221   -1.459256
    3222   -1.459256
    3223   -1.456563
    3224   -1.456563
    3225   -1.453770
    3226   -1.453770
    3227   -1.450896
    3228   -1.450896
    3229   -1.447944
    3230   -1.447944
    3231   -1.444905
    3232   -1.444905
    3233   -1.441776
    3234   -1.441776
    3235   -1.438559
    3236   -1.438559
    3237   -1.435243
    3238   -1.435243
    3239   -1.431809
    3240   -1.431809
    3241   -1.428244
    3242   -1.428244
    3243   -1.424540
    3244   -1.424540
    3245   -1.420700
    3246   -1.420700
    3247   -1.416727
    3248   -1.416727
    3249   -1.412606
    3250   -1.412606
    3251   -1.408324
    3252   -1.408324
    3253   -1.403866
    3254   -1.403866
    3255   -1.399215
    3256   -1.399215
    3257   -1.394431
    3258   -1.394431
    3259   -1.389617
    3260   -1.389617
    3261   -1.384733
    3262   -1.384733
    3263   -1.379649
    3264   -1.379649
    3265   -1.374308
    3266   -1.374308
    3267   -1.368706
    3268   -1.368706
    3269   -1.362837
    3270   -1.362837
    3271   -1.356691
    3272   -1.356691
    3273   -1.350268
    3274   -1.350268
    3275   -1.343567
    3276   -1.343567
    3277   -1.336577
    3278   -1.336577
    3279   -1.329275
    3280   -1.329275
    3281   -1.321592
    3282   -1.321592
    3283   -1.313471
    3284   -1.313471
    3285   -1.305067
    3286   -1.305067
    3287   -1.296956
    3288   -1.296956
    3289   -1.289949
    3290   -1.289949
    3291   -1.283983
    3292   -1.283983
    3293   -1.278105
    3294   -1.278105
    3295   -1.271849
    3296   -1.271849
    3297   -1.265219
    3298   -1.265219
    3299   -1.258095
    3300   -1.258095
    3301   -1.250367
    3302   -1.250367
    3303   -1.241989
    3304   -1.241989
    3305   -1.233027
    3306   -1.233027
    3307   -1.223491
    3308   -1.223491
    3309   -1.213189
    3310   -1.213189
    3311   -1.202114
    3312   -1.202114
    3313   -1.190321
    3314   -1.190321
    3315   -1.177768
    3316   -1.177768
    3317   -1.164422
    3318   -1.164422
    3319   -1.150234
    3320   -1.150234
    3321   -1.135181
    3322   -1.135181
    3323   -1.119251
    3324   -1.119251
    3325   -1.102355
    3326   -1.102355
    3327   -1.084353
    3328   -1.084353
    3329   -1.065227
    3330   -1.065227
    3331   -1.044960
    3332   -1.044960
    3333   -1.023432
    3334   -1.023432
    3335   -1.000505
    3336   -1.000505
    3337   -0.976044
    3338   -0.976044
    3339   -0.949853
    3340   -0.949853
    3341   -0.921693
    3342   -0.921693
    3343   -0.891315
    3344   -0.891315
    3345   -0.858465
    3346   -0.858465
    3347   -0.822842
    3348   -0.822842
    3349   -0.783906
    3350   -0.783906
    3351   -0.741022
    3352   -0.741022
    3353   -0.693500
    3354   -0.693500
    3355   -0.640471
    3356   -0.640471
    3357   -0.580621
    3358   -0.580621
    3359   -0.513454
    3360   -0.513454
    3361   -0.439664
    3362   -0.439664
    3363   -0.362852
    3364   -0.362852
    3365   -0.301442
    3366   -0.301442
    3367   -2.047888
    3368   -2.047888
    3369   -2.045845
    3370   -2.045845
    3371   -2.042722
    3372   -2.042722
    3373   -2.039834
    3374   -2.039834
    3375   -2.037912
    3376   -2.037912
    3377   -2.036445
    3378   -2.036445
    3379   -2.034920
    3380   -2.034920
    3381   -2.033246
    3382   -2.033246
    3383   -2.031394
    3384   -2.031394
    3385   -2.029341
    3386   -2.029341
    3387   -2.027093
    3388   -2.027093
    3389   -2.024667
    3390   -2.024667
    3391   -2.022083
    3392   -2.022083
    3393   -2.019357
    3394   -2.019357
    3395   -2.016504
    3396   -2.016504
    3397   -2.013533
    3398   -2.013533
    3399   -2.010456
    3400   -2.010456
    3401   -2.007303
    3402   -2.007303
    3403   -2.004098
    3404   -2.004098
    3405   -2.000851
    3406   -2.000851
    3407   -1.997547
    3408   -1.997547
    3409   -1.994154
    3410   -1.994154
    3411   -1.990644
    3412   -1.990644
    3413   -1.986985
    3414   -1.986985
    3415   -1.983157
    3416   -1.983157
    3417   -1.979153
    3418   -1.979153
    3419   -1.974971
    3420   -1.974971
    3421   -1.970616
    3422   -1.970616
    3423   -1.966097
    3424   -1.966097
    3425   -1.961421
    3426   -1.961421
    3427   -1.956598
    3428   -1.956598
    3429   -1.951638
    3430   -1.951638
    3431   -1.946542
    3432   -1.946542
    3433   -1.941304
    3434   -1.941304
    3435   -1.935910
    3436   -1.935910
    3437   -1.930348
    3438   -1.930348
    3439   -1.924598
    3440   -1.924598
    3441   -1.918627
    3442   -1.918627
    3443   -1.912423
    3444   -1.912423
    3445   -1.905996
    3446   -1.905996
    3447   -1.899331
    3448   -1.899331
    3449   -1.892407
    3450   -1.892407
    3451   -1.885210
    3452   -1.885210
    3453   -1.877733
    3454   -1.877733
    3455   -1.870047
    3456   -1.870047
    3457   -1.862258
    3458   -1.862258
    3459   -1.854307
    3460   -1.854307
    3461   -1.846034
    3462   -1.846034
    3463   -1.837356
    3464   -1.837356
    3465   -1.828250
    3466   -1.828250
    3467   -1.818713
    3468   -1.818713
    3469   -1.808750
    3470   -1.808750
    3471   -1.798379
    3472   -1.798379
    3473   -1.787637
    3474   -1.787637
    3475   -1.776516
    3476   -1.776516
    3477   -1.764940
    3478   -1.764940
    3479   -1.752807
    3480   -1.752807
    3481   -1.740053
    3482   -1.740053
    3483   -1.726660
    3484   -1.726660
    3485   -1.713263
    3486   -1.713263
    3487   -1.701384
    3488   -1.701384
    3489   -1.691154
    3490   -1.691154
    3491   -1.681165
    3492   -1.681165
    3493   -1.670701
    3494   -1.670701
    3495   -1.659621
    3496   -1.659621
    3497   -1.647703
    3498   -1.647703
    3499   -1.634798
    3500   -1.634798
    3501   -1.620837
    3502   -1.620837
    3503   -1.605849
    3504   -1.605849
    3505   -1.589843
    3506   -1.589843
    3507   -1.572688
    3508   -1.572688
    3509   -1.554358
    3510   -1.554358
    3511   -1.534866
    3512   -1.534866
    3513   -1.514157
    3514   -1.514157
    3515   -1.492154
    3516   -1.492154
    3517   -1.468790
    3518   -1.468790
    3519   -1.444058
    3520   -1.444058
    3521   -1.417918
    3522   -1.417918
    3523   -1.390248
    3524   -1.390248
    3525   -1.360862
    3526   -1.360862
    3527   -1.329648
    3528   -1.329648
    3529   -1.296555
    3530   -1.296555
    3531   -1.261442
    3532   -1.261442
    3533   -1.224111
    3534   -1.224111
    3535   -1.184365
    3536   -1.184365
    3537   -1.141908
    3538   -1.141908
    3539   -1.096356
    3540   -1.096356
    3541   -1.047269
    3542   -1.047269
    3543   -0.994218
    3544   -0.994218
    3545   -0.936711
    3546   -0.936711
    3547   -0.874029
    3548   -0.874029
    3549   -0.805315
    3550   -0.805315
    3551   -0.729589
    3552   -0.729589
    3553   -0.645642
    3554   -0.645642
    3555   -0.552211
    3556   -0.552211
    3557   -0.449400
    3558   -0.449400
    3559   -0.338426
    3560   -0.338426
    3561   -0.227366
    3562   -0.227366
    3563   -0.142783
    3564   -0.142783
    3565   -3.099610
    3566   -3.099610
    3567   -3.093736
    3568   -3.093736
    3569   -3.086087
    3570   -3.086087
    3571   -3.081185
    3572   -3.081185
    3573   -3.078525
    3574   -3.078525
    3575   -3.076200
    3576   -3.076200
    3577   -3.073695
    3578   -3.073695
    3579   -3.070912
    3580   -3.070912
    3581   -3.067815
    3582   -3.067815
    3583   -3.064379
    3584   -3.064379
    3585   -3.060611
    3586   -3.060611
    3587   -3.056539
    3588   -3.056539
    3589   -3.052200
    3590   -3.052200
    3591   -3.047618
    3592   -3.047618
    3593   -3.042798
    3594   -3.042798
    3595   -3.037712
    3596   -3.037712
    3597   -3.032390
    3598   -3.032390
    3599   -3.026947
    3600   -3.026947
    3601   -3.021445
    3602   -3.021445
    3603   -3.015864
    3604   -3.015864
    3605   -3.010169
    3606   -3.010169
    3607   -3.004328
    3608   -3.004328
    3609   -2.998289
    3610   -2.998289
    3611   -2.991989
    3612   -2.991989
    3613   -2.985378
    3614   -2.985378
    3615   -2.978431
    3616   -2.978431
    3617   -2.971163
    3618   -2.971163
    3619   -2.963596
    3620   -2.963596
    3621   -2.955737
    3622   -2.955737
    3623   -2.947581
    3624   -2.947581
    3625   -2.939150
    3626   -2.939150
    3627   -2.930488
    3628   -2.930488
    3629   -2.921598
    3630   -2.921598
    3631   -2.912458
    3632   -2.912458
    3633   -2.903050
    3634   -2.903050
    3635   -2.893363
    3636   -2.893363
    3637   -2.883375
    3638   -2.883375
    3639   -2.873029
    3640   -2.873029
    3641   -2.862268
    3642   -2.862268
    3643   -2.851100
    3644   -2.851100
    3645   -2.839529
    3646   -2.839529
    3647   -2.827505
    3648   -2.827505
    3649   -2.815009
    3650   -2.815009
    3651   -2.802060
    3652   -2.802060
    3653   -2.788760
    3654   -2.788760
    3655   -2.775237
    3656   -2.775237
    3657   -2.761383
    3658   -2.761383
    3659   -2.746939
    3660   -2.746939
    3661   -2.731790
    3662   -2.731790
    3663   -2.715903
    3664   -2.715903
    3665   -2.699286
    3666   -2.699286
    3667   -2.681971
    3668   -2.681971
    3669   -2.663983
    3670   -2.663983
    3671   -2.645390
    3672   -2.645390
    3673   -2.626178
    3674   -2.626178
    3675   -2.606203
    3676   -2.606203
    3677   -2.585320
    3678   -2.585320
    3679   -2.563467
    3680   -2.563467
    3681   -2.540382
    3682   -2.540382
    3683   -2.516696
    3684   -2.516696
    3685   -2.495075
    3686   -2.495075
    3687   -2.476310
    3688   -2.476310
    3689   -2.458729
    3690   -2.458729
    3691   -2.440892
    3692   -2.440892
    3693   -2.421552
    3694   -2.421552
    3695   -2.400445
    3696   -2.400445
    3697   -2.377757
    3698   -2.377757
    3699   -2.353352
    3700   -2.353352
    3701   -2.327154
    3702   -2.327154
    3703   -2.299092
    3704   -2.299092
    3705   -2.269083
    3706   -2.269083
    3707   -2.237091
    3708   -2.237091
    3709   -2.203075
    3710   -2.203075
    3711   -2.166924
    3712   -2.166924
    3713   -2.128515
    3714   -2.128515
    3715   -2.087759
    3716   -2.087759
    3717   -2.044606
    3718   -2.044606
    3719   -1.998969
    3720   -1.998969
    3721   -1.950699
    3722   -1.950699
    3723   -1.899519
    3724   -1.899519
    3725   -1.845146
    3726   -1.845146
    3727   -1.787408
    3728   -1.787408
    3729   -1.726193
    3730   -1.726193
    3731   -1.661239
    3732   -1.661239
    3733   -1.592073
    3734   -1.592073
    3735   -1.518249
    3736   -1.518249
    3737   -1.439207
    3738   -1.439207
    3739   -1.354102
    3740   -1.354102
    3741   -1.262132
    3742   -1.262132
    3743   -1.162398
    3744   -1.162398
    3745   -1.053841
    3746   -1.053841
    3747   -0.935210
    3748   -0.935210
    3749   -0.804862
    3750   -0.804862
    3751   -0.660734
    3752   -0.660734
    3753   -0.501218
    3754   -0.501218
    3755   -0.326460
    3756   -0.326460
    3757   -0.138361
    3758   -0.138361
    3759    0.046846
    3760    0.046846
    3761    0.184975
    3762    0.184975
    3763   -4.746868
    3764   -4.746868
    3765   -4.735293
    3766   -4.735293
    3767   -4.720918
    3768   -4.720918
    3769   -4.713285
    3770   -4.713285
    3771   -4.709644
    3772   -4.709644
    3773   -4.706030
    3774   -4.706030
    3775   -4.702025
    3776   -4.702025
    3777   -4.697519
    3778   -4.697519
    3779   -4.692487
    3780   -4.692487
    3781   -4.686912
    3782   -4.686912
    3783   -4.680801
    3784   -4.680801
    3785   -4.674183
    3786   -4.674183
    3787   -4.667125
    3788   -4.667125
    3789   -4.659672
    3790   -4.659672
    3791   -4.651813
    3792   -4.651813
    3793   -4.643471
    3794   -4.643471
    3795   -4.634691
    3796   -4.634691
    3797   -4.625726
    3798   -4.625726
    3799   -4.616695
    3800   -4.616695
    3801   -4.607535
    3802   -4.607535
    3803   -4.598177
    3804   -4.598177
    3805   -4.588577
    3806   -4.588577
    3807   -4.578651
    3808   -4.578651
    3809   -4.568305
    3810   -4.568305
    3811   -4.557437
    3812   -4.557437
    3813   -4.545984
    3814   -4.545984
    3815   -4.533991
    3816   -4.533991
    3817   -4.521501
    3818   -4.521501
    3819   -4.508527
    3820   -4.508527
    3821   -4.495043
    3822   -4.495043
    3823   -4.481093
    3824   -4.481093
    3825   -4.466773
    3826   -4.466773
    3827   -4.452085
    3828   -4.452085
    3829   -4.436984
    3830   -4.436984
    3831   -4.421439
    3832   -4.421439
    3833   -4.405438
    3834   -4.405438
    3835   -4.388957
    3836   -4.388957
    3837   -4.371918
    3838   -4.371918
    3839   -4.354186
    3840   -4.354186
    3841   -4.335760
    3842   -4.335760
    3843   -4.316683
    3844   -4.316683
    3845   -4.296846
    3846   -4.296846
    3847   -4.276223
    3848   -4.276223
    3849   -4.254875
    3850   -4.254875
    3851   -4.232950
    3852   -4.232950
    3853   -4.210667
    3854   -4.210667
    3855   -4.187826
    3856   -4.187826
    3857   -4.163960
    3858   -4.163960
    3859   -4.138908
    3860   -4.138908
    3861   -4.112637
    3862   -4.112637
    3863   -4.085181
    3864   -4.085181
    3865   -4.056611
    3866   -4.056611
    3867   -4.026950
    3868   -4.026950
    3869   -3.996306
    3870   -3.996306
    3871   -3.964657
    3872   -3.964657
    3873   -3.931769
    3874   -3.931769
    3875   -3.897413
    3876   -3.897413
    3877   -3.861462
    3878   -3.861462
    3879   -3.823279
    3880   -3.823279
    3881   -3.783647
    3882   -3.783647
    3883   -3.747039
    3884   -3.747039
    3885   -3.715085
    3886   -3.715085
    3887   -3.686103
    3888   -3.686103
    3889   -3.657575
    3890   -3.657575
    3891   -3.625795
    3892   -3.625795
    3893   -3.590597
    3894   -3.590597
    3895   -3.553049
    3896   -3.553049
    3897   -3.512771
    3898   -3.512771
    3899   -3.469521
    3900   -3.469521
    3901   -3.423159
    3902   -3.423159
    3903   -3.373606
    3904   -3.373606
    3905   -3.320807
    3906   -3.320807
    3907   -3.264684
    3908   -3.264684
    3909   -3.205026
    3910   -3.205026
    3911   -3.141624
    3912   -3.141624
    3913   -3.074351
    3914   -3.074351
    3915   -3.003081
    3916   -3.003081
    3917   -2.927695
    3918   -2.927695
    3919   -2.848014
    3920   -2.848014
    3921   -2.763553
    3922   -2.763553
    3923   -2.673772
    3924   -2.673772
    3925   -2.578300
    3926   -2.578300
    3927   -2.477132
    3928   -2.477132
    3929   -2.369956
    3930   -2.369956
    3931   -2.255732
    3932   -2.255732
    3933   -2.133825
    3934   -2.133825
    3935   -2.003506
    3936   -2.003506
    3937   -1.863236
    3938   -1.863236
    3939   -1.711638
    3940   -1.711638
    3941   -1.547242
    3942   -1.547242
    3943   -1.368420
    3944   -1.368420
    3945   -1.173202
    3946   -1.173202
    3947   -0.958860
    3948   -0.958860
    3949   -0.721798
    3950   -0.721798
    3951   -0.459534
    3952   -0.459534
    3953   -0.171682
    3954   -0.171682
    3955    0.139956
    3956    0.139956
    3957    0.447845
    3958    0.447845
    3959    0.677449
    3960    0.677449
