       1   -0.040949
       2   -0.040949
       3   -0.040630
       4   -0.040630
       5   -0.040240
       6   -0.040240
       7   -0.040148
       8   -0.040148
       9   -0.040219
      10   -0.040219
      11   -0.040242
      12   -0.040242
      13   -0.040230
      14   -0.040230
      15   -0.040214
      16   -0.040214
      17   -0.040201
      18   -0.040201
      19   -0.040183
      20   -0.040183
      21   -0.040161
      22   -0.040161
      23   -0.040133
      24   -0.040133
      25   -0.040098
      26   -0.040098
      27   -0.040057
      28   -0.040057
      29   -0.040010
      30   -0.040010
      31   -0.039956
      32   -0.039956
      33   -0.039899
      34   -0.039899
      35   -0.039837
      36   -0.039837
      37   -0.039772
      38   -0.039772
      39   -0.039704
      40   -0.039704
      41   -0.039635
      42   -0.039635
      43   -0.039567
      44   -0.039567
      45   -0.039499
      46   -0.039499
      47   -0.039426
      48   -0.039426
      49   -0.039351
      50   -0.039351
      51   -0.039273
      52   -0.039273
      53   -0.039190
      54   -0.039190
      55   -0.039102
      56   -0.039102
      57   -0.039010
      58   -0.039010
      59   -0.038916
      60   -0.038916
      61   -0.038819
      62   -0.038819
      63   -0.038719
      64   -0.038719
      65   -0.038617
      66   -0.038617
      67   -0.038513
      68   -0.038513
      69   -0.038409
      70   -0.038409
      71   -0.038303
      72   -0.038303
      73   -0.038187
      74   -0.038187
      75   -0.038056
      76   -0.038056
      77   -0.037913
      78   -0.037913
      79   -0.037766
      80   -0.037766
      81   -0.037616
      82   -0.037616
      83   -0.037466
      84   -0.037466
      85   -0.037308
      86   -0.037308
      87   -0.037137
      88   -0.037137
      89   -0.036962
      90   -0.036962
      91   -0.036774
      92   -0.036774
      93   -0.036566
      94   -0.036566
      95   -0.036357
      96   -0.036357
      97   -0.036137
      98   -0.036137
      99   -0.035884
     100   -0.035884
     101   -0.035615
     102   -0.035615
     103   -0.035335
     104   -0.035335
     105   -0.035018
     106   -0.035018
     107   -0.034648
     108   -0.034648
     109   -0.034219
     110   -0.034219
     111   -0.033709
     112   -0.033709
     113   -0.033118
     114   -0.033118
     115   -0.032444
     116   -0.032444
     117   -0.031692
     118   -0.031692
     119   -0.031146
     120   -0.031146
     121   -0.031052
     122   -0.031052
     123   -0.031214
     124   -0.031214
     125   -0.031410
     126   -0.031410
     127   -0.031561
     128   -0.031561
     129   -0.031634
     130   -0.031634
     131   -0.031620
     132   -0.031620
     133   -0.031551
     134   -0.031551
     135   -0.031469
     136   -0.031469
     137   -0.031363
     138   -0.031363
     139   -0.031234
     140   -0.031234
     141   -0.031082
     142   -0.031082
     143   -0.030902
     144   -0.030902
     145   -0.030706
     146   -0.030706
     147   -0.030500
     148   -0.030500
     149   -0.030247
     150   -0.030247
     151   -0.029947
     152   -0.029947
     153   -0.029627
     154   -0.029627
     155   -0.029266
     156   -0.029266
     157   -0.028849
     158   -0.028849
     159   -0.028380
     160   -0.028380
     161   -0.027872
     162   -0.027872
     163   -0.027344
     164   -0.027344
     165   -0.026708
     166   -0.026708
     167   -0.025908
     168   -0.025908
     169   -0.024998
     170   -0.024998
     171   -0.024007
     172   -0.024007
     173   -0.022874
     174   -0.022874
     175   -0.021528
     176   -0.021528
     177   -0.019966
     178   -0.019966
     179   -0.018157
     180   -0.018157
     181   -0.015934
     182   -0.015934
     183   -0.013293
     184   -0.013293
     185   -0.010256
     186   -0.010256
     187   -0.006914
     188   -0.006914
     189   -0.002847
     190   -0.002847
     191    0.002545
     192    0.002545
     193    0.011518
     194    0.011518
     195    0.026463
     196    0.026463
     197    0.040734
     198    0.040734
     199   -0.116690
     200   -0.116690
     201   -0.116094
     202   -0.116094
     203   -0.115441
     204   -0.115441
     205   -0.115358
     206   -0.115358
     207   -0.115504
     208   -0.115504
     209   -0.115533
     210   -0.115533
     211   -0.115502
     212   -0.115502
     213   -0.115460
     214   -0.115460
     215   -0.115423
     216   -0.115423
     217   -0.115371
     218   -0.115371
     219   -0.115303
     220   -0.115303
     221   -0.115224
     222   -0.115224
     223   -0.115126
     224   -0.115126
     225   -0.115013
     226   -0.115013
     227   -0.114884
     228   -0.114884
     229   -0.114736
     230   -0.114736
     231   -0.114575
     232   -0.114575
     233   -0.114402
     234   -0.114402
     235   -0.114220
     236   -0.114220
     237   -0.114028
     238   -0.114028
     239   -0.113832
     240   -0.113832
     241   -0.113637
     242   -0.113637
     243   -0.113440
     244   -0.113440
     245   -0.113234
     246   -0.113234
     247   -0.113025
     248   -0.113025
     249   -0.112807
     250   -0.112807
     251   -0.112573
     252   -0.112573
     253   -0.112325
     254   -0.112325
     255   -0.112068
     256   -0.112068
     257   -0.111804
     258   -0.111804
     259   -0.111531
     260   -0.111531
     261   -0.111251
     262   -0.111251
     263   -0.110965
     264   -0.110965
     265   -0.110675
     266   -0.110675
     267   -0.110383
     268   -0.110383
     269   -0.110087
     270   -0.110087
     271   -0.109767
     272   -0.109767
     273   -0.109401
     274   -0.109401
     275   -0.109000
     276   -0.109000
     277   -0.108586
     278   -0.108586
     279   -0.108160
     280   -0.108160
     281   -0.107733
     282   -0.107733
     283   -0.107291
     284   -0.107291
     285   -0.106815
     286   -0.106815
     287   -0.106329
     288   -0.106329
     289   -0.105813
     290   -0.105813
     291   -0.105243
     292   -0.105243
     293   -0.104656
     294   -0.104656
     295   -0.104030
     296   -0.104030
     297   -0.103323
     298   -0.103323
     299   -0.102580
     300   -0.102580
     301   -0.101804
     302   -0.101804
     303   -0.100924
     304   -0.100924
     305   -0.099900
     306   -0.099900
     307   -0.098712
     308   -0.098712
     309   -0.097316
     310   -0.097316
     311   -0.095715
     312   -0.095715
     313   -0.093883
     314   -0.093883
     315   -0.091844
     316   -0.091844
     317   -0.090371
     318   -0.090371
     319   -0.090106
     320   -0.090106
     321   -0.090543
     322   -0.090543
     323   -0.091093
     324   -0.091093
     325   -0.091524
     326   -0.091524
     327   -0.091744
     328   -0.091744
     329   -0.091739
     330   -0.091739
     331   -0.091603
     332   -0.091603
     333   -0.091418
     334   -0.091418
     335   -0.091157
     336   -0.091157
     337   -0.090829
     338   -0.090829
     339   -0.090428
     340   -0.090428
     341   -0.089950
     342   -0.089950
     343   -0.089419
     344   -0.089419
     345   -0.088846
     346   -0.088846
     347   -0.088145
     348   -0.088145
     349   -0.087325
     350   -0.087325
     351   -0.086459
     352   -0.086459
     353   -0.085478
     354   -0.085478
     355   -0.084336
     356   -0.084336
     357   -0.083038
     358   -0.083038
     359   -0.081628
     360   -0.081628
     361   -0.080152
     362   -0.080152
     363   -0.078407
     364   -0.078407
     365   -0.076272
     366   -0.076272
     367   -0.073856
     368   -0.073856
     369   -0.071219
     370   -0.071219
     371   -0.068202
     372   -0.068202
     373   -0.064605
     374   -0.064605
     375   -0.060444
     376   -0.060444
     377   -0.055636
     378   -0.055636
     379   -0.049788
     380   -0.049788
     381   -0.042949
     382   -0.042949
     383   -0.035255
     384   -0.035255
     385   -0.027084
     386   -0.027084
     387   -0.017601
     388   -0.017601
     389   -0.005142
     390   -0.005142
     391    0.014815
     392    0.014815
     393    0.046077
     394    0.046077
     395    0.074956
     396    0.074956
     397   -0.182305
     398   -0.182305
     399   -0.181833
     400   -0.181833
     401   -0.181448
     402   -0.181448
     403   -0.181563
     404   -0.181563
     405   -0.181743
     406   -0.181743
     407   -0.181761
     408   -0.181761
     409   -0.181725
     410   -0.181725
     411   -0.181670
     412   -0.181670
     413   -0.181611
     414   -0.181611
     415   -0.181525
     416   -0.181525
     417   -0.181415
     418   -0.181415
     419   -0.181287
     420   -0.181287
     421   -0.181137
     422   -0.181137
     423   -0.180965
     424   -0.180965
     425   -0.180770
     426   -0.180770
     427   -0.180550
     428   -0.180550
     429   -0.180305
     430   -0.180305
     431   -0.180041
     432   -0.180041
     433   -0.179761
     434   -0.179761
     435   -0.179467
     436   -0.179467
     437   -0.179164
     438   -0.179164
     439   -0.178857
     440   -0.178857
     441   -0.178547
     442   -0.178547
     443   -0.178231
     444   -0.178231
     445   -0.177909
     446   -0.177909
     447   -0.177574
     448   -0.177574
     449   -0.177215
     450   -0.177215
     451   -0.176836
     452   -0.176836
     453   -0.176445
     454   -0.176445
     455   -0.176041
     456   -0.176041
     457   -0.175625
     458   -0.175625
     459   -0.175198
     460   -0.175198
     461   -0.174762
     462   -0.174762
     463   -0.174320
     464   -0.174320
     465   -0.173876
     466   -0.173876
     467   -0.173433
     468   -0.173433
     469   -0.172957
     470   -0.172957
     471   -0.172404
     472   -0.172404
     473   -0.171789
     474   -0.171789
     475   -0.171149
     476   -0.171149
     477   -0.170493
     478   -0.170493
     479   -0.169834
     480   -0.169834
     481   -0.169159
     482   -0.169159
     483   -0.168448
     484   -0.168448
     485   -0.167716
     486   -0.167716
     487   -0.166946
     488   -0.166946
     489   -0.166103
     490   -0.166103
     491   -0.165204
     492   -0.165204
     493   -0.164235
     494   -0.164235
     495   -0.163174
     496   -0.163174
     497   -0.162060
     498   -0.162060
     499   -0.160872
     500   -0.160872
     501   -0.159525
     502   -0.159525
     503   -0.157971
     504   -0.157971
     505   -0.156192
     506   -0.156192
     507   -0.154159
     508   -0.154159
     509   -0.151863
     510   -0.151863
     511   -0.149257
     512   -0.149257
     513   -0.146447
     514   -0.146447
     515   -0.144398
     516   -0.144398
     517   -0.143923
     518   -0.143923
     519   -0.144487
     520   -0.144487
     521   -0.145282
     522   -0.145282
     523   -0.145926
     524   -0.145926
     525   -0.146271
     526   -0.146271
     527   -0.146312
     528   -0.146312
     529   -0.146175
     530   -0.146175
     531   -0.145944
     532   -0.145944
     533   -0.145592
     534   -0.145592
     535   -0.145126
     536   -0.145126
     537   -0.144545
     538   -0.144545
     539   -0.143848
     540   -0.143848
     541   -0.143047
     542   -0.143047
     543   -0.142141
     544   -0.142141
     545   -0.141061
     546   -0.141061
     547   -0.139839
     548   -0.139839
     549   -0.138533
     550   -0.138533
     551   -0.137047
     552   -0.137047
     553   -0.135317
     554   -0.135317
     555   -0.133336
     556   -0.133336
     557   -0.131162
     558   -0.131162
     559   -0.128844
     560   -0.128844
     561   -0.126213
     562   -0.126213
     563   -0.123152
     564   -0.123152
     565   -0.119690
     566   -0.119690
     567   -0.115897
     568   -0.115897
     569   -0.111559
     570   -0.111559
     571   -0.106390
     572   -0.106390
     573   -0.100451
     574   -0.100451
     575   -0.093597
     576   -0.093597
     577   -0.085473
     578   -0.085473
     579   -0.076254
     580   -0.076254
     581   -0.066350
     582   -0.066350
     583   -0.056415
     584   -0.056415
     585   -0.045444
     586   -0.045444
     587   -0.029718
     588   -0.029718
     589   -0.006291
     590   -0.006291
     591    0.022909
     592    0.022909
     593    0.047188
     594    0.047188
     595   -0.243532
     596   -0.243532
     597   -0.243059
     598   -0.243059
     599   -0.242705
     600   -0.242705
     601   -0.242870
     602   -0.242870
     603   -0.243096
     604   -0.243096
     605   -0.243152
     606   -0.243152
     607   -0.243135
     608   -0.243135
     609   -0.243072
     610   -0.243072
     611   -0.242985
     612   -0.242985
     613   -0.242864
     614   -0.242864
     615   -0.242709
     616   -0.242709
     617   -0.242527
     618   -0.242527
     619   -0.242319
     620   -0.242319
     621   -0.242086
     622   -0.242086
     623   -0.241827
     624   -0.241827
     625   -0.241541
     626   -0.241541
     627   -0.241224
     628   -0.241224
     629   -0.240879
     630   -0.240879
     631   -0.240512
     632   -0.240512
     633   -0.240125
     634   -0.240125
     635   -0.239726
     636   -0.239726
     637   -0.239318
     638   -0.239318
     639   -0.238906
     640   -0.238906
     641   -0.238490
     642   -0.238490
     643   -0.238064
     644   -0.238064
     645   -0.237619
     646   -0.237619
     647   -0.237149
     648   -0.237149
     649   -0.236656
     650   -0.236656
     651   -0.236147
     652   -0.236147
     653   -0.235621
     654   -0.235621
     655   -0.235080
     656   -0.235080
     657   -0.234523
     658   -0.234523
     659   -0.233954
     660   -0.233954
     661   -0.233377
     662   -0.233377
     663   -0.232798
     664   -0.232798
     665   -0.232222
     666   -0.232222
     667   -0.231612
     668   -0.231612
     669   -0.230905
     670   -0.230905
     671   -0.230109
     672   -0.230109
     673   -0.229274
     674   -0.229274
     675   -0.228427
     676   -0.228427
     677   -0.227575
     678   -0.227575
     679   -0.226701
     680   -0.226701
     681   -0.225791
     682   -0.225791
     683   -0.224847
     684   -0.224847
     685   -0.223850
     686   -0.223850
     687   -0.222770
     688   -0.222770
     689   -0.221604
     690   -0.221604
     691   -0.220349
     692   -0.220349
     693   -0.219001
     694   -0.219001
     695   -0.217558
     696   -0.217558
     697   -0.215974
     698   -0.215974
     699   -0.214179
     700   -0.214179
     701   -0.212153
     702   -0.212153
     703   -0.209902
     704   -0.209902
     705   -0.207405
     706   -0.207405
     707   -0.204626
     708   -0.204626
     709   -0.201560
     710   -0.201560
     711   -0.198449
     712   -0.198449
     713   -0.196132
     714   -0.196132
     715   -0.195398
     716   -0.195398
     717   -0.195907
     718   -0.195907
     719   -0.196775
     720   -0.196775
     721   -0.197516
     722   -0.197516
     723   -0.197941
     724   -0.197941
     725   -0.198029
     726   -0.198029
     727   -0.197892
     728   -0.197892
     729   -0.197591
     730   -0.197591
     731   -0.197124
     732   -0.197124
     733   -0.196499
     734   -0.196499
     735   -0.195731
     736   -0.195731
     737   -0.194817
     738   -0.194817
     739   -0.193738
     740   -0.193738
     741   -0.192479
     742   -0.192479
     743   -0.191036
     744   -0.191036
     745   -0.189429
     746   -0.189429
     747   -0.187656
     748   -0.187656
     749   -0.185628
     750   -0.185628
     751   -0.183304
     752   -0.183304
     753   -0.180667
     754   -0.180667
     755   -0.177751
     756   -0.177751
     757   -0.174590
     758   -0.174590
     759   -0.171132
     760   -0.171132
     761   -0.167278
     762   -0.167278
     763   -0.162922
     764   -0.162922
     765   -0.158143
     766   -0.158143
     767   -0.152704
     768   -0.152704
     769   -0.146325
     770   -0.146325
     771   -0.139085
     772   -0.139085
     773   -0.130803
     774   -0.130803
     775   -0.121357
     776   -0.121357
     777   -0.110980
     778   -0.110980
     779   -0.100571
     780   -0.100571
     781   -0.090769
     782   -0.090769
     783   -0.079921
     784   -0.079921
     785   -0.062001
     786   -0.062001
     787   -0.036852
     788   -0.036852
     789   -0.013534
     790   -0.013534
     791    0.003210
     792    0.003210
     793   -0.306304
     794   -0.306304
     795   -0.305608
     796   -0.305608
     797   -0.304952
     798   -0.304952
     799   -0.305047
     800   -0.305047
     801   -0.305397
     802   -0.305397
     803   -0.305552
     804   -0.305552
     805   -0.305558
     806   -0.305558
     807   -0.305473
     808   -0.305473
     809   -0.305338
     810   -0.305338
     811   -0.305163
     812   -0.305163
     813   -0.304954
     814   -0.304954
     815   -0.304710
     816   -0.304710
     817   -0.304433
     818   -0.304433
     819   -0.304127
     820   -0.304127
     821   -0.303793
     822   -0.303793
     823   -0.303434
     824   -0.303434
     825   -0.303044
     826   -0.303044
     827   -0.302623
     828   -0.302623
     829   -0.302171
     830   -0.302171
     831   -0.301693
     832   -0.301693
     833   -0.301197
     834   -0.301197
     835   -0.300691
     836   -0.300691
     837   -0.300179
     838   -0.300179
     839   -0.299661
     840   -0.299661
     841   -0.299129
     842   -0.299129
     843   -0.298576
     844   -0.298576
     845   -0.298000
     846   -0.298000
     847   -0.297399
     848   -0.297399
     849   -0.296775
     850   -0.296775
     851   -0.296131
     852   -0.296131
     853   -0.295467
     854   -0.295467
     855   -0.294782
     856   -0.294782
     857   -0.294081
     858   -0.294081
     859   -0.293369
     860   -0.293369
     861   -0.292650
     862   -0.292650
     863   -0.291925
     864   -0.291925
     865   -0.291162
     866   -0.291162
     867   -0.290309
     868   -0.290309
     869   -0.289364
     870   -0.289364
     871   -0.288370
     872   -0.288370
     873   -0.287359
     874   -0.287359
     875   -0.286329
     876   -0.286329
     877   -0.285267
     878   -0.285267
     879   -0.284164
     880   -0.284164
     881   -0.283005
     882   -0.283005
     883   -0.281777
     884   -0.281777
     885   -0.280461
     886   -0.280461
     887   -0.279046
     888   -0.279046
     889   -0.277537
     890   -0.277537
     891   -0.275917
     892   -0.275917
     893   -0.274149
     894   -0.274149
     895   -0.272180
     896   -0.272180
     897   -0.269983
     898   -0.269983
     899   -0.267572
     900   -0.267572
     901   -0.264951
     902   -0.264951
     903   -0.262086
     904   -0.262086
     905   -0.258933
     906   -0.258933
     907   -0.255558
     908   -0.255558
     909   -0.252282
     910   -0.252282
     911   -0.249809
     912   -0.249809
     913   -0.248844
     914   -0.248844
     915   -0.249164
     916   -0.249164
     917   -0.249919
     918   -0.249919
     919   -0.250621
     920   -0.250621
     921   -0.251067
     922   -0.251067
     923   -0.251187
     924   -0.251187
     925   -0.251042
     926   -0.251042
     927   -0.250653
     928   -0.250653
     929   -0.250030
     930   -0.250030
     931   -0.249226
     932   -0.249226
     933   -0.248259
     934   -0.248259
     935   -0.247108
     936   -0.247108
     937   -0.245752
     938   -0.245752
     939   -0.244167
     940   -0.244167
     941   -0.242371
     942   -0.242371
     943   -0.240371
     944   -0.240371
     945   -0.238115
     946   -0.238115
     947   -0.235520
     948   -0.235520
     949   -0.232586
     950   -0.232586
     951   -0.229328
     952   -0.229328
     953   -0.225730
     954   -0.225730
     955   -0.221781
     956   -0.221781
     957   -0.217499
     958   -0.217499
     959   -0.212793
     960   -0.212793
     961   -0.207521
     962   -0.207521
     963   -0.201748
     964   -0.201748
     965   -0.195284
     966   -0.195284
     967   -0.187911
     968   -0.187911
     969   -0.179635
     970   -0.179635
     971   -0.170299
     972   -0.170299
     973   -0.159867
     974   -0.159867
     975   -0.148428
     976   -0.148428
     977   -0.137957
     978   -0.137957
     979   -0.128556
     980   -0.128556
     981   -0.116623
     982   -0.116623
     983   -0.097648
     984   -0.097648
     985   -0.073348
     986   -0.073348
     987   -0.052515
     988   -0.052515
     989   -0.037827
     990   -0.037827
     991   -0.375030
     992   -0.375030
     993   -0.374321
     994   -0.374321
     995   -0.373636
     996   -0.373636
     997   -0.373689
     998   -0.373689
     999   -0.373950
    1000   -0.373950
    1001   -0.373985
    1002   -0.373985
    1003   -0.373886
    1004   -0.373886
    1005   -0.373710
    1006   -0.373710
    1007   -0.373491
    1008   -0.373491
    1009   -0.373238
    1010   -0.373238
    1011   -0.372956
    1012   -0.372956
    1013   -0.372639
    1014   -0.372639
    1015   -0.372285
    1016   -0.372285
    1017   -0.371898
    1018   -0.371898
    1019   -0.371480
    1020   -0.371480
    1021   -0.371034
    1022   -0.371034
    1023   -0.370560
    1024   -0.370560
    1025   -0.370055
    1026   -0.370055
    1027   -0.369511
    1028   -0.369511
    1029   -0.368935
    1030   -0.368935
    1031   -0.368339
    1032   -0.368339
    1033   -0.367732
    1034   -0.367732
    1035   -0.367120
    1036   -0.367120
    1037   -0.366499
    1038   -0.366499
    1039   -0.365861
    1040   -0.365861
    1041   -0.365204
    1042   -0.365204
    1043   -0.364523
    1044   -0.364523
    1045   -0.363811
    1046   -0.363811
    1047   -0.363071
    1048   -0.363071
    1049   -0.362304
    1050   -0.362304
    1051   -0.361511
    1052   -0.361511
    1053   -0.360690
    1054   -0.360690
    1055   -0.359848
    1056   -0.359848
    1057   -0.358992
    1058   -0.358992
    1059   -0.358123
    1060   -0.358123
    1061   -0.357234
    1062   -0.357234
    1063   -0.356300
    1064   -0.356300
    1065   -0.355295
    1066   -0.355295
    1067   -0.354214
    1068   -0.354214
    1069   -0.353080
    1070   -0.353080
    1071   -0.351908
    1072   -0.351908
    1073   -0.350693
    1074   -0.350693
    1075   -0.349433
    1076   -0.349433
    1077   -0.348123
    1078   -0.348123
    1079   -0.346738
    1080   -0.346738
    1081   -0.345269
    1082   -0.345269
    1083   -0.343714
    1084   -0.343714
    1085   -0.342057
    1086   -0.342057
    1087   -0.340295
    1088   -0.340295
    1089   -0.338401
    1090   -0.338401
    1091   -0.336332
    1092   -0.336332
    1093   -0.334057
    1094   -0.334057
    1095   -0.331582
    1096   -0.331582
    1097   -0.328906
    1098   -0.328906
    1099   -0.326000
    1100   -0.326000
    1101   -0.322822
    1102   -0.322822
    1103   -0.319349
    1104   -0.319349
    1105   -0.315692
    1106   -0.315692
    1107   -0.312156
    1108   -0.312156
    1109   -0.309372
    1110   -0.309372
    1111   -0.308040
    1112   -0.308040
    1113   -0.308035
    1114   -0.308035
    1115   -0.308568
    1116   -0.308568
    1117   -0.309108
    1118   -0.309108
    1119   -0.309445
    1120   -0.309445
    1121   -0.309483
    1122   -0.309483
    1123   -0.309264
    1124   -0.309264
    1125   -0.308809
    1126   -0.308809
    1127   -0.308108
    1128   -0.308108
    1129   -0.307197
    1130   -0.307197
    1131   -0.306067
    1132   -0.306067
    1133   -0.304697
    1134   -0.304697
    1135   -0.303104
    1136   -0.303104
    1137   -0.301275
    1138   -0.301275
    1139   -0.299200
    1140   -0.299200
    1141   -0.296867
    1142   -0.296867
    1143   -0.294211
    1144   -0.294211
    1145   -0.291166
    1146   -0.291166
    1147   -0.287742
    1148   -0.287742
    1149   -0.283970
    1150   -0.283970
    1151   -0.279781
    1152   -0.279781
    1153   -0.275133
    1154   -0.275133
    1155   -0.270055
    1156   -0.270055
    1157   -0.264452
    1158   -0.264452
    1159   -0.258233
    1160   -0.258233
    1161   -0.251448
    1162   -0.251448
    1163   -0.243995
    1164   -0.243995
    1165   -0.235691
    1166   -0.235691
    1167   -0.226429
    1168   -0.226429
    1169   -0.216041
    1170   -0.216041
    1171   -0.204350
    1172   -0.204350
    1173   -0.191144
    1174   -0.191144
    1175   -0.179407
    1176   -0.179407
    1177   -0.168667
    1178   -0.168667
    1179   -0.153279
    1180   -0.153279
    1181   -0.132941
    1182   -0.132941
    1183   -0.110066
    1184   -0.110066
    1185   -0.087832
    1186   -0.087832
    1187   -0.070786
    1188   -0.070786
    1189   -0.453467
    1190   -0.453467
    1191   -0.453038
    1192   -0.453038
    1193   -0.452647
    1194   -0.452647
    1195   -0.452540
    1196   -0.452540
    1197   -0.452347
    1198   -0.452347
    1199   -0.452010
    1200   -0.452010
    1201   -0.451684
    1202   -0.451684
    1203   -0.451346
    1204   -0.451346
    1205   -0.450992
    1206   -0.450992
    1207   -0.450625
    1208   -0.450625
    1209   -0.450244
    1210   -0.450244
    1211   -0.449833
    1212   -0.449833
    1213   -0.449385
    1214   -0.449385
    1215   -0.448902
    1216   -0.448902
    1217   -0.448386
    1218   -0.448386
    1219   -0.447838
    1220   -0.447838
    1221   -0.447260
    1222   -0.447260
    1223   -0.446648
    1224   -0.446648
    1225   -0.445996
    1226   -0.445996
    1227   -0.445305
    1228   -0.445305
    1229   -0.444591
    1230   -0.444591
    1231   -0.443876
    1232   -0.443876
    1233   -0.443166
    1234   -0.443166
    1235   -0.442443
    1236   -0.442443
    1237   -0.441698
    1238   -0.441698
    1239   -0.440933
    1240   -0.440933
    1241   -0.440141
    1242   -0.440141
    1243   -0.439313
    1244   -0.439313
    1245   -0.438450
    1246   -0.438450
    1247   -0.437551
    1248   -0.437551
    1249   -0.436615
    1250   -0.436615
    1251   -0.435640
    1252   -0.435640
    1253   -0.434637
    1254   -0.434637
    1255   -0.433626
    1256   -0.433626
    1257   -0.432604
    1258   -0.432604
    1259   -0.431552
    1260   -0.431552
    1261   -0.430450
    1262   -0.430450
    1263   -0.429293
    1264   -0.429293
    1265   -0.428074
    1266   -0.428074
    1267   -0.426788
    1268   -0.426788
    1269   -0.425434
    1270   -0.425434
    1271   -0.424018
    1272   -0.424018
    1273   -0.422545
    1274   -0.422545
    1275   -0.421009
    1276   -0.421009
    1277   -0.419387
    1278   -0.419387
    1279   -0.417677
    1280   -0.417677
    1281   -0.415884
    1282   -0.415884
    1283   -0.413991
    1284   -0.413991
    1285   -0.411976
    1286   -0.411976
    1287   -0.409822
    1288   -0.409822
    1289   -0.407499
    1290   -0.407499
    1291   -0.404997
    1292   -0.404997
    1293   -0.402320
    1294   -0.402320
    1295   -0.399428
    1296   -0.399428
    1297   -0.396271
    1298   -0.396271
    1299   -0.392813
    1300   -0.392813
    1301   -0.389062
    1302   -0.389062
    1303   -0.385148
    1304   -0.385148
    1305   -0.381305
    1306   -0.381305
    1307   -0.378059
    1308   -0.378059
    1309   -0.376197
    1310   -0.376197
    1311   -0.375821
    1312   -0.375821
    1313   -0.376141
    1314   -0.376141
    1315   -0.376469
    1316   -0.376469
    1317   -0.376572
    1318   -0.376572
    1319   -0.376399
    1320   -0.376399
    1321   -0.376000
    1322   -0.376000
    1323   -0.375453
    1324   -0.375453
    1325   -0.374719
    1326   -0.374719
    1327   -0.373720
    1328   -0.373720
    1329   -0.372427
    1330   -0.372427
    1331   -0.370852
    1332   -0.370852
    1333   -0.369036
    1334   -0.369036
    1335   -0.367001
    1336   -0.367001
    1337   -0.364704
    1338   -0.364704
    1339   -0.362079
    1340   -0.362079
    1341   -0.359072
    1342   -0.359072
    1343   -0.355673
    1344   -0.355673
    1345   -0.351859
    1346   -0.351859
    1347   -0.347601
    1348   -0.347601
    1349   -0.342843
    1350   -0.342843
    1351   -0.337532
    1352   -0.337532
    1353   -0.331660
    1354   -0.331660
    1355   -0.325153
    1356   -0.325153
    1357   -0.318000
    1358   -0.318000
    1359   -0.310206
    1360   -0.310206
    1361   -0.301694
    1362   -0.301694
    1363   -0.292322
    1364   -0.292322
    1365   -0.281905
    1366   -0.281905
    1367   -0.270226
    1368   -0.270226
    1369   -0.257243
    1370   -0.257243
    1371   -0.242343
    1372   -0.242343
    1373   -0.227221
    1374   -0.227221
    1375   -0.212169
    1376   -0.212169
    1377   -0.193075
    1378   -0.193075
    1379   -0.170823
    1380   -0.170823
    1381   -0.146869
    1382   -0.146869
    1383   -0.121263
    1384   -0.121263
    1385   -0.100727
    1386   -0.100727
    1387   -0.545466
    1388   -0.545466
    1389   -0.544948
    1390   -0.544948
    1391   -0.544237
    1392   -0.544237
    1393   -0.543549
    1394   -0.543549
    1395   -0.542811
    1396   -0.542811
    1397   -0.542070
    1398   -0.542070
    1399   -0.541413
    1400   -0.541413
    1401   -0.540796
    1402   -0.540796
    1403   -0.540202
    1404   -0.540202
    1405   -0.539645
    1406   -0.539645
    1407   -0.539110
    1408   -0.539110
    1409   -0.538568
    1410   -0.538568
    1411   -0.537999
    1412   -0.537999
    1413   -0.537402
    1414   -0.537402
    1415   -0.536774
    1416   -0.536774
    1417   -0.536107
    1418   -0.536107
    1419   -0.535405
    1420   -0.535405
    1421   -0.534665
    1422   -0.534665
    1423   -0.533886
    1424   -0.533886
    1425   -0.533062
    1426   -0.533062
    1427   -0.532210
    1428   -0.532210
    1429   -0.531369
    1430   -0.531369
    1431   -0.530544
    1432   -0.530544
    1433   -0.529704
    1434   -0.529704
    1435   -0.528838
    1436   -0.528838
    1437   -0.527952
    1438   -0.527952
    1439   -0.527037
    1440   -0.527037
    1441   -0.526082
    1442   -0.526082
    1443   -0.525083
    1444   -0.525083
    1445   -0.524039
    1446   -0.524039
    1447   -0.522946
    1448   -0.522946
    1449   -0.521801
    1450   -0.521801
    1451   -0.520621
    1452   -0.520621
    1453   -0.519438
    1454   -0.519438
    1455   -0.518251
    1456   -0.518251
    1457   -0.517028
    1458   -0.517028
    1459   -0.515757
    1460   -0.515757
    1461   -0.514440
    1462   -0.514440
    1463   -0.513068
    1464   -0.513068
    1465   -0.511609
    1466   -0.511609
    1467   -0.510062
    1468   -0.510062
    1469   -0.508442
    1470   -0.508442
    1471   -0.506752
    1472   -0.506752
    1473   -0.504985
    1474   -0.504985
    1475   -0.503128
    1476   -0.503128
    1477   -0.501178
    1478   -0.501178
    1479   -0.499139
    1480   -0.499139
    1481   -0.496998
    1482   -0.496998
    1483   -0.494722
    1484   -0.494722
    1485   -0.492301
    1486   -0.492301
    1487   -0.489726
    1488   -0.489726
    1489   -0.486982
    1490   -0.486982
    1491   -0.484062
    1492   -0.484062
    1493   -0.480928
    1494   -0.480928
    1495   -0.477540
    1496   -0.477540
    1497   -0.473872
    1498   -0.473872
    1499   -0.469959
    1500   -0.469959
    1501   -0.465913
    1502   -0.465913
    1503   -0.461924
    1504   -0.461924
    1505   -0.458487
    1506   -0.458487
    1507   -0.456449
    1508   -0.456449
    1509   -0.455969
    1510   -0.455969
    1511   -0.456207
    1512   -0.456207
    1513   -0.456426
    1514   -0.456426
    1515   -0.456400
    1516   -0.456400
    1517   -0.456080
    1518   -0.456080
    1519   -0.455479
    1520   -0.455479
    1521   -0.454703
    1522   -0.454703
    1523   -0.453729
    1524   -0.453729
    1525   -0.452475
    1526   -0.452475
    1527   -0.450942
    1528   -0.450942
    1529   -0.449137
    1530   -0.449137
    1531   -0.447077
    1532   -0.447077
    1533   -0.444794
    1534   -0.444794
    1535   -0.442228
    1536   -0.442228
    1537   -0.439286
    1538   -0.439286
    1539   -0.435919
    1540   -0.435919
    1541   -0.432141
    1542   -0.432141
    1543   -0.427893
    1544   -0.427893
    1545   -0.423094
    1546   -0.423094
    1547   -0.417743
    1548   -0.417743
    1549   -0.411749
    1550   -0.411749
    1551   -0.405067
    1552   -0.405067
    1553   -0.397715
    1554   -0.397715
    1555   -0.389700
    1556   -0.389700
    1557   -0.380898
    1558   -0.380898
    1559   -0.371220
    1560   -0.371220
    1561   -0.360572
    1562   -0.360572
    1563   -0.348674
    1564   -0.348674
    1565   -0.335284
    1566   -0.335284
    1567   -0.320902
    1568   -0.320902
    1569   -0.304595
    1570   -0.304595
    1571   -0.285102
    1572   -0.285102
    1573   -0.264137
    1574   -0.264137
    1575   -0.241548
    1576   -0.241548
    1577   -0.216334
    1578   -0.216334
    1579   -0.188075
    1580   -0.188075
    1581   -0.157316
    1582   -0.157316
    1583   -0.132504
    1584   -0.132504
    1585   -0.656043
    1586   -0.656043
    1587   -0.654941
    1588   -0.654941
    1589   -0.653265
    1590   -0.653265
    1591   -0.651686
    1592   -0.651686
    1593   -0.650305
    1594   -0.650305
    1595   -0.649045
    1596   -0.649045
    1597   -0.647898
    1598   -0.647898
    1599   -0.646852
    1600   -0.646852
    1601   -0.645915
    1602   -0.645915
    1603   -0.645079
    1604   -0.645079
    1605   -0.644312
    1606   -0.644312
    1607   -0.643576
    1608   -0.643576
    1609   -0.642849
    1610   -0.642849
    1611   -0.642115
    1612   -0.642115
    1613   -0.641358
    1614   -0.641358
    1615   -0.640555
    1616   -0.640555
    1617   -0.639706
    1618   -0.639706
    1619   -0.638822
    1620   -0.638822
    1621   -0.637904
    1622   -0.637904
    1623   -0.636941
    1624   -0.636941
    1625   -0.635942
    1626   -0.635942
    1627   -0.634947
    1628   -0.634947
    1629   -0.633962
    1630   -0.633962
    1631   -0.632965
    1632   -0.632965
    1633   -0.631952
    1634   -0.631952
    1635   -0.630926
    1636   -0.630926
    1637   -0.629877
    1638   -0.629877
    1639   -0.628783
    1640   -0.628783
    1641   -0.627634
    1642   -0.627634
    1643   -0.626427
    1644   -0.626427
    1645   -0.625162
    1646   -0.625162
    1647   -0.623841
    1648   -0.623841
    1649   -0.622477
    1650   -0.622477
    1651   -0.621097
    1652   -0.621097
    1653   -0.619702
    1654   -0.619702
    1655   -0.618277
    1656   -0.618277
    1657   -0.616813
    1658   -0.616813
    1659   -0.615305
    1660   -0.615305
    1661   -0.613740
    1662   -0.613740
    1663   -0.612091
    1664   -0.612091
    1665   -0.610349
    1666   -0.610349
    1667   -0.608525
    1668   -0.608525
    1669   -0.606621
    1670   -0.606621
    1671   -0.604628
    1672   -0.604628
    1673   -0.602540
    1674   -0.602540
    1675   -0.600345
    1676   -0.600345
    1677   -0.598035
    1678   -0.598035
    1679   -0.595600
    1680   -0.595600
    1681   -0.593019
    1682   -0.593019
    1683   -0.590285
    1684   -0.590285
    1685   -0.587398
    1686   -0.587398
    1687   -0.584342
    1688   -0.584342
    1689   -0.581104
    1690   -0.581104
    1691   -0.577673
    1692   -0.577673
    1693   -0.574029
    1694   -0.574029
    1695   -0.570172
    1696   -0.570172
    1697   -0.566146
    1698   -0.566146
    1699   -0.562018
    1700   -0.562018
    1701   -0.557984
    1702   -0.557984
    1703   -0.554627
    1704   -0.554627
    1705   -0.552760
    1706   -0.552760
    1707   -0.552374
    1708   -0.552374
    1709   -0.552595
    1710   -0.552595
    1711   -0.552775
    1712   -0.552775
    1713   -0.552733
    1714   -0.552733
    1715   -0.552385
    1716   -0.552385
    1717   -0.551676
    1718   -0.551676
    1719   -0.550676
    1720   -0.550676
    1721   -0.549403
    1722   -0.549403
    1723   -0.547868
    1724   -0.547868
    1725   -0.546097
    1726   -0.546097
    1727   -0.544068
    1728   -0.544068
    1729   -0.541770
    1730   -0.541770
    1731   -0.539207
    1732   -0.539207
    1733   -0.536316
    1734   -0.536316
    1735   -0.533036
    1736   -0.533036
    1737   -0.529320
    1738   -0.529320
    1739   -0.525122
    1740   -0.525122
    1741   -0.520408
    1742   -0.520408
    1743   -0.515122
    1744   -0.515122
    1745   -0.509222
    1746   -0.509222
    1747   -0.502582
    1748   -0.502582
    1749   -0.495159
    1750   -0.495159
    1751   -0.487030
    1752   -0.487030
    1753   -0.478164
    1754   -0.478164
    1755   -0.468333
    1756   -0.468333
    1757   -0.457385
    1758   -0.457385
    1759   -0.445185
    1760   -0.445185
    1761   -0.431448
    1762   -0.431448
    1763   -0.415993
    1764   -0.415993
    1765   -0.399407
    1766   -0.399407
    1767   -0.380765
    1768   -0.380765
    1769   -0.357602
    1770   -0.357602
    1771   -0.331457
    1772   -0.331457
    1773   -0.303801
    1774   -0.303801
    1775   -0.272839
    1776   -0.272839
    1777   -0.237289
    1778   -0.237289
    1779   -0.198684
    1780   -0.198684
    1781   -0.167468
    1782   -0.167468
    1783   -0.792224
    1784   -0.792224
    1785   -0.790588
    1786   -0.790588
    1787   -0.788171
    1788   -0.788171
    1789   -0.785945
    1790   -0.785945
    1791   -0.783979
    1792   -0.783979
    1793   -0.782191
    1794   -0.782191
    1795   -0.780546
    1796   -0.780546
    1797   -0.779049
    1798   -0.779049
    1799   -0.777736
    1800   -0.777736
    1801   -0.776575
    1802   -0.776575
    1803   -0.775514
    1804   -0.775514
    1805   -0.774515
    1806   -0.774515
    1807   -0.773566
    1808   -0.773566
    1809   -0.772640
    1810   -0.772640
    1811   -0.771706
    1812   -0.771706
    1813   -0.770732
    1814   -0.770732
    1815   -0.769709
    1816   -0.769709
    1817   -0.768655
    1818   -0.768655
    1819   -0.767579
    1820   -0.767579
    1821   -0.766459
    1822   -0.766459
    1823   -0.765298
    1824   -0.765298
    1825   -0.764118
    1826   -0.764118
    1827   -0.762929
    1828   -0.762929
    1829   -0.761736
    1830   -0.761736
    1831   -0.760545
    1832   -0.760545
    1833   -0.759354
    1834   -0.759354
    1835   -0.758148
    1836   -0.758148
    1837   -0.756893
    1838   -0.756893
    1839   -0.755573
    1840   -0.755573
    1841   -0.754186
    1842   -0.754186
    1843   -0.752734
    1844   -0.752734
    1845   -0.751223
    1846   -0.751223
    1847   -0.749661
    1848   -0.749661
    1849   -0.748054
    1850   -0.748054
    1851   -0.746410
    1852   -0.746410
    1853   -0.744740
    1854   -0.744740
    1855   -0.743040
    1856   -0.743040
    1857   -0.741293
    1858   -0.741293
    1859   -0.739488
    1860   -0.739488
    1861   -0.737612
    1862   -0.737612
    1863   -0.735648
    1864   -0.735648
    1865   -0.733593
    1866   -0.733593
    1867   -0.731456
    1868   -0.731456
    1869   -0.729225
    1870   -0.729225
    1871   -0.726881
    1872   -0.726881
    1873   -0.724405
    1874   -0.724405
    1875   -0.721769
    1876   -0.721769
    1877   -0.718979
    1878   -0.718979
    1879   -0.716039
    1880   -0.716039
    1881   -0.712938
    1882   -0.712938
    1883   -0.709683
    1884   -0.709683
    1885   -0.706260
    1886   -0.706260
    1887   -0.702647
    1888   -0.702647
    1889   -0.698853
    1890   -0.698853
    1891   -0.694867
    1892   -0.694867
    1893   -0.690700
    1894   -0.690700
    1895   -0.686377
    1896   -0.686377
    1897   -0.681944
    1898   -0.681944
    1899   -0.677623
    1900   -0.677623
    1901   -0.674054
    1902   -0.674054
    1903   -0.672038
    1904   -0.672038
    1905   -0.671483
    1906   -0.671483
    1907   -0.671518
    1908   -0.671518
    1909   -0.671541
    1910   -0.671541
    1911   -0.671401
    1912   -0.671401
    1913   -0.671033
    1914   -0.671033
    1915   -0.670336
    1916   -0.670336
    1917   -0.669293
    1918   -0.669293
    1919   -0.667934
    1920   -0.667934
    1921   -0.666297
    1922   -0.666297
    1923   -0.664370
    1924   -0.664370
    1925   -0.662130
    1926   -0.662130
    1927   -0.659581
    1928   -0.659581
    1929   -0.656690
    1930   -0.656690
    1931   -0.653400
    1932   -0.653400
    1933   -0.649683
    1934   -0.649683
    1935   -0.645513
    1936   -0.645513
    1937   -0.640817
    1938   -0.640817
    1939   -0.635621
    1940   -0.635621
    1941   -0.629890
    1942   -0.629890
    1943   -0.623485
    1944   -0.623485
    1945   -0.616274
    1946   -0.616274
    1947   -0.608170
    1948   -0.608170
    1949   -0.599205
    1950   -0.599205
    1951   -0.589344
    1952   -0.589344
    1953   -0.578359
    1954   -0.578359
    1955   -0.565953
    1956   -0.565953
    1957   -0.551873
    1958   -0.551873
    1959   -0.535957
    1960   -0.535957
    1961   -0.518083
    1962   -0.518083
    1963   -0.498314
    1964   -0.498314
    1965   -0.476053
    1966   -0.476053
    1967   -0.449561
    1968   -0.449561
    1969   -0.418644
    1970   -0.418644
    1971   -0.383787
    1972   -0.383787
    1973   -0.343992
    1974   -0.343992
    1975   -0.298399
    1976   -0.298399
    1977   -0.249330
    1978   -0.249330
    1979   -0.209624
    1980   -0.209624
    1981   -0.964618
    1982   -0.964618
    1983   -0.962558
    1984   -0.962558
    1985   -0.959596
    1986   -0.959596
    1987   -0.956936
    1988   -0.956936
    1989   -0.954538
    1990   -0.954538
    1991   -0.952289
    1992   -0.952289
    1993   -0.950196
    1994   -0.950196
    1995   -0.948283
    1996   -0.948283
    1997   -0.946573
    1998   -0.946573
    1999   -0.945033
    2000   -0.945033
    2001   -0.943619
    2002   -0.943619
    2003   -0.942304
    2004   -0.942304
    2005   -0.941072
    2006   -0.941072
    2007   -0.939887
    2008   -0.939887
    2009   -0.938714
    2010   -0.938714
    2011   -0.937520
    2012   -0.937520
    2013   -0.936291
    2014   -0.936291
    2015   -0.935035
    2016   -0.935035
    2017   -0.933753
    2018   -0.933753
    2019   -0.932431
    2020   -0.932431
    2021   -0.931065
    2022   -0.931065
    2023   -0.929668
    2024   -0.929668
    2025   -0.928254
    2026   -0.928254
    2027   -0.926844
    2028   -0.926844
    2029   -0.925445
    2030   -0.925445
    2031   -0.924046
    2032   -0.924046
    2033   -0.922632
    2034   -0.922632
    2035   -0.921173
    2036   -0.921173
    2037   -0.919653
    2038   -0.919653
    2039   -0.918067
    2040   -0.918067
    2041   -0.916413
    2042   -0.916413
    2043   -0.914688
    2044   -0.914688
    2045   -0.912893
    2046   -0.912893
    2047   -0.911033
    2048   -0.911033
    2049   -0.909115
    2050   -0.909115
    2051   -0.907156
    2052   -0.907156
    2053   -0.905161
    2054   -0.905161
    2055   -0.903121
    2056   -0.903121
    2057   -0.901023
    2058   -0.901023
    2059   -0.898858
    2060   -0.898858
    2061   -0.896609
    2062   -0.896609
    2063   -0.894275
    2064   -0.894275
    2065   -0.891874
    2066   -0.891874
    2067   -0.889392
    2068   -0.889392
    2069   -0.886767
    2070   -0.886767
    2071   -0.883920
    2072   -0.883920
    2073   -0.880844
    2074   -0.880844
    2075   -0.877615
    2076   -0.877615
    2077   -0.874258
    2078   -0.874258
    2079   -0.870746
    2080   -0.870746
    2081   -0.867080
    2082   -0.867080
    2083   -0.863248
    2084   -0.863248
    2085   -0.859233
    2086   -0.859233
    2087   -0.855052
    2088   -0.855052
    2089   -0.850701
    2090   -0.850701
    2091   -0.846158
    2092   -0.846158
    2093   -0.841410
    2094   -0.841410
    2095   -0.836520
    2096   -0.836520
    2097   -0.831746
    2098   -0.831746
    2099   -0.827792
    2100   -0.827792
    2101   -0.825482
    2102   -0.825482
    2103   -0.824695
    2104   -0.824695
    2105   -0.824585
    2106   -0.824585
    2107   -0.824559
    2108   -0.824559
    2109   -0.824407
    2110   -0.824407
    2111   -0.824063
    2112   -0.824063
    2113   -0.823423
    2114   -0.823423
    2115   -0.822384
    2116   -0.822384
    2117   -0.820959
    2118   -0.820959
    2119   -0.819182
    2120   -0.819182
    2121   -0.817026
    2122   -0.817026
    2123   -0.814500
    2124   -0.814500
    2125   -0.811593
    2126   -0.811593
    2127   -0.808244
    2128   -0.808244
    2129   -0.804403
    2130   -0.804403
    2131   -0.800052
    2132   -0.800052
    2133   -0.795203
    2134   -0.795203
    2135   -0.789829
    2136   -0.789829
    2137   -0.783940
    2138   -0.783940
    2139   -0.777475
    2140   -0.777475
    2141   -0.770284
    2142   -0.770284
    2143   -0.762256
    2144   -0.762256
    2145   -0.753216
    2146   -0.753216
    2147   -0.743117
    2148   -0.743117
    2149   -0.731906
    2150   -0.731906
    2151   -0.719318
    2152   -0.719318
    2153   -0.705037
    2154   -0.705037
    2155   -0.688754
    2156   -0.688754
    2157   -0.670258
    2158   -0.670258
    2159   -0.649253
    2160   -0.649253
    2161   -0.625361
    2162   -0.625361
    2163   -0.598627
    2164   -0.598627
    2165   -0.567966
    2166   -0.567966
    2167   -0.531313
    2168   -0.531313
    2169   -0.487967
    2170   -0.487967
    2171   -0.437374
    2172   -0.437374
    2173   -0.379116
    2174   -0.379116
    2175   -0.316704
    2176   -0.316704
    2177   -0.266268
    2178   -0.266268
    2179   -1.190602
    2180   -1.190602
    2181   -1.188367
    2182   -1.188367
    2183   -1.185069
    2184   -1.185069
    2185   -1.182070
    2186   -1.182070
    2187   -1.179320
    2188   -1.179320
    2189   -1.176661
    2190   -1.176661
    2191   -1.174198
    2192   -1.174198
    2193   -1.171947
    2194   -1.171947
    2195   -1.169859
    2196   -1.169859
    2197   -1.167916
    2198   -1.167916
    2199   -1.166106
    2200   -1.166106
    2201   -1.164434
    2202   -1.164434
    2203   -1.162882
    2204   -1.162882
    2205   -1.161394
    2206   -1.161394
    2207   -1.159928
    2208   -1.159928
    2209   -1.158464
    2210   -1.158464
    2211   -1.156990
    2212   -1.156990
    2213   -1.155486
    2214   -1.155486
    2215   -1.153941
    2216   -1.153941
    2217   -1.152355
    2218   -1.152355
    2219   -1.150731
    2220   -1.150731
    2221   -1.149076
    2222   -1.149076
    2223   -1.147407
    2224   -1.147407
    2225   -1.145746
    2226   -1.145746
    2227   -1.144090
    2228   -1.144090
    2229   -1.142423
    2230   -1.142423
    2231   -1.140735
    2232   -1.140735
    2233   -1.139009
    2234   -1.139009
    2235   -1.137233
    2236   -1.137233
    2237   -1.135397
    2238   -1.135397
    2239   -1.133488
    2240   -1.133488
    2241   -1.131491
    2242   -1.131491
    2243   -1.129404
    2244   -1.129404
    2245   -1.127236
    2246   -1.127236
    2247   -1.124992
    2248   -1.124992
    2249   -1.122679
    2250   -1.122679
    2251   -1.120309
    2252   -1.120309
    2253   -1.117891
    2254   -1.117891
    2255   -1.115413
    2256   -1.115413
    2257   -1.112861
    2258   -1.112861
    2259   -1.110229
    2260   -1.110229
    2261   -1.107527
    2262   -1.107527
    2263   -1.104773
    2264   -1.104773
    2265   -1.101971
    2266   -1.101971
    2267   -1.099000
    2268   -1.099000
    2269   -1.095669
    2270   -1.095669
    2271   -1.092020
    2272   -1.092020
    2273   -1.088238
    2274   -1.088238
    2275   -1.084367
    2276   -1.084367
    2277   -1.080355
    2278   -1.080355
    2279   -1.076184
    2280   -1.076184
    2281   -1.071870
    2282   -1.071870
    2283   -1.067401
    2284   -1.067401
    2285   -1.062766
    2286   -1.062766
    2287   -1.057965
    2288   -1.057965
    2289   -1.052953
    2290   -1.052953
    2291   -1.047726
    2292   -1.047726
    2293   -1.042394
    2294   -1.042394
    2295   -1.037252
    2296   -1.037252
    2297   -1.033153
    2298   -1.033153
    2299   -1.030936
    2300   -1.030936
    2301   -1.030318
    2302   -1.030318
    2303   -1.030463
    2304   -1.030463
    2305   -1.030794
    2306   -1.030794
    2307   -1.030948
    2308   -1.030948
    2309   -1.030790
    2310   -1.030790
    2311   -1.030269
    2312   -1.030269
    2313   -1.029236
    2314   -1.029236
    2315   -1.027670
    2316   -1.027670
    2317   -1.025658
    2318   -1.025658
    2319   -1.023227
    2320   -1.023227
    2321   -1.020364
    2322   -1.020364
    2323   -1.016967
    2324   -1.016967
    2325   -1.012987
    2326   -1.012987
    2327   -1.008429
    2328   -1.008429
    2329   -1.003271
    2330   -1.003271
    2331   -0.997533
    2332   -0.997533
    2333   -0.991203
    2334   -0.991203
    2335   -0.984211
    2336   -0.984211
    2337   -0.976516
    2338   -0.976516
    2339   -0.968028
    2340   -0.968028
    2341   -0.958614
    2342   -0.958614
    2343   -0.948035
    2344   -0.948035
    2345   -0.936161
    2346   -0.936161
    2347   -0.922857
    2348   -0.922857
    2349   -0.907834
    2350   -0.907834
    2351   -0.890937
    2352   -0.890937
    2353   -0.871875
    2354   -0.871875
    2355   -0.850200
    2356   -0.850200
    2357   -0.825410
    2358   -0.825410
    2359   -0.796501
    2360   -0.796501
    2361   -0.763553
    2362   -0.763553
    2363   -0.726426
    2364   -0.726426
    2365   -0.682501
    2366   -0.682501
    2367   -0.629751
    2368   -0.629751
    2369   -0.566662
    2370   -0.566662
    2371   -0.492688
    2372   -0.492688
    2373   -0.412796
    2374   -0.412796
    2375   -0.347898
    2376   -0.347898
    2377   -1.499584
    2378   -1.499584
    2379   -1.497807
    2380   -1.497807
    2381   -1.494862
    2382   -1.494862
    2383   -1.491958
    2384   -1.491958
    2385   -1.489155
    2386   -1.489155
    2387   -1.486297
    2388   -1.486297
    2389   -1.483642
    2390   -1.483642
    2391   -1.481195
    2392   -1.481195
    2393   -1.478860
    2394   -1.478860
    2395   -1.476613
    2396   -1.476613
    2397   -1.474460
    2398   -1.474460
    2399   -1.472429
    2400   -1.472429
    2401   -1.470515
    2402   -1.470515
    2403   -1.468670
    2404   -1.468670
    2405   -1.466858
    2406   -1.466858
    2407   -1.465060
    2408   -1.465060
    2409   -1.463264
    2410   -1.463264
    2411   -1.461444
    2412   -1.461444
    2413   -1.459577
    2414   -1.459577
    2415   -1.457659
    2416   -1.457659
    2417   -1.455699
    2418   -1.455699
    2419   -1.453714
    2420   -1.453714
    2421   -1.451718
    2422   -1.451718
    2423   -1.449715
    2424   -1.449715
    2425   -1.447699
    2426   -1.447699
    2427   -1.445666
    2428   -1.445666
    2429   -1.443608
    2430   -1.443608
    2431   -1.441518
    2432   -1.441518
    2433   -1.439379
    2434   -1.439379
    2435   -1.437172
    2436   -1.437172
    2437   -1.434881
    2438   -1.434881
    2439   -1.432492
    2440   -1.432492
    2441   -1.430001
    2442   -1.430001
    2443   -1.427405
    2444   -1.427405
    2445   -1.424707
    2446   -1.424707
    2447   -1.421913
    2448   -1.421913
    2449   -1.419036
    2450   -1.419036
    2451   -1.416091
    2452   -1.416091
    2453   -1.413070
    2454   -1.413070
    2455   -1.409964
    2456   -1.409964
    2457   -1.406773
    2458   -1.406773
    2459   -1.403506
    2460   -1.403506
    2461   -1.400169
    2462   -1.400169
    2463   -1.396772
    2464   -1.396772
    2465   -1.393190
    2466   -1.393190
    2467   -1.389223
    2468   -1.389223
    2469   -1.384925
    2470   -1.384925
    2471   -1.380489
    2472   -1.380489
    2473   -1.375956
    2474   -1.375956
    2475   -1.371265
    2476   -1.371265
    2477   -1.366394
    2478   -1.366394
    2479   -1.361383
    2480   -1.361383
    2481   -1.356212
    2482   -1.356212
    2483   -1.350820
    2484   -1.350820
    2485   -1.345185
    2486   -1.345185
    2487   -1.339294
    2488   -1.339294
    2489   -1.333208
    2490   -1.333208
    2491   -1.327067
    2492   -1.327067
    2493   -1.321194
    2494   -1.321194
    2495   -1.316622
    2496   -1.316622
    2497   -1.314349
    2498   -1.314349
    2499   -1.313923
    2500   -1.313923
    2501   -1.314335
    2502   -1.314335
    2503   -1.314963
    2504   -1.314963
    2505   -1.315348
    2506   -1.315348
    2507   -1.315306
    2508   -1.315306
    2509   -1.314797
    2510   -1.314797
    2511   -1.313653
    2512   -1.313653
    2513   -1.311805
    2514   -1.311805
    2515   -1.309416
    2516   -1.309416
    2517   -1.306601
    2518   -1.306601
    2519   -1.303214
    2520   -1.303214
    2521   -1.299077
    2522   -1.299077
    2523   -1.294201
    2524   -1.294201
    2525   -1.288638
    2526   -1.288638
    2527   -1.282385
    2528   -1.282385
    2529   -1.275424
    2530   -1.275424
    2531   -1.267689
    2532   -1.267689
    2533   -1.259075
    2534   -1.259075
    2535   -1.249618
    2536   -1.249618
    2537   -1.239225
    2538   -1.239225
    2539   -1.227691
    2540   -1.227691
    2541   -1.214804
    2542   -1.214804
    2543   -1.200322
    2544   -1.200322
    2545   -1.184008
    2546   -1.184008
    2547   -1.165640
    2548   -1.165640
    2549   -1.145124
    2550   -1.145124
    2551   -1.122163
    2552   -1.122163
    2553   -1.096189
    2554   -1.096189
    2555   -1.066585
    2556   -1.066585
    2557   -1.031712
    2558   -1.031712
    2559   -0.990752
    2560   -0.990752
    2561   -0.944195
    2562   -0.944195
    2563   -0.890636
    2564   -0.890636
    2565   -0.826873
    2566   -0.826873
    2567   -0.748732
    2568   -0.748732
    2569   -0.655080
    2570   -0.655080
    2571   -0.552462
    2572   -0.552462
    2573   -0.467959
    2574   -0.467959
    2575   -1.937725
    2576   -1.937725
    2577   -1.937645
    2578   -1.937645
    2579   -1.936700
    2580   -1.936700
    2581   -1.934853
    2582   -1.934853
    2583   -1.932415
    2584   -1.932415
    2585   -1.929660
    2586   -1.929660
    2587   -1.927048
    2588   -1.927048
    2589   -1.924550
    2590   -1.924550
    2591   -1.922083
    2592   -1.922083
    2593   -1.919632
    2594   -1.919632
    2595   -1.917210
    2596   -1.917210
    2597   -1.914825
    2598   -1.914825
    2599   -1.912474
    2600   -1.912474
    2601   -1.910172
    2602   -1.910172
    2603   -1.907916
    2604   -1.907916
    2605   -1.905676
    2606   -1.905676
    2607   -1.903435
    2608   -1.903435
    2609   -1.901177
    2610   -1.901177
    2611   -1.898878
    2612   -1.898878
    2613   -1.896514
    2614   -1.896514
    2615   -1.894091
    2616   -1.894091
    2617   -1.891636
    2618   -1.891636
    2619   -1.889159
    2620   -1.889159
    2621   -1.886649
    2622   -1.886649
    2623   -1.884103
    2624   -1.884103
    2625   -1.881530
    2626   -1.881530
    2627   -1.878922
    2628   -1.878922
    2629   -1.876271
    2630   -1.876271
    2631   -1.873559
    2632   -1.873559
    2633   -1.870759
    2634   -1.870759
    2635   -1.867858
    2636   -1.867858
    2637   -1.864853
    2638   -1.864853
    2639   -1.861732
    2640   -1.861732
    2641   -1.858476
    2642   -1.858476
    2643   -1.855085
    2644   -1.855085
    2645   -1.851573
    2646   -1.851573
    2647   -1.847946
    2648   -1.847946
    2649   -1.844213
    2650   -1.844213
    2651   -1.840373
    2652   -1.840373
    2653   -1.836425
    2654   -1.836425
    2655   -1.832370
    2656   -1.832370
    2657   -1.828193
    2658   -1.828193
    2659   -1.823876
    2660   -1.823876
    2661   -1.819418
    2662   -1.819418
    2663   -1.814768
    2664   -1.814768
    2665   -1.809856
    2666   -1.809856
    2667   -1.804713
    2668   -1.804713
    2669   -1.799387
    2670   -1.799387
    2671   -1.793883
    2672   -1.793883
    2673   -1.788191
    2674   -1.788191
    2675   -1.782272
    2676   -1.782272
    2677   -1.776115
    2678   -1.776115
    2679   -1.769710
    2680   -1.769710
    2681   -1.762979
    2682   -1.762979
    2683   -1.755874
    2684   -1.755874
    2685   -1.748412
    2686   -1.748412
    2687   -1.740673
    2688   -1.740673
    2689   -1.732793
    2690   -1.732793
    2691   -1.725134
    2692   -1.725134
    2693   -1.718888
    2694   -1.718888
    2695   -1.715492
    2696   -1.715492
    2697   -1.714596
    2698   -1.714596
    2699   -1.714684
    2700   -1.714684
    2701   -1.714828
    2702   -1.714828
    2703   -1.714613
    2704   -1.714613
    2705   -1.713902
    2706   -1.713902
    2707   -1.712631
    2708   -1.712631
    2709   -1.710762
    2710   -1.710762
    2711   -1.708166
    2712   -1.708166
    2713   -1.704832
    2714   -1.704832
    2715   -1.700925
    2716   -1.700925
    2717   -1.696303
    2718   -1.696303
    2719   -1.690832
    2720   -1.690832
    2721   -1.684515
    2722   -1.684515
    2723   -1.677349
    2724   -1.677349
    2725   -1.669339
    2726   -1.669339
    2727   -1.660389
    2728   -1.660389
    2729   -1.650393
    2730   -1.650393
    2731   -1.639272
    2732   -1.639272
    2733   -1.627023
    2734   -1.627023
    2735   -1.613507
    2736   -1.613507
    2737   -1.598553
    2738   -1.598553
    2739   -1.582059
    2740   -1.582059
    2741   -1.563653
    2742   -1.563653
    2743   -1.542978
    2744   -1.542978
    2745   -1.519874
    2746   -1.519874
    2747   -1.494100
    2748   -1.494100
    2749   -1.465286
    2750   -1.465286
    2751   -1.432871
    2752   -1.432871
    2753   -1.396038
    2754   -1.396038
    2755   -1.353318
    2756   -1.353318
    2757   -1.303507
    2758   -1.303507
    2759   -1.245437
    2760   -1.245437
    2761   -1.178012
    2762   -1.178012
    2763   -1.098729
    2764   -1.098729
    2765   -1.000988
    2766   -1.000988
    2767   -0.882472
    2768   -0.882472
    2769   -0.751103
    2770   -0.751103
    2771   -0.641338
    2772   -0.641338
    2773   -2.576787
    2774   -2.576787
    2775   -2.579331
    2776   -2.579331
    2777   -2.581327
    2778   -2.581327
    2779   -2.580500
    2780   -2.580500
    2781   -2.578192
    2782   -2.578192
    2783   -2.575550
    2784   -2.575550
    2785   -2.573001
    2786   -2.573001
    2787   -2.570426
    2788   -2.570426
    2789   -2.567762
    2790   -2.567762
    2791   -2.565030
    2792   -2.565030
    2793   -2.562251
    2794   -2.562251
    2795   -2.559408
    2796   -2.559408
    2797   -2.556492
    2798   -2.556492
    2799   -2.553568
    2800   -2.553568
    2801   -2.550669
    2802   -2.550669
    2803   -2.547788
    2804   -2.547788
    2805   -2.544905
    2806   -2.544905
    2807   -2.541991
    2808   -2.541991
    2809   -2.539029
    2810   -2.539029
    2811   -2.536006
    2812   -2.536006
    2813   -2.532916
    2814   -2.532916
    2815   -2.529760
    2816   -2.529760
    2817   -2.526539
    2818   -2.526539
    2819   -2.523253
    2820   -2.523253
    2821   -2.519903
    2822   -2.519903
    2823   -2.516488
    2824   -2.516488
    2825   -2.512997
    2826   -2.512997
    2827   -2.509416
    2828   -2.509416
    2829   -2.505737
    2830   -2.505737
    2831   -2.501954
    2832   -2.501954
    2833   -2.498056
    2834   -2.498056
    2835   -2.494034
    2836   -2.494034
    2837   -2.489872
    2838   -2.489872
    2839   -2.485555
    2840   -2.485555
    2841   -2.481075
    2842   -2.481075
    2843   -2.476430
    2844   -2.476430
    2845   -2.471618
    2846   -2.471618
    2847   -2.466646
    2848   -2.466646
    2849   -2.461520
    2850   -2.461520
    2851   -2.456237
    2852   -2.456237
    2853   -2.450791
    2854   -2.450791
    2855   -2.445146
    2856   -2.445146
    2857   -2.439262
    2858   -2.439262
    2859   -2.433128
    2860   -2.433128
    2861   -2.426789
    2862   -2.426789
    2863   -2.420344
    2864   -2.420344
    2865   -2.413780
    2866   -2.413780
    2867   -2.406963
    2868   -2.406963
    2869   -2.399848
    2870   -2.399848
    2871   -2.392482
    2872   -2.392482
    2873   -2.384808
    2874   -2.384808
    2875   -2.376733
    2876   -2.376733
    2877   -2.368247
    2878   -2.368247
    2879   -2.359305
    2880   -2.359305
    2881   -2.349851
    2882   -2.349851
    2883   -2.339881
    2884   -2.339881
    2885   -2.329416
    2886   -2.329416
    2887   -2.318600
    2888   -2.318600
    2889   -2.307971
    2890   -2.307971
    2891   -2.298921
    2892   -2.298921
    2893   -2.293362
    2894   -2.293362
    2895   -2.291250
    2896   -2.291250
    2897   -2.290433
    2898   -2.290433
    2899   -2.289409
    2900   -2.289409
    2901   -2.287807
    2902   -2.287807
    2903   -2.285560
    2904   -2.285560
    2905   -2.282652
    2906   -2.282652
    2907   -2.279268
    2908   -2.279268
    2909   -2.275296
    2910   -2.275296
    2911   -2.270357
    2912   -2.270357
    2913   -2.264435
    2914   -2.264435
    2915   -2.257589
    2916   -2.257589
    2917   -2.249812
    2918   -2.249812
    2919   -2.241017
    2920   -2.241017
    2921   -2.231155
    2922   -2.231155
    2923   -2.220183
    2924   -2.220183
    2925   -2.207902
    2926   -2.207902
    2927   -2.194207
    2928   -2.194207
    2929   -2.179016
    2930   -2.179016
    2931   -2.162197
    2932   -2.162197
    2933   -2.143642
    2934   -2.143642
    2935   -2.123264
    2936   -2.123264
    2937   -2.100950
    2938   -2.100950
    2939   -2.076262
    2940   -2.076262
    2941   -2.048752
    2942   -2.048752
    2943   -2.018220
    2944   -2.018220
    2945   -1.984248
    2946   -1.984248
    2947   -1.946336
    2948   -1.946336
    2949   -1.903858
    2950   -1.903858
    2951   -1.855846
    2952   -1.855846
    2953   -1.801107
    2954   -1.801107
    2955   -1.738478
    2956   -1.738478
    2957   -1.664736
    2958   -1.664736
    2959   -1.577194
    2960   -1.577194
    2961   -1.473816
    2962   -1.473816
    2963   -1.348011
    2964   -1.348011
    2965   -1.196787
    2966   -1.196787
    2967   -1.028031
    2968   -1.028031
    2969   -0.885711
    2970   -0.885711
    2971   -3.560879
    2972   -3.560879
    2973   -3.564754
    2974   -3.564754
    2975   -3.567064
    2976   -3.567064
    2977   -3.564720
    2978   -3.564720
    2979   -3.561332
    2980   -3.561332
    2981   -3.558259
    2982   -3.558259
    2983   -3.555267
    2984   -3.555267
    2985   -3.552212
    2986   -3.552212
    2987   -3.549027
    2988   -3.549027
    2989   -3.545705
    2990   -3.545705
    2991   -3.542251
    2992   -3.542251
    2993   -3.538647
    2994   -3.538647
    2995   -3.534894
    2996   -3.534894
    2997   -3.531043
    2998   -3.531043
    2999   -3.527145
    3000   -3.527145
    3001   -3.523247
    3002   -3.523247
    3003   -3.519335
    3004   -3.519335
    3005   -3.515349
    3006   -3.515349
    3007   -3.511284
    3008   -3.511284
    3009   -3.507174
    3010   -3.507174
    3011   -3.502999
    3012   -3.502999
    3013   -3.498704
    3014   -3.498704
    3015   -3.494271
    3016   -3.494271
    3017   -3.489718
    3018   -3.489718
    3019   -3.485042
    3020   -3.485042
    3021   -3.480225
    3022   -3.480225
    3023   -3.475249
    3024   -3.475249
    3025   -3.470095
    3026   -3.470095
    3027   -3.464772
    3028   -3.464772
    3029   -3.459315
    3030   -3.459315
    3031   -3.453718
    3032   -3.453718
    3033   -3.447954
    3034   -3.447954
    3035   -3.442010
    3036   -3.442010
    3037   -3.435887
    3038   -3.435887
    3039   -3.429566
    3040   -3.429566
    3041   -3.423012
    3042   -3.423012
    3043   -3.416209
    3044   -3.416209
    3045   -3.409161
    3046   -3.409161
    3047   -3.401876
    3048   -3.401876
    3049   -3.394351
    3050   -3.394351
    3051   -3.386563
    3052   -3.386563
    3053   -3.378476
    3054   -3.378476
    3055   -3.370043
    3056   -3.370043
    3057   -3.361223
    3058   -3.361223
    3059   -3.352147
    3060   -3.352147
    3061   -3.343068
    3062   -3.343068
    3063   -3.333918
    3064   -3.333918
    3065   -3.324406
    3066   -3.324406
    3067   -3.314430
    3068   -3.314430
    3069   -3.304026
    3070   -3.304026
    3071   -3.293158
    3072   -3.293158
    3073   -3.281741
    3074   -3.281741
    3075   -3.269745
    3076   -3.269745
    3077   -3.257139
    3078   -3.257139
    3079   -3.243871
    3080   -3.243871
    3081   -3.229902
    3082   -3.229902
    3083   -3.215174
    3084   -3.215174
    3085   -3.199781
    3086   -3.199781
    3087   -3.184546
    3088   -3.184546
    3089   -3.171461
    3090   -3.171461
    3091   -3.163005
    3092   -3.163005
    3093   -3.159144
    3094   -3.159144
    3095   -3.156969
    3096   -3.156969
    3097   -3.154479
    3098   -3.154479
    3099   -3.151273
    3100   -3.151273
    3101   -3.147181
    3102   -3.147181
    3103   -3.142162
    3104   -3.142162
    3105   -3.136345
    3106   -3.136345
    3107   -3.129750
    3108   -3.129750
    3109   -3.122053
    3110   -3.122053
    3111   -3.112885
    3112   -3.112885
    3113   -3.102357
    3114   -3.102357
    3115   -3.090580
    3116   -3.090580
    3117   -3.077409
    3118   -3.077409
    3119   -3.062788
    3120   -3.062788
    3121   -3.046595
    3122   -3.046595
    3123   -3.028624
    3124   -3.028624
    3125   -3.008790
    3126   -3.008790
    3127   -2.986924
    3128   -2.986924
    3129   -2.962729
    3130   -2.962729
    3131   -2.936152
    3132   -2.936152
    3133   -2.907112
    3134   -2.907112
    3135   -2.875332
    3136   -2.875332
    3137   -2.840368
    3138   -2.840368
    3139   -2.801733
    3140   -2.801733
    3141   -2.759007
    3142   -2.759007
    3143   -2.711587
    3144   -2.711587
    3145   -2.658764
    3146   -2.658764
    3147   -2.599732
    3148   -2.599732
    3149   -2.533415
    3150   -2.533415
    3151   -2.458218
    3152   -2.458218
    3153   -2.372302
    3154   -2.372302
    3155   -2.272080
    3156   -2.272080
    3157   -2.153584
    3158   -2.153584
    3159   -2.012402
    3160   -2.012402
    3161   -1.843062
    3162   -1.843062
    3163   -1.643226
    3164   -1.643226
    3165   -1.420149
    3166   -1.420149
    3167   -1.231950
    3168   -1.231950
    3169   -5.234060
    3170   -5.234060
    3171   -5.237539
    3172   -5.237539
    3173   -5.237384
    3174   -5.237384
    3175   -5.231042
    3176   -5.231042
    3177   -5.225016
    3178   -5.225016
    3179   -5.220519
    3180   -5.220519
    3181   -5.216298
    3182   -5.216298
    3183   -5.212084
    3184   -5.212084
    3185   -5.207740
    3186   -5.207740
    3187   -5.203183
    3188   -5.203183
    3189   -5.198381
    3190   -5.198381
    3191   -5.193333
    3192   -5.193333
    3193   -5.188057
    3194   -5.188057
    3195   -5.182581
    3196   -5.182581
    3197   -5.176951
    3198   -5.176951
    3199   -5.171228
    3200   -5.171228
    3201   -5.165408
    3202   -5.165408
    3203   -5.159459
    3204   -5.159459
    3205   -5.153397
    3206   -5.153397
    3207   -5.147272
    3208   -5.147272
    3209   -5.141056
    3210   -5.141056
    3211   -5.134662
    3212   -5.134662
    3213   -5.128050
    3214   -5.128050
    3215   -5.121208
    3216   -5.121208
    3217   -5.114114
    3218   -5.114114
    3219   -5.106746
    3220   -5.106746
    3221   -5.099083
    3222   -5.099083
    3223   -5.091116
    3224   -5.091116
    3225   -5.082865
    3226   -5.082865
    3227   -5.074378
    3228   -5.074378
    3229   -5.065664
    3230   -5.065664
    3231   -5.056703
    3232   -5.056703
    3233   -5.047489
    3234   -5.047489
    3235   -5.038021
    3236   -5.038021
    3237   -5.028274
    3238   -5.028274
    3239   -5.018202
    3240   -5.018202
    3241   -5.007773
    3242   -5.007773
    3243   -4.996952
    3244   -4.996952
    3245   -4.985738
    3246   -4.985738
    3247   -4.974140
    3248   -4.974140
    3249   -4.962124
    3250   -4.962124
    3251   -4.949656
    3252   -4.949656
    3253   -4.936695
    3254   -4.936695
    3255   -4.923184
    3256   -4.923184
    3257   -4.909299
    3258   -4.909299
    3259   -4.895352
    3260   -4.895352
    3261   -4.881228
    3262   -4.881228
    3263   -4.866555
    3264   -4.866555
    3265   -4.851177
    3266   -4.851177
    3267   -4.835073
    3268   -4.835073
    3269   -4.818240
    3270   -4.818240
    3271   -4.800660
    3272   -4.800660
    3273   -4.782289
    3274   -4.782289
    3275   -4.763081
    3276   -4.763081
    3277   -4.742971
    3278   -4.742971
    3279   -4.721900
    3280   -4.721900
    3281   -4.699758
    3282   -4.699758
    3283   -4.676518
    3284   -4.676518
    3285   -4.653038
    3286   -4.653038
    3287   -4.632501
    3288   -4.632501
    3289   -4.619103
    3290   -4.619103
    3291   -4.612496
    3292   -4.612496
    3293   -4.608203
    3294   -4.608203
    3295   -4.603592
    3296   -4.603592
    3297   -4.598174
    3298   -4.598174
    3299   -4.591484
    3300   -4.591484
    3301   -4.583247
    3302   -4.583247
    3303   -4.573344
    3304   -4.573344
    3305   -4.561898
    3306   -4.561898
    3307   -4.548914
    3308   -4.548914
    3309   -4.533909
    3310   -4.533909
    3311   -4.516874
    3312   -4.516874
    3313   -4.497925
    3314   -4.497925
    3315   -4.476904
    3316   -4.476904
    3317   -4.453662
    3318   -4.453662
    3319   -4.427986
    3320   -4.427986
    3321   -4.399764
    3322   -4.399764
    3323   -4.368919
    3324   -4.368919
    3325   -4.335141
    3326   -4.335141
    3327   -4.297931
    3328   -4.297931
    3329   -4.257125
    3330   -4.257125
    3331   -4.212609
    3332   -4.212609
    3333   -4.163952
    3334   -4.163952
    3335   -4.110605
    3336   -4.110605
    3337   -4.052003
    3338   -4.052003
    3339   -3.987399
    3340   -3.987399
    3341   -3.915819
    3342   -3.915819
    3343   -3.836135
    3344   -3.836135
    3345   -3.747186
    3346   -3.747186
    3347   -3.647549
    3348   -3.647549
    3349   -3.534859
    3350   -3.534859
    3351   -3.406056
    3352   -3.406056
    3353   -3.257184
    3354   -3.257184
    3355   -3.083143
    3356   -3.083143
    3357   -2.876441
    3358   -2.876441
    3359   -2.631346
    3360   -2.631346
    3361   -2.345185
    3362   -2.345185
    3363   -2.028674
    3364   -2.028674
    3365   -1.764642
    3366   -1.764642
    3367   -8.369356
    3368   -8.369356
    3369   -8.370073
    3370   -8.370073
    3371   -8.363921
    3372   -8.363921
    3373   -8.351234
    3374   -8.351234
    3375   -8.341287
    3376   -8.341287
    3377   -8.334122
    3378   -8.334122
    3379   -8.327552
    3380   -8.327552
    3381   -8.321039
    3382   -8.321039
    3383   -8.314318
    3384   -8.314318
    3385   -8.307220
    3386   -8.307220
    3387   -8.299689
    3388   -8.299689
    3389   -8.291748
    3390   -8.291748
    3391   -8.283437
    3392   -8.283437
    3393   -8.274778
    3394   -8.274778
    3395   -8.265790
    3396   -8.265790
    3397   -8.256483
    3398   -8.256483
    3399   -8.246881
    3400   -8.246881
    3401   -8.237071
    3402   -8.237071
    3403   -8.227116
    3404   -8.227116
    3405   -8.217031
    3406   -8.217031
    3407   -8.206764
    3408   -8.206764
    3409   -8.196237
    3410   -8.196237
    3411   -8.185367
    3412   -8.185367
    3413   -8.174065
    3414   -8.174065
    3415   -8.162263
    3416   -8.162263
    3417   -8.149933
    3418   -8.149933
    3419   -8.137077
    3420   -8.137077
    3421   -8.123705
    3422   -8.123705
    3423   -8.109841
    3424   -8.109841
    3425   -8.095512
    3426   -8.095512
    3427   -8.080753
    3428   -8.080753
    3429   -8.065591
    3430   -8.065591
    3431   -8.050027
    3432   -8.050027
    3433   -8.034036
    3434   -8.034036
    3435   -8.017589
    3436   -8.017589
    3437   -8.000653
    3438   -8.000653
    3439   -7.983180
    3440   -7.983180
    3441   -7.965072
    3442   -7.965072
    3443   -7.946267
    3444   -7.946267
    3445   -7.926795
    3446   -7.926795
    3447   -7.906641
    3448   -7.906641
    3449   -7.885745
    3450   -7.885745
    3451   -7.864068
    3452   -7.864068
    3453   -7.841593
    3454   -7.841593
    3455   -7.818522
    3456   -7.818522
    3457   -7.795133
    3458   -7.795133
    3459   -7.771243
    3460   -7.771243
    3461   -7.746414
    3462   -7.746414
    3463   -7.720443
    3464   -7.720443
    3465   -7.693261
    3466   -7.693261
    3467   -7.664896
    3468   -7.664896
    3469   -7.635371
    3470   -7.635371
    3471   -7.604618
    3472   -7.604618
    3473   -7.572586
    3474   -7.572586
    3475   -7.539181
    3476   -7.539181
    3477   -7.504282
    3478   -7.504282
    3479   -7.467742
    3480   -7.467742
    3481   -7.429573
    3482   -7.429573
    3483   -7.390401
    3484   -7.390401
    3485   -7.354948
    3486   -7.354948
    3487   -7.331173
    3488   -7.331173
    3489   -7.319146
    3490   -7.319146
    3491   -7.311504
    3492   -7.311504
    3493   -7.303679
    3494   -7.303679
    3495   -7.294356
    3496   -7.294356
    3497   -7.282764
    3498   -7.282764
    3499   -7.268545
    3500   -7.268545
    3501   -7.251504
    3502   -7.251504
    3503   -7.231670
    3504   -7.231670
    3505   -7.209062
    3506   -7.209062
    3507   -7.183342
    3508   -7.183342
    3509   -7.154418
    3510   -7.154418
    3511   -7.122267
    3512   -7.122267
    3513   -7.086671
    3514   -7.086671
    3515   -7.047324
    3516   -7.047324
    3517   -7.003927
    3518   -7.003927
    3519   -6.956356
    3520   -6.956356
    3521   -6.904449
    3522   -6.904449
    3523   -6.847793
    3524   -6.847793
    3525   -6.785670
    3526   -6.785670
    3527   -6.717556
    3528   -6.717556
    3529   -6.643169
    3530   -6.643169
    3531   -6.561970
    3532   -6.561970
    3533   -6.473155
    3534   -6.473155
    3535   -6.375854
    3536   -6.375854
    3537   -6.268872
    3538   -6.268872
    3539   -6.150593
    3540   -6.150593
    3541   -6.019019
    3542   -6.019019
    3543   -5.872195
    3544   -5.872195
    3545   -5.707797
    3546   -5.707797
    3547   -5.522383
    3548   -5.522383
    3549   -5.311311
    3550   -5.311311
    3551   -5.068609
    3552   -5.068609
    3553   -4.786277
    3554   -4.786277
    3555   -4.453497
    3556   -4.453497
    3557   -4.060949
    3558   -4.060949
    3559   -3.603138
    3560   -3.603138
    3561   -3.103390
    3562   -3.103390
    3563   -2.692041
    3564   -2.692041
    3565  -14.368129
    3566  -14.368129
    3567  -14.362088
    3568  -14.362088
    3569  -14.342637
    3570  -14.342637
    3571  -14.318649
    3572  -14.318649
    3573  -14.302946
    3574  -14.302946
    3575  -14.291227
    3576  -14.291227
    3577  -14.280267
    3578  -14.280267
    3579  -14.269281
    3580  -14.269281
    3581  -14.257867
    3582  -14.257867
    3583  -14.245776
    3584  -14.245776
    3585  -14.232925
    3586  -14.232925
    3587  -14.219354
    3588  -14.219354
    3589  -14.205142
    3590  -14.205142
    3591  -14.190302
    3592  -14.190302
    3593  -14.174806
    3594  -14.174806
    3595  -14.158572
    3596  -14.158572
    3597  -14.141666
    3598  -14.141666
    3599  -14.124404
    3600  -14.124404
    3601  -14.106959
    3602  -14.106959
    3603  -14.089267
    3604  -14.089267
    3605  -14.071213
    3606  -14.071213
    3607  -14.052713
    3608  -14.052713
    3609  -14.033620
    3610  -14.033620
    3611  -14.013750
    3612  -14.013750
    3613  -13.992934
    3614  -13.992934
    3615  -13.971100
    3616  -13.971100
    3617  -13.948304
    3618  -13.948304
    3619  -13.924593
    3620  -13.924593
    3621  -13.899996
    3622  -13.899996
    3623  -13.874511
    3624  -13.874511
    3625  -13.848215
    3626  -13.848215
    3627  -13.821221
    3628  -13.821221
    3629  -13.793531
    3630  -13.793531
    3631  -13.765081
    3632  -13.765081
    3633  -13.735824
    3634  -13.735824
    3635  -13.705735
    3636  -13.705735
    3637  -13.674766
    3638  -13.674766
    3639  -13.642746
    3640  -13.642746
    3641  -13.609455
    3642  -13.609455
    3643  -13.574924
    3644  -13.574924
    3645  -13.539233
    3646  -13.539233
    3647  -13.502224
    3648  -13.502224
    3649  -13.463848
    3650  -13.463848
    3651  -13.424177
    3652  -13.424177
    3653  -13.383482
    3654  -13.383482
    3655  -13.342119
    3656  -13.342119
    3657  -13.299713
    3658  -13.299713
    3659  -13.255515
    3660  -13.255515
    3661  -13.209269
    3662  -13.209269
    3663  -13.160886
    3664  -13.160886
    3665  -13.110463
    3666  -13.110463
    3667  -13.058090
    3668  -13.058090
    3669  -13.003608
    3670  -13.003608
    3671  -12.946979
    3672  -12.946979
    3673  -12.888064
    3674  -12.888064
    3675  -12.826572
    3676  -12.826572
    3677  -12.762270
    3678  -12.762270
    3679  -12.695248
    3680  -12.695248
    3681  -12.625853
    3682  -12.625853
    3683  -12.561472
    3684  -12.561472
    3685  -12.517081
    3686  -12.517081
    3687  -12.494351
    3688  -12.494351
    3689  -12.481437
    3690  -12.481437
    3691  -12.469292
    3692  -12.469292
    3693  -12.453131
    3694  -12.453131
    3695  -12.432092
    3696  -12.432092
    3697  -12.406738
    3698  -12.406738
    3699  -12.376694
    3700  -12.376694
    3701  -12.341710
    3702  -12.341710
    3703  -12.301604
    3704  -12.301604
    3705  -12.256147
    3706  -12.256147
    3707  -12.205159
    3708  -12.205159
    3709  -12.148452
    3710  -12.148452
    3711  -12.085606
    3712  -12.085606
    3713  -12.016094
    3714  -12.016094
    3715  -11.939463
    3716  -11.939463
    3717  -11.855386
    3718  -11.855386
    3719  -11.763556
    3720  -11.763556
    3721  -11.663493
    3722  -11.663493
    3723  -11.554014
    3724  -11.554014
    3725  -11.433901
    3726  -11.433901
    3727  -11.302468
    3728  -11.302468
    3729  -11.159143
    3730  -11.159143
    3731  -11.002735
    3732  -11.002735
    3733  -10.831403
    3734  -10.831403
    3735  -10.643223
    3736  -10.643223
    3737  -10.435646
    3738  -10.435646
    3739  -10.204893
    3740  -10.204893
    3741   -9.947396
    3742   -9.947396
    3743   -9.659047
    3744   -9.659047
    3745   -9.334471
    3746   -9.334471
    3747   -8.966241
    3748   -8.966241
    3749   -8.544123
    3750   -8.544123
    3751   -8.053917
    3752   -8.053917
    3753   -7.478072
    3754   -7.478072
    3755   -6.797673
    3756   -6.797673
    3757   -5.998746
    3758   -5.998746
    3759   -5.124547
    3760   -5.124547
    3761   -4.403624
    3762   -4.403624
    3763  -23.452002
    3764  -23.452002
    3765  -23.438009
    3766  -23.438009
    3767  -23.400440
    3768  -23.400440
    3769  -23.360211
    3770  -23.360211
    3771  -23.336156
    3772  -23.336156
    3773  -23.317529
    3774  -23.317529
    3775  -23.299958
    3776  -23.299958
    3777  -23.282179
    3778  -23.282179
    3779  -23.263617
    3780  -23.263617
    3781  -23.243956
    3782  -23.243956
    3783  -23.223067
    3784  -23.223067
    3785  -23.200986
    3786  -23.200986
    3787  -23.177849
    3788  -23.177849
    3789  -23.153669
    3790  -23.153669
    3791  -23.128367
    3792  -23.128367
    3793  -23.101724
    3794  -23.101724
    3795  -23.073843
    3796  -23.073843
    3797  -23.045396
    3798  -23.045396
    3799  -23.016725
    3800  -23.016725
    3801  -22.987651
    3802  -22.987651
    3803  -22.957950
    3804  -22.957950
    3805  -22.927506
    3806  -22.927506
    3807  -22.896087
    3808  -22.896087
    3809  -22.863408
    3810  -22.863408
    3811  -22.829130
    3812  -22.829130
    3813  -22.793087
    3814  -22.793087
    3815  -22.755426
    3816  -22.755426
    3817  -22.716255
    3818  -22.716255
    3819  -22.675616
    3820  -22.675616
    3821  -22.633463
    3822  -22.633463
    3823  -22.589940
    3824  -22.589940
    3825  -22.545291
    3826  -22.545291
    3827  -22.499507
    3828  -22.499507
    3829  -22.452465
    3830  -22.452465
    3831  -22.404086
    3832  -22.404086
    3833  -22.354339
    3834  -22.354339
    3835  -22.303195
    3836  -22.303195
    3837  -22.250410
    3838  -22.250410
    3839  -22.195473
    3840  -22.195473
    3841  -22.138426
    3842  -22.138426
    3843  -22.079530
    3844  -22.079530
    3845  -22.018423
    3846  -22.018423
    3847  -21.955041
    3848  -21.955041
    3849  -21.889588
    3850  -21.889588
    3851  -21.822463
    3852  -21.822463
    3853  -21.754302
    3854  -21.754302
    3855  -21.684386
    3856  -21.684386
    3857  -21.611315
    3858  -21.611315
    3859  -21.534781
    3860  -21.534781
    3861  -21.454701
    3862  -21.454701
    3863  -21.371301
    3864  -21.371301
    3865  -21.284791
    3866  -21.284791
    3867  -21.194825
    3868  -21.194825
    3869  -21.101386
    3870  -21.101386
    3871  -21.004275
    3872  -21.004275
    3873  -20.902917
    3874  -20.902917
    3875  -20.796881
    3876  -20.796881
    3877  -20.686015
    3878  -20.686015
    3879  -20.569911
    3880  -20.569911
    3881  -20.460848
    3882  -20.460848
    3883  -20.385515
    3884  -20.385515
    3885  -20.347333
    3886  -20.347333
    3887  -20.327664
    3888  -20.327664
    3889  -20.310653
    3890  -20.310653
    3891  -20.284790
    3892  -20.284790
    3893  -20.249559
    3894  -20.249559
    3895  -20.207833
    3896  -20.207833
    3897  -20.158619
    3898  -20.158619
    3899  -20.101237
    3900  -20.101237
    3901  -20.035355
    3902  -20.035355
    3903  -19.960723
    3904  -19.960723
    3905  -19.877020
    3906  -19.877020
    3907  -19.783946
    3908  -19.783946
    3909  -19.680733
    3910  -19.680733
    3911  -19.566491
    3912  -19.566491
    3913  -19.440491
    3914  -19.440491
    3915  -19.302063
    3916  -19.302063
    3917  -19.150822
    3918  -19.150822
    3919  -18.986232
    3920  -18.986232
    3921  -18.806210
    3922  -18.806210
    3923  -18.608477
    3924  -18.608477
    3925  -18.391732
    3926  -18.391732
    3927  -18.155539
    3928  -18.155539
    3929  -17.898219
    3930  -17.898219
    3931  -17.616116
    3932  -17.616116
    3933  -17.306351
    3934  -17.306351
    3935  -16.965235
    3936  -16.965235
    3937  -16.586063
    3938  -16.586063
    3939  -16.162880
    3940  -16.162880
    3941  -15.689081
    3942  -15.689081
    3943  -15.156351
    3944  -15.156351
    3945  -14.552782
    3946  -14.552782
    3947  -13.861666
    3948  -13.861666
    3949  -13.059206
    3950  -13.059206
    3951  -12.116981
    3952  -12.116981
    3953  -11.000013
    3954  -11.000013
    3955   -9.673686
    3956   -9.673686
    3957   -8.196231
    3958   -8.196231
    3959   -6.961254
    3960   -6.961254
