       1   -0.038322
       2   -0.038322
       3   -0.038025
       4   -0.038025
       5   -0.037661
       6   -0.037661
       7   -0.037576
       8   -0.037576
       9   -0.037643
      10   -0.037643
      11   -0.037665
      12   -0.037665
      13   -0.037655
      14   -0.037655
      15   -0.037640
      16   -0.037640
      17   -0.037628
      18   -0.037628
      19   -0.037611
      20   -0.037611
      21   -0.037590
      22   -0.037590
      23   -0.037564
      24   -0.037564
      25   -0.037531
      26   -0.037531
      27   -0.037493
      28   -0.037493
      29   -0.037449
      30   -0.037449
      31   -0.037399
      32   -0.037399
      33   -0.037345
      34   -0.037345
      35   -0.037288
      36   -0.037288
      37   -0.037227
      38   -0.037227
      39   -0.037163
      40   -0.037163
      41   -0.037098
      42   -0.037098
      43   -0.037034
      44   -0.037034
      45   -0.036969
      46   -0.036969
      47   -0.036901
      48   -0.036901
      49   -0.036830
      50   -0.036830
      51   -0.036757
      52   -0.036757
      53   -0.036678
      54   -0.036678
      55   -0.036595
      56   -0.036595
      57   -0.036510
      58   -0.036510
      59   -0.036422
      60   -0.036422
      61   -0.036331
      62   -0.036331
      63   -0.036237
      64   -0.036237
      65   -0.036141
      66   -0.036141
      67   -0.036044
      68   -0.036044
      69   -0.035946
      70   -0.035946
      71   -0.035845
      72   -0.035845
      73   -0.035737
      74   -0.035737
      75   -0.035613
      76   -0.035613
      77   -0.035479
      78   -0.035479
      79   -0.035340
      80   -0.035340
      81   -0.035199
      82   -0.035199
      83   -0.035057
      84   -0.035057
      85   -0.034909
      86   -0.034909
      87   -0.034747
      88   -0.034747
      89   -0.034582
      90   -0.034582
      91   -0.034406
      92   -0.034406
      93   -0.034210
      94   -0.034210
      95   -0.034013
      96   -0.034013
      97   -0.033807
      98   -0.033807
      99   -0.033569
     100   -0.033569
     101   -0.033316
     102   -0.033316
     103   -0.033053
     104   -0.033053
     105   -0.032755
     106   -0.032755
     107   -0.032407
     108   -0.032407
     109   -0.032002
     110   -0.032002
     111   -0.031521
     112   -0.031521
     113   -0.030964
     114   -0.030964
     115   -0.030329
     116   -0.030329
     117   -0.029622
     118   -0.029622
     119   -0.029107
     120   -0.029107
     121   -0.029014
     122   -0.029014
     123   -0.029161
     124   -0.029161
     125   -0.029339
     126   -0.029339
     127   -0.029478
     128   -0.029478
     129   -0.029557
     130   -0.029557
     131   -0.029567
     132   -0.029567
     133   -0.029528
     134   -0.029528
     135   -0.029462
     136   -0.029462
     137   -0.029363
     138   -0.029363
     139   -0.029242
     140   -0.029242
     141   -0.029102
     142   -0.029102
     143   -0.028940
     144   -0.028940
     145   -0.028765
     146   -0.028765
     147   -0.028566
     148   -0.028566
     149   -0.028293
     150   -0.028293
     151   -0.027968
     152   -0.027968
     153   -0.027646
     154   -0.027646
     155   -0.027305
     156   -0.027305
     157   -0.026920
     158   -0.026920
     159   -0.026485
     160   -0.026485
     161   -0.026013
     162   -0.026013
     163   -0.025522
     164   -0.025522
     165   -0.024934
     166   -0.024934
     167   -0.024193
     168   -0.024193
     169   -0.023350
     170   -0.023350
     171   -0.022431
     172   -0.022431
     173   -0.021379
     174   -0.021379
     175   -0.020128
     176   -0.020128
     177   -0.018672
     178   -0.018672
     179   -0.016980
     180   -0.016980
     181   -0.014898
     182   -0.014898
     183   -0.012418
     184   -0.012418
     185   -0.009570
     186   -0.009570
     187   -0.006452
     188   -0.006452
     189   -0.002673
     190   -0.002673
     191    0.002220
     192    0.002220
     193    0.010314
     194    0.010314
     195    0.023844
     196    0.023844
     197    0.036612
     198    0.036612
     199   -0.109202
     200   -0.109202
     201   -0.108648
     202   -0.108648
     203   -0.108040
     204   -0.108040
     205   -0.107965
     206   -0.107965
     207   -0.108103
     208   -0.108103
     209   -0.108131
     210   -0.108131
     211   -0.108102
     212   -0.108102
     213   -0.108064
     214   -0.108064
     215   -0.108029
     216   -0.108029
     217   -0.107980
     218   -0.107980
     219   -0.107917
     220   -0.107917
     221   -0.107844
     222   -0.107844
     223   -0.107753
     224   -0.107753
     225   -0.107647
     226   -0.107647
     227   -0.107526
     228   -0.107526
     229   -0.107387
     230   -0.107387
     231   -0.107236
     232   -0.107236
     233   -0.107075
     234   -0.107075
     235   -0.106903
     236   -0.106903
     237   -0.106724
     238   -0.106724
     239   -0.106539
     240   -0.106539
     241   -0.106356
     242   -0.106356
     243   -0.106170
     244   -0.106170
     245   -0.105976
     246   -0.105976
     247   -0.105778
     248   -0.105778
     249   -0.105572
     250   -0.105572
     251   -0.105350
     252   -0.105350
     253   -0.105118
     254   -0.105118
     255   -0.104878
     256   -0.104878
     257   -0.104632
     258   -0.104632
     259   -0.104376
     260   -0.104376
     261   -0.104113
     262   -0.104113
     263   -0.103844
     264   -0.103844
     265   -0.103571
     266   -0.103571
     267   -0.103296
     268   -0.103296
     269   -0.103017
     270   -0.103017
     271   -0.102716
     272   -0.102716
     273   -0.102371
     274   -0.102371
     275   -0.101993
     276   -0.101993
     277   -0.101603
     278   -0.101603
     279   -0.101202
     280   -0.101202
     281   -0.100798
     282   -0.100798
     283   -0.100382
     284   -0.100382
     285   -0.099934
     286   -0.099934
     287   -0.099477
     288   -0.099477
     289   -0.098991
     290   -0.098991
     291   -0.098455
     292   -0.098455
     293   -0.097902
     294   -0.097902
     295   -0.097312
     296   -0.097312
     297   -0.096647
     298   -0.096647
     299   -0.095949
     300   -0.095949
     301   -0.095219
     302   -0.095219
     303   -0.094392
     304   -0.094392
     305   -0.093428
     306   -0.093428
     307   -0.092307
     308   -0.092307
     309   -0.090992
     310   -0.090992
     311   -0.089482
     312   -0.089482
     313   -0.087756
     314   -0.087756
     315   -0.085837
     316   -0.085837
     317   -0.084447
     318   -0.084447
     319   -0.084186
     320   -0.084186
     321   -0.084583
     322   -0.084583
     323   -0.085084
     324   -0.085084
     325   -0.085485
     326   -0.085485
     327   -0.085713
     328   -0.085713
     329   -0.085760
     330   -0.085760
     331   -0.085685
     332   -0.085685
     333   -0.085537
     334   -0.085537
     335   -0.085294
     336   -0.085294
     337   -0.084983
     338   -0.084983
     339   -0.084612
     340   -0.084612
     341   -0.084177
     342   -0.084177
     343   -0.083693
     344   -0.083693
     345   -0.083137
     346   -0.083137
     347   -0.082395
     348   -0.082395
     349   -0.081528
     350   -0.081528
     351   -0.080663
     352   -0.080663
     353   -0.079734
     354   -0.079734
     355   -0.078671
     356   -0.078671
     357   -0.077464
     358   -0.077464
     359   -0.076150
     360   -0.076150
     361   -0.074774
     362   -0.074774
     363   -0.073152
     364   -0.073152
     365   -0.071168
     366   -0.071168
     367   -0.068923
     368   -0.068923
     369   -0.066469
     370   -0.066469
     371   -0.063658
     372   -0.063658
     373   -0.060300
     374   -0.060300
     375   -0.056407
     376   -0.056407
     377   -0.051894
     378   -0.051894
     379   -0.046388
     380   -0.046388
     381   -0.039934
     382   -0.039934
     383   -0.032670
     384   -0.032670
     385   -0.024972
     386   -0.024972
     387   -0.016046
     388   -0.016046
     389   -0.004532
     390   -0.004532
     391    0.013733
     392    0.013733
     393    0.042110
     394    0.042110
     395    0.067765
     396    0.067765
     397   -0.170603
     398   -0.170603
     399   -0.170166
     400   -0.170166
     401   -0.169809
     402   -0.169809
     403   -0.169919
     404   -0.169919
     405   -0.170089
     406   -0.170089
     407   -0.170108
     408   -0.170108
     409   -0.170075
     410   -0.170075
     411   -0.170024
     412   -0.170024
     413   -0.169968
     414   -0.169968
     415   -0.169888
     416   -0.169888
     417   -0.169785
     418   -0.169785
     419   -0.169665
     420   -0.169665
     421   -0.169525
     422   -0.169525
     423   -0.169364
     424   -0.169364
     425   -0.169182
     426   -0.169182
     427   -0.168975
     428   -0.168975
     429   -0.168746
     430   -0.168746
     431   -0.168498
     432   -0.168498
     433   -0.168235
     434   -0.168235
     435   -0.167958
     436   -0.167958
     437   -0.167674
     438   -0.167674
     439   -0.167385
     440   -0.167385
     441   -0.167093
     442   -0.167093
     443   -0.166795
     444   -0.166795
     445   -0.166492
     446   -0.166492
     447   -0.166175
     448   -0.166175
     449   -0.165835
     450   -0.165835
     451   -0.165479
     452   -0.165479
     453   -0.165113
     454   -0.165113
     455   -0.164736
     456   -0.164736
     457   -0.164346
     458   -0.164346
     459   -0.163944
     460   -0.163944
     461   -0.163533
     462   -0.163533
     463   -0.163117
     464   -0.163117
     465   -0.162700
     466   -0.162700
     467   -0.162282
     468   -0.162282
     469   -0.161834
     470   -0.161834
     471   -0.161312
     472   -0.161312
     473   -0.160733
     474   -0.160733
     475   -0.160129
     476   -0.160129
     477   -0.159511
     478   -0.159511
     479   -0.158889
     480   -0.158889
     481   -0.158254
     482   -0.158254
     483   -0.157584
     484   -0.157584
     485   -0.156896
     486   -0.156896
     487   -0.156171
     488   -0.156171
     489   -0.155376
     490   -0.155376
     491   -0.154529
     492   -0.154529
     493   -0.153616
     494   -0.153616
     495   -0.152617
     496   -0.152617
     497   -0.151569
     498   -0.151569
     499   -0.150452
     500   -0.150452
     501   -0.149185
     502   -0.149185
     503   -0.147718
     504   -0.147718
     505   -0.146039
     506   -0.146039
     507   -0.144122
     508   -0.144122
     509   -0.141958
     510   -0.141958
     511   -0.139502
     512   -0.139502
     513   -0.136857
     514   -0.136857
     515   -0.134924
     516   -0.134924
     517   -0.134462
     518   -0.134462
     519   -0.134972
     520   -0.134972
     521   -0.135701
     522   -0.135701
     523   -0.136298
     524   -0.136298
     525   -0.136641
     526   -0.136641
     527   -0.136723
     528   -0.136723
     529   -0.136639
     530   -0.136639
     531   -0.136442
     532   -0.136442
     533   -0.136112
     534   -0.136112
     535   -0.135668
     536   -0.135668
     537   -0.135122
     538   -0.135122
     539   -0.134474
     540   -0.134474
     541   -0.133725
     542   -0.133725
     543   -0.132844
     544   -0.132844
     545   -0.131745
     546   -0.131745
     547   -0.130501
     548   -0.130501
     549   -0.129219
     550   -0.129219
     551   -0.127807
     552   -0.127807
     553   -0.126185
     554   -0.126185
     555   -0.124330
     556   -0.124330
     557   -0.122293
     558   -0.122293
     559   -0.120123
     560   -0.120123
     561   -0.117664
     562   -0.117664
     563   -0.114806
     564   -0.114806
     565   -0.111575
     566   -0.111575
     567   -0.108030
     568   -0.108030
     569   -0.103971
     570   -0.103971
     571   -0.099129
     572   -0.099129
     573   -0.093554
     574   -0.093554
     575   -0.087101
     576   -0.087101
     577   -0.079433
     578   -0.079433
     579   -0.070707
     580   -0.070707
     581   -0.061316
     582   -0.061316
     583   -0.051880
     584   -0.051880
     585   -0.041437
     586   -0.041437
     587   -0.026674
     588   -0.026674
     589   -0.004940
     590   -0.004940
     591    0.021579
     592    0.021579
     593    0.042828
     594    0.042828
     595   -0.227895
     596   -0.227895
     597   -0.227456
     598   -0.227456
     599   -0.227130
     600   -0.227130
     601   -0.227286
     602   -0.227286
     603   -0.227500
     604   -0.227500
     605   -0.227554
     606   -0.227554
     607   -0.227538
     608   -0.227538
     609   -0.227480
     610   -0.227480
     611   -0.227399
     612   -0.227399
     613   -0.227286
     614   -0.227286
     615   -0.227141
     616   -0.227141
     617   -0.226970
     618   -0.226970
     619   -0.226776
     620   -0.226776
     621   -0.226557
     622   -0.226557
     623   -0.226314
     624   -0.226314
     625   -0.226046
     626   -0.226046
     627   -0.225748
     628   -0.225748
     629   -0.225424
     630   -0.225424
     631   -0.225079
     632   -0.225079
     633   -0.224716
     634   -0.224716
     635   -0.224341
     636   -0.224341
     637   -0.223957
     638   -0.223957
     639   -0.223569
     640   -0.223569
     641   -0.223177
     642   -0.223177
     643   -0.222776
     644   -0.222776
     645   -0.222357
     646   -0.222357
     647   -0.221913
     648   -0.221913
     649   -0.221450
     650   -0.221450
     651   -0.220972
     652   -0.220972
     653   -0.220479
     654   -0.220479
     655   -0.219970
     656   -0.219970
     657   -0.219446
     658   -0.219446
     659   -0.218911
     660   -0.218911
     661   -0.218368
     662   -0.218368
     663   -0.217822
     664   -0.217822
     665   -0.217279
     666   -0.217279
     667   -0.216705
     668   -0.216705
     669   -0.216038
     670   -0.216038
     671   -0.215288
     672   -0.215288
     673   -0.214501
     674   -0.214501
     675   -0.213702
     676   -0.213702
     677   -0.212900
     678   -0.212900
     679   -0.212076
     680   -0.212076
     681   -0.211219
     682   -0.211219
     683   -0.210331
     684   -0.210331
     685   -0.209392
     686   -0.209392
     687   -0.208376
     688   -0.208376
     689   -0.207276
     690   -0.207276
     691   -0.206093
     692   -0.206093
     693   -0.204823
     694   -0.204823
     695   -0.203463
     696   -0.203463
     697   -0.201971
     698   -0.201971
     699   -0.200278
     700   -0.200278
     701   -0.198364
     702   -0.198364
     703   -0.196238
     704   -0.196238
     705   -0.193883
     706   -0.193883
     707   -0.191264
     708   -0.191264
     709   -0.188377
     710   -0.188377
     711   -0.185448
     712   -0.185448
     713   -0.183262
     714   -0.183262
     715   -0.182554
     716   -0.182554
     717   -0.183007
     718   -0.183007
     719   -0.183801
     720   -0.183801
     721   -0.184484
     722   -0.184484
     723   -0.184885
     724   -0.184885
     725   -0.184984
     726   -0.184984
     727   -0.184872
     728   -0.184872
     729   -0.184594
     730   -0.184594
     731   -0.184147
     732   -0.184147
     733   -0.183546
     734   -0.183546
     735   -0.182811
     736   -0.182811
     737   -0.181944
     738   -0.181944
     739   -0.180919
     740   -0.180919
     741   -0.179705
     742   -0.179705
     743   -0.178285
     744   -0.178285
     745   -0.176708
     746   -0.176708
     747   -0.174996
     748   -0.174996
     749   -0.173069
     750   -0.173069
     751   -0.170876
     752   -0.170876
     753   -0.168391
     754   -0.168391
     755   -0.165646
     756   -0.165646
     757   -0.162673
     758   -0.162673
     759   -0.159425
     760   -0.159425
     761   -0.155809
     762   -0.155809
     763   -0.151725
     764   -0.151725
     765   -0.147242
     766   -0.147242
     767   -0.142139
     768   -0.142139
     769   -0.136153
     770   -0.136153
     771   -0.129352
     772   -0.129352
     773   -0.121559
     774   -0.121559
     775   -0.112658
     776   -0.112658
     777   -0.102863
     778   -0.102863
     779   -0.093015
     780   -0.093015
     781   -0.083717
     782   -0.083717
     783   -0.073426
     784   -0.073426
     785   -0.056643
     786   -0.056643
     787   -0.033323
     788   -0.033323
     789   -0.012227
     790   -0.012227
     791    0.002237
     792    0.002237
     793   -0.286632
     794   -0.286632
     795   -0.285984
     796   -0.285984
     797   -0.285374
     798   -0.285374
     799   -0.285466
     800   -0.285466
     801   -0.285795
     802   -0.285795
     803   -0.285941
     804   -0.285941
     805   -0.285948
     806   -0.285948
     807   -0.285868
     808   -0.285868
     809   -0.285743
     810   -0.285743
     811   -0.285579
     812   -0.285579
     813   -0.285383
     814   -0.285383
     815   -0.285154
     816   -0.285154
     817   -0.284895
     818   -0.284895
     819   -0.284607
     820   -0.284607
     821   -0.284294
     822   -0.284294
     823   -0.283957
     824   -0.283957
     825   -0.283592
     826   -0.283592
     827   -0.283196
     828   -0.283196
     829   -0.282772
     830   -0.282772
     831   -0.282323
     832   -0.282323
     833   -0.281857
     834   -0.281857
     835   -0.281380
     836   -0.281380
     837   -0.280899
     838   -0.280899
     839   -0.280413
     840   -0.280413
     841   -0.279911
     842   -0.279911
     843   -0.279392
     844   -0.279392
     845   -0.278849
     846   -0.278849
     847   -0.278284
     848   -0.278284
     849   -0.277698
     850   -0.277698
     851   -0.277093
     852   -0.277093
     853   -0.276468
     854   -0.276468
     855   -0.275824
     856   -0.275824
     857   -0.275164
     858   -0.275164
     859   -0.274493
     860   -0.274493
     861   -0.273816
     862   -0.273816
     863   -0.273133
     864   -0.273133
     865   -0.272414
     866   -0.272414
     867   -0.271610
     868   -0.271610
     869   -0.270720
     870   -0.270720
     871   -0.269782
     872   -0.269782
     873   -0.268830
     874   -0.268830
     875   -0.267860
     876   -0.267860
     877   -0.266859
     878   -0.266859
     879   -0.265820
     880   -0.265820
     881   -0.264731
     882   -0.264731
     883   -0.263574
     884   -0.263574
     885   -0.262335
     886   -0.262335
     887   -0.261000
     888   -0.261000
     889   -0.259577
     890   -0.259577
     891   -0.258049
     892   -0.258049
     893   -0.256381
     894   -0.256381
     895   -0.254522
     896   -0.254522
     897   -0.252445
     898   -0.252445
     899   -0.250168
     900   -0.250168
     901   -0.247694
     902   -0.247694
     903   -0.244993
     904   -0.244993
     905   -0.242023
     906   -0.242023
     907   -0.238845
     908   -0.238845
     909   -0.235760
     910   -0.235760
     911   -0.233424
     912   -0.233424
     913   -0.232496
     914   -0.232496
     915   -0.232767
     916   -0.232767
     917   -0.233448
     918   -0.233448
     919   -0.234084
     920   -0.234084
     921   -0.234489
     922   -0.234489
     923   -0.234593
     924   -0.234593
     925   -0.234449
     926   -0.234449
     927   -0.234071
     928   -0.234071
     929   -0.233466
     930   -0.233466
     931   -0.232688
     932   -0.232688
     933   -0.231757
     934   -0.231757
     935   -0.230654
     936   -0.230654
     937   -0.229357
     938   -0.229357
     939   -0.227835
     940   -0.227835
     941   -0.226100
     942   -0.226100
     943   -0.224173
     944   -0.224173
     945   -0.222013
     946   -0.222013
     947   -0.219547
     948   -0.219547
     949   -0.216769
     950   -0.216769
     951   -0.213688
     952   -0.213688
     953   -0.210290
     954   -0.210290
     955   -0.206564
     956   -0.206564
     957   -0.202529
     958   -0.202529
     959   -0.198100
     960   -0.198100
     961   -0.193142
     962   -0.193142
     963   -0.187714
     964   -0.187714
     965   -0.181641
     966   -0.181641
     967   -0.174716
     968   -0.174716
     969   -0.166944
     970   -0.166944
     971   -0.158176
     972   -0.158176
     973   -0.148380
     974   -0.148380
     975   -0.137635
     976   -0.137635
     977   -0.127783
     978   -0.127783
     979   -0.118923
     980   -0.118923
     981   -0.107721
     982   -0.107721
     983   -0.090038
     984   -0.090038
     985   -0.067527
     986   -0.067527
     987   -0.048579
     988   -0.048579
     989   -0.035659
     990   -0.035659
     991   -0.350939
     992   -0.350939
     993   -0.350279
     994   -0.350279
     995   -0.349642
     996   -0.349642
     997   -0.349694
     998   -0.349694
     999   -0.349940
    1000   -0.349940
    1001   -0.349973
    1002   -0.349973
    1003   -0.349882
    1004   -0.349882
    1005   -0.349718
    1006   -0.349718
    1007   -0.349513
    1008   -0.349513
    1009   -0.349276
    1010   -0.349276
    1011   -0.349012
    1012   -0.349012
    1013   -0.348715
    1014   -0.348715
    1015   -0.348384
    1016   -0.348384
    1017   -0.348020
    1018   -0.348020
    1019   -0.347628
    1020   -0.347628
    1021   -0.347210
    1022   -0.347210
    1023   -0.346766
    1024   -0.346766
    1025   -0.346292
    1026   -0.346292
    1027   -0.345782
    1028   -0.345782
    1029   -0.345241
    1030   -0.345241
    1031   -0.344681
    1032   -0.344681
    1033   -0.344110
    1034   -0.344110
    1035   -0.343536
    1036   -0.343536
    1037   -0.342952
    1038   -0.342952
    1039   -0.342353
    1040   -0.342353
    1041   -0.341735
    1042   -0.341735
    1043   -0.341094
    1044   -0.341094
    1045   -0.340425
    1046   -0.340425
    1047   -0.339729
    1048   -0.339729
    1049   -0.339008
    1050   -0.339008
    1051   -0.338262
    1052   -0.338262
    1053   -0.337489
    1054   -0.337489
    1055   -0.336697
    1056   -0.336697
    1057   -0.335891
    1058   -0.335891
    1059   -0.335072
    1060   -0.335072
    1061   -0.334235
    1062   -0.334235
    1063   -0.333356
    1064   -0.333356
    1065   -0.332409
    1066   -0.332409
    1067   -0.331390
    1068   -0.331390
    1069   -0.330322
    1070   -0.330322
    1071   -0.329218
    1072   -0.329218
    1073   -0.328073
    1074   -0.328073
    1075   -0.326886
    1076   -0.326886
    1077   -0.325654
    1078   -0.325654
    1079   -0.324351
    1080   -0.324351
    1081   -0.322968
    1082   -0.322968
    1083   -0.321503
    1084   -0.321503
    1085   -0.319942
    1086   -0.319942
    1087   -0.318279
    1088   -0.318279
    1089   -0.316492
    1090   -0.316492
    1091   -0.314539
    1092   -0.314539
    1093   -0.312389
    1094   -0.312389
    1095   -0.310051
    1096   -0.310051
    1097   -0.307527
    1098   -0.307527
    1099   -0.304787
    1100   -0.304787
    1101   -0.301793
    1102   -0.301793
    1103   -0.298523
    1104   -0.298523
    1105   -0.295080
    1106   -0.295080
    1107   -0.291748
    1108   -0.291748
    1109   -0.289118
    1110   -0.289118
    1111   -0.287840
    1112   -0.287840
    1113   -0.287802
    1114   -0.287802
    1115   -0.288268
    1116   -0.288268
    1117   -0.288745
    1118   -0.288745
    1119   -0.289036
    1120   -0.289036
    1121   -0.289050
    1122   -0.289050
    1123   -0.288822
    1124   -0.288822
    1125   -0.288370
    1126   -0.288370
    1127   -0.287684
    1128   -0.287684
    1129   -0.286799
    1130   -0.286799
    1131   -0.285708
    1132   -0.285708
    1133   -0.284391
    1134   -0.284391
    1135   -0.282864
    1136   -0.282864
    1137   -0.281108
    1138   -0.281108
    1139   -0.279115
    1140   -0.279115
    1141   -0.276878
    1142   -0.276878
    1143   -0.274343
    1144   -0.274343
    1145   -0.271448
    1146   -0.271448
    1147   -0.268202
    1148   -0.268202
    1149   -0.264632
    1150   -0.264632
    1151   -0.260672
    1152   -0.260672
    1153   -0.256284
    1154   -0.256284
    1155   -0.251495
    1156   -0.251495
    1157   -0.246218
    1158   -0.246218
    1159   -0.240367
    1160   -0.240367
    1161   -0.233987
    1162   -0.233987
    1163   -0.226984
    1164   -0.226984
    1165   -0.219188
    1166   -0.219188
    1167   -0.210499
    1168   -0.210499
    1169   -0.200763
    1170   -0.200763
    1171   -0.189814
    1172   -0.189814
    1173   -0.177457
    1174   -0.177457
    1175   -0.166462
    1176   -0.166462
    1177   -0.156401
    1178   -0.156401
    1179   -0.142034
    1180   -0.142034
    1181   -0.123081
    1182   -0.123081
    1183   -0.101791
    1184   -0.101791
    1185   -0.081277
    1186   -0.081277
    1187   -0.065808
    1188   -0.065808
    1189   -0.424340
    1190   -0.424340
    1191   -0.423940
    1192   -0.423940
    1193   -0.423578
    1194   -0.423578
    1195   -0.423481
    1196   -0.423481
    1197   -0.423302
    1198   -0.423302
    1199   -0.422988
    1200   -0.422988
    1201   -0.422684
    1202   -0.422684
    1203   -0.422369
    1204   -0.422369
    1205   -0.422038
    1206   -0.422038
    1207   -0.421694
    1208   -0.421694
    1209   -0.421337
    1210   -0.421337
    1211   -0.420953
    1212   -0.420953
    1213   -0.420533
    1214   -0.420533
    1215   -0.420081
    1216   -0.420081
    1217   -0.419597
    1218   -0.419597
    1219   -0.419083
    1220   -0.419083
    1221   -0.418542
    1222   -0.418542
    1223   -0.417968
    1224   -0.417968
    1225   -0.417356
    1226   -0.417356
    1227   -0.416708
    1228   -0.416708
    1229   -0.416037
    1230   -0.416037
    1231   -0.415366
    1232   -0.415366
    1233   -0.414700
    1234   -0.414700
    1235   -0.414020
    1236   -0.414020
    1237   -0.413320
    1238   -0.413320
    1239   -0.412602
    1240   -0.412602
    1241   -0.411857
    1242   -0.411857
    1243   -0.411080
    1244   -0.411080
    1245   -0.410268
    1246   -0.410268
    1247   -0.409423
    1248   -0.409423
    1249   -0.408542
    1250   -0.408542
    1251   -0.407625
    1252   -0.407625
    1253   -0.406682
    1254   -0.406682
    1255   -0.405730
    1256   -0.405730
    1257   -0.404768
    1258   -0.404768
    1259   -0.403777
    1260   -0.403777
    1261   -0.402741
    1262   -0.402741
    1263   -0.401651
    1264   -0.401651
    1265   -0.400503
    1266   -0.400503
    1267   -0.399292
    1268   -0.399292
    1269   -0.398017
    1270   -0.398017
    1271   -0.396683
    1272   -0.396683
    1273   -0.395297
    1274   -0.395297
    1275   -0.393852
    1276   -0.393852
    1277   -0.392327
    1278   -0.392327
    1279   -0.390717
    1280   -0.390717
    1281   -0.389029
    1282   -0.389029
    1283   -0.387245
    1284   -0.387245
    1285   -0.385346
    1286   -0.385346
    1287   -0.383314
    1288   -0.383314
    1289   -0.381122
    1290   -0.381122
    1291   -0.378762
    1292   -0.378762
    1293   -0.376238
    1294   -0.376238
    1295   -0.373514
    1296   -0.373514
    1297   -0.370543
    1298   -0.370543
    1299   -0.367287
    1300   -0.367287
    1301   -0.363755
    1302   -0.363755
    1303   -0.360069
    1304   -0.360069
    1305   -0.356448
    1306   -0.356448
    1307   -0.353382
    1308   -0.353382
    1309   -0.351604
    1310   -0.351604
    1311   -0.351212
    1312   -0.351212
    1313   -0.351473
    1314   -0.351473
    1315   -0.351745
    1316   -0.351745
    1317   -0.351809
    1318   -0.351809
    1319   -0.351615
    1320   -0.351615
    1321   -0.351209
    1322   -0.351209
    1323   -0.350663
    1324   -0.350663
    1325   -0.349939
    1326   -0.349939
    1327   -0.348966
    1328   -0.348966
    1329   -0.347716
    1330   -0.347716
    1331   -0.346201
    1332   -0.346201
    1333   -0.344458
    1334   -0.344458
    1335   -0.342505
    1336   -0.342505
    1337   -0.340302
    1338   -0.340302
    1339   -0.337791
    1340   -0.337791
    1341   -0.334924
    1342   -0.334924
    1343   -0.331694
    1344   -0.331694
    1345   -0.328079
    1346   -0.328079
    1347   -0.324050
    1348   -0.324050
    1349   -0.319556
    1350   -0.319556
    1351   -0.314545
    1352   -0.314545
    1353   -0.309012
    1354   -0.309012
    1355   -0.302890
    1356   -0.302890
    1357   -0.296165
    1358   -0.296165
    1359   -0.288844
    1360   -0.288844
    1361   -0.280855
    1362   -0.280855
    1363   -0.272066
    1364   -0.272066
    1365   -0.262308
    1366   -0.262308
    1367   -0.251379
    1368   -0.251379
    1369   -0.239238
    1370   -0.239238
    1371   -0.225312
    1372   -0.225312
    1373   -0.211181
    1374   -0.211181
    1375   -0.197123
    1376   -0.197123
    1377   -0.179307
    1378   -0.179307
    1379   -0.158525
    1380   -0.158525
    1381   -0.136126
    1382   -0.136126
    1383   -0.112298
    1384   -0.112298
    1385   -0.093371
    1386   -0.093371
    1387   -0.510441
    1388   -0.510441
    1389   -0.509956
    1390   -0.509956
    1391   -0.509293
    1392   -0.509293
    1393   -0.508653
    1394   -0.508653
    1395   -0.507965
    1396   -0.507965
    1397   -0.507274
    1398   -0.507274
    1399   -0.506661
    1400   -0.506661
    1401   -0.506084
    1402   -0.506084
    1403   -0.505529
    1404   -0.505529
    1405   -0.505007
    1406   -0.505007
    1407   -0.504507
    1408   -0.504507
    1409   -0.504000
    1410   -0.504000
    1411   -0.503467
    1412   -0.503467
    1413   -0.502908
    1414   -0.502908
    1415   -0.502320
    1416   -0.502320
    1417   -0.501696
    1418   -0.501696
    1419   -0.501038
    1420   -0.501038
    1421   -0.500344
    1422   -0.500344
    1423   -0.499613
    1424   -0.499613
    1425   -0.498841
    1426   -0.498841
    1427   -0.498041
    1428   -0.498041
    1429   -0.497251
    1430   -0.497251
    1431   -0.496477
    1432   -0.496477
    1433   -0.495688
    1434   -0.495688
    1435   -0.494875
    1436   -0.494875
    1437   -0.494043
    1438   -0.494043
    1439   -0.493184
    1440   -0.493184
    1441   -0.492287
    1442   -0.492287
    1443   -0.491348
    1444   -0.491348
    1445   -0.490367
    1446   -0.490367
    1447   -0.489340
    1448   -0.489340
    1449   -0.488264
    1450   -0.488264
    1451   -0.487154
    1452   -0.487154
    1453   -0.486042
    1454   -0.486042
    1455   -0.484925
    1456   -0.484925
    1457   -0.483775
    1458   -0.483775
    1459   -0.482580
    1460   -0.482580
    1461   -0.481341
    1462   -0.481341
    1463   -0.480049
    1464   -0.480049
    1465   -0.478677
    1466   -0.478677
    1467   -0.477220
    1468   -0.477220
    1469   -0.475696
    1470   -0.475696
    1471   -0.474106
    1472   -0.474106
    1473   -0.472445
    1474   -0.472445
    1475   -0.470700
    1476   -0.470700
    1477   -0.468866
    1478   -0.468866
    1479   -0.466947
    1480   -0.466947
    1481   -0.464931
    1482   -0.464931
    1483   -0.462788
    1484   -0.462788
    1485   -0.460508
    1486   -0.460508
    1487   -0.458082
    1488   -0.458082
    1489   -0.455498
    1490   -0.455498
    1491   -0.452748
    1492   -0.452748
    1493   -0.449799
    1494   -0.449799
    1495   -0.446611
    1496   -0.446611
    1497   -0.443159
    1498   -0.443159
    1499   -0.439476
    1500   -0.439476
    1501   -0.435664
    1502   -0.435664
    1503   -0.431905
    1504   -0.431905
    1505   -0.428657
    1506   -0.428657
    1507   -0.426710
    1508   -0.426710
    1509   -0.426215
    1510   -0.426215
    1511   -0.426394
    1512   -0.426394
    1513   -0.426557
    1514   -0.426557
    1515   -0.426492
    1516   -0.426492
    1517   -0.426152
    1518   -0.426152
    1519   -0.425548
    1520   -0.425548
    1521   -0.424780
    1522   -0.424780
    1523   -0.423824
    1524   -0.423824
    1525   -0.422604
    1526   -0.422604
    1527   -0.421122
    1528   -0.421122
    1529   -0.419384
    1530   -0.419384
    1531   -0.417404
    1532   -0.417404
    1533   -0.415214
    1534   -0.415214
    1535   -0.412757
    1536   -0.412757
    1537   -0.409947
    1538   -0.409947
    1539   -0.406742
    1540   -0.406742
    1541   -0.403155
    1542   -0.403155
    1543   -0.399131
    1544   -0.399131
    1545   -0.394595
    1546   -0.394595
    1547   -0.389545
    1548   -0.389545
    1549   -0.383896
    1550   -0.383896
    1551   -0.377609
    1552   -0.377609
    1553   -0.370698
    1554   -0.370698
    1555   -0.363171
    1556   -0.363171
    1557   -0.354912
    1558   -0.354912
    1559   -0.345840
    1560   -0.345840
    1561   -0.335869
    1562   -0.335869
    1563   -0.324738
    1564   -0.324738
    1565   -0.312223
    1566   -0.312223
    1567   -0.298784
    1568   -0.298784
    1569   -0.283555
    1570   -0.283555
    1571   -0.265365
    1572   -0.265365
    1573   -0.245809
    1574   -0.245809
    1575   -0.224726
    1576   -0.224726
    1577   -0.201155
    1578   -0.201155
    1579   -0.174704
    1580   -0.174704
    1581   -0.146004
    1582   -0.146004
    1583   -0.122991
    1584   -0.122991
    1585   -0.613925
    1586   -0.613925
    1587   -0.612890
    1588   -0.612890
    1589   -0.611321
    1590   -0.611321
    1591   -0.609849
    1592   -0.609849
    1593   -0.608561
    1594   -0.608561
    1595   -0.607386
    1596   -0.607386
    1597   -0.606315
    1598   -0.606315
    1599   -0.605337
    1600   -0.605337
    1601   -0.604459
    1602   -0.604459
    1603   -0.603677
    1604   -0.603677
    1605   -0.602959
    1606   -0.602959
    1607   -0.602271
    1608   -0.602271
    1609   -0.601591
    1610   -0.601591
    1611   -0.600905
    1612   -0.600905
    1613   -0.600196
    1614   -0.600196
    1615   -0.599445
    1616   -0.599445
    1617   -0.598650
    1618   -0.598650
    1619   -0.597822
    1620   -0.597822
    1621   -0.596962
    1622   -0.596962
    1623   -0.596059
    1624   -0.596059
    1625   -0.595123
    1626   -0.595123
    1627   -0.594189
    1628   -0.594189
    1629   -0.593265
    1630   -0.593265
    1631   -0.592330
    1632   -0.592330
    1633   -0.591379
    1634   -0.591379
    1635   -0.590417
    1636   -0.590417
    1637   -0.589432
    1638   -0.589432
    1639   -0.588406
    1640   -0.588406
    1641   -0.587327
    1642   -0.587327
    1643   -0.586194
    1644   -0.586194
    1645   -0.585006
    1646   -0.585006
    1647   -0.583764
    1648   -0.583764
    1649   -0.582483
    1650   -0.582483
    1651   -0.581186
    1652   -0.581186
    1653   -0.579875
    1654   -0.579875
    1655   -0.578536
    1656   -0.578536
    1657   -0.577160
    1658   -0.577160
    1659   -0.575743
    1660   -0.575743
    1661   -0.574271
    1662   -0.574271
    1663   -0.572720
    1664   -0.572720
    1665   -0.571082
    1666   -0.571082
    1667   -0.569368
    1668   -0.569368
    1669   -0.567578
    1670   -0.567578
    1671   -0.565706
    1672   -0.565706
    1673   -0.563745
    1674   -0.563745
    1675   -0.561684
    1676   -0.561684
    1677   -0.559511
    1678   -0.559511
    1679   -0.557221
    1680   -0.557221
    1681   -0.554794
    1682   -0.554794
    1683   -0.552222
    1684   -0.552222
    1685   -0.549505
    1686   -0.549505
    1687   -0.546631
    1688   -0.546631
    1689   -0.543586
    1690   -0.543586
    1691   -0.540360
    1692   -0.540360
    1693   -0.536932
    1694   -0.536932
    1695   -0.533303
    1696   -0.533303
    1697   -0.529514
    1698   -0.529514
    1699   -0.525626
    1700   -0.525626
    1701   -0.521824
    1702   -0.521824
    1703   -0.518648
    1704   -0.518648
    1705   -0.516858
    1706   -0.516858
    1707   -0.516446
    1708   -0.516446
    1709   -0.516602
    1710   -0.516602
    1711   -0.516724
    1712   -0.516724
    1713   -0.516637
    1714   -0.516637
    1715   -0.516263
    1716   -0.516263
    1717   -0.515549
    1718   -0.515549
    1719   -0.514561
    1720   -0.514561
    1721   -0.513316
    1722   -0.513316
    1723   -0.511825
    1724   -0.511825
    1725   -0.510110
    1726   -0.510110
    1727   -0.508152
    1728   -0.508152
    1729   -0.505941
    1730   -0.505941
    1731   -0.503480
    1732   -0.503480
    1733   -0.500713
    1734   -0.500713
    1735   -0.497582
    1736   -0.497582
    1737   -0.494045
    1738   -0.494045
    1739   -0.490060
    1740   -0.490060
    1741   -0.485596
    1742   -0.485596
    1743   -0.480600
    1744   -0.480600
    1745   -0.475034
    1746   -0.475034
    1747   -0.468780
    1748   -0.468780
    1749   -0.461799
    1750   -0.461799
    1751   -0.454162
    1752   -0.454162
    1753   -0.445840
    1754   -0.445840
    1755   -0.436623
    1756   -0.436623
    1757   -0.426369
    1758   -0.426369
    1759   -0.414955
    1760   -0.414955
    1761   -0.402116
    1762   -0.402116
    1763   -0.387683
    1764   -0.387683
    1765   -0.372199
    1766   -0.372199
    1767   -0.354805
    1768   -0.354805
    1769   -0.333212
    1770   -0.333212
    1771   -0.308841
    1772   -0.308841
    1773   -0.283039
    1774   -0.283039
    1775   -0.254115
    1776   -0.254115
    1777   -0.220870
    1778   -0.220870
    1779   -0.184830
    1780   -0.184830
    1781   -0.155790
    1782   -0.155790
    1783   -0.741333
    1784   -0.741333
    1785   -0.739794
    1786   -0.739794
    1787   -0.737530
    1788   -0.737530
    1789   -0.735452
    1790   -0.735452
    1791   -0.733620
    1792   -0.733620
    1793   -0.731953
    1794   -0.731953
    1795   -0.730416
    1796   -0.730416
    1797   -0.729016
    1798   -0.729016
    1799   -0.727787
    1800   -0.727787
    1801   -0.726701
    1802   -0.726701
    1803   -0.725709
    1804   -0.725709
    1805   -0.724776
    1806   -0.724776
    1807   -0.723889
    1808   -0.723889
    1809   -0.723024
    1810   -0.723024
    1811   -0.722151
    1812   -0.722151
    1813   -0.721241
    1814   -0.721241
    1815   -0.720284
    1816   -0.720284
    1817   -0.719299
    1818   -0.719299
    1819   -0.718292
    1820   -0.718292
    1821   -0.717243
    1822   -0.717243
    1823   -0.716155
    1824   -0.716155
    1825   -0.715049
    1826   -0.715049
    1827   -0.713935
    1828   -0.713935
    1829   -0.712818
    1830   -0.712818
    1831   -0.711701
    1832   -0.711701
    1833   -0.710585
    1834   -0.710585
    1835   -0.709454
    1836   -0.709454
    1837   -0.708277
    1838   -0.708277
    1839   -0.707040
    1840   -0.707040
    1841   -0.705738
    1842   -0.705738
    1843   -0.704375
    1844   -0.704375
    1845   -0.702958
    1846   -0.702958
    1847   -0.701491
    1848   -0.701491
    1849   -0.699982
    1850   -0.699982
    1851   -0.698439
    1852   -0.698439
    1853   -0.696871
    1854   -0.696871
    1855   -0.695274
    1856   -0.695274
    1857   -0.693634
    1858   -0.693634
    1859   -0.691938
    1860   -0.691938
    1861   -0.690176
    1862   -0.690176
    1863   -0.688330
    1864   -0.688330
    1865   -0.686400
    1866   -0.686400
    1867   -0.684393
    1868   -0.684393
    1869   -0.682300
    1870   -0.682300
    1871   -0.680102
    1872   -0.680102
    1873   -0.677778
    1874   -0.677778
    1875   -0.675303
    1876   -0.675303
    1877   -0.672681
    1878   -0.672681
    1879   -0.669920
    1880   -0.669920
    1881   -0.667005
    1882   -0.667005
    1883   -0.663946
    1884   -0.663946
    1885   -0.660730
    1886   -0.660730
    1887   -0.657334
    1888   -0.657334
    1889   -0.653769
    1890   -0.653769
    1891   -0.650024
    1892   -0.650024
    1893   -0.646108
    1894   -0.646108
    1895   -0.642043
    1896   -0.642043
    1897   -0.637872
    1898   -0.637872
    1899   -0.633803
    1900   -0.633803
    1901   -0.630430
    1902   -0.630430
    1903   -0.628497
    1904   -0.628497
    1905   -0.627924
    1906   -0.627924
    1907   -0.627902
    1908   -0.627902
    1909   -0.627871
    1910   -0.627871
    1911   -0.627686
    1912   -0.627686
    1913   -0.627284
    1914   -0.627284
    1915   -0.626572
    1916   -0.626572
    1917   -0.625533
    1918   -0.625533
    1919   -0.624196
    1920   -0.624196
    1921   -0.622597
    1922   -0.622597
    1923   -0.620724
    1924   -0.620724
    1925   -0.618557
    1926   -0.618557
    1927   -0.616099
    1928   -0.616099
    1929   -0.613321
    1930   -0.613321
    1931   -0.610170
    1932   -0.610170
    1933   -0.606621
    1934   -0.606621
    1935   -0.602650
    1936   -0.602650
    1937   -0.598190
    1938   -0.598190
    1939   -0.593264
    1940   -0.593264
    1941   -0.587840
    1942   -0.587840
    1943   -0.581792
    1944   -0.581792
    1945   -0.574995
    1946   -0.574995
    1947   -0.567370
    1948   -0.567370
    1949   -0.558945
    1950   -0.558945
    1951   -0.549689
    1952   -0.549689
    1953   -0.539390
    1954   -0.539390
    1955   -0.527776
    1956   -0.527776
    1957   -0.514610
    1958   -0.514610
    1959   -0.499744
    1960   -0.499744
    1961   -0.483062
    1962   -0.483062
    1963   -0.464624
    1964   -0.464624
    1965   -0.443878
    1966   -0.443878
    1967   -0.419206
    1968   -0.419206
    1969   -0.390413
    1970   -0.390413
    1971   -0.357932
    1972   -0.357932
    1973   -0.320809
    1974   -0.320809
    1975   -0.278236
    1976   -0.278236
    1977   -0.232442
    1978   -0.232442
    1979   -0.195447
    1980   -0.195447
    1981   -0.902504
    1982   -0.902504
    1983   -0.900568
    1984   -0.900568
    1985   -0.897798
    1986   -0.897798
    1987   -0.895321
    1988   -0.895321
    1989   -0.893087
    1990   -0.893087
    1991   -0.890990
    1992   -0.890990
    1993   -0.889038
    1994   -0.889038
    1995   -0.887253
    1996   -0.887253
    1997   -0.885657
    1998   -0.885657
    1999   -0.884220
    2000   -0.884220
    2001   -0.882901
    2002   -0.882901
    2003   -0.881674
    2004   -0.881674
    2005   -0.880525
    2006   -0.880525
    2007   -0.879420
    2008   -0.879420
    2009   -0.878325
    2010   -0.878325
    2011   -0.877211
    2012   -0.877211
    2013   -0.876064
    2014   -0.876064
    2015   -0.874891
    2016   -0.874891
    2017   -0.873693
    2018   -0.873693
    2019   -0.872456
    2020   -0.872456
    2021   -0.871178
    2022   -0.871178
    2023   -0.869871
    2024   -0.869871
    2025   -0.868547
    2026   -0.868547
    2027   -0.867227
    2028   -0.867227
    2029   -0.865917
    2030   -0.865917
    2031   -0.864608
    2032   -0.864608
    2033   -0.863284
    2034   -0.863284
    2035   -0.861918
    2036   -0.861918
    2037   -0.860494
    2038   -0.860494
    2039   -0.859007
    2040   -0.859007
    2041   -0.857457
    2042   -0.857457
    2043   -0.855840
    2044   -0.855840
    2045   -0.854157
    2046   -0.854157
    2047   -0.852412
    2048   -0.852412
    2049   -0.850614
    2050   -0.850614
    2051   -0.848776
    2052   -0.848776
    2053   -0.846905
    2054   -0.846905
    2055   -0.844991
    2056   -0.844991
    2057   -0.843023
    2058   -0.843023
    2059   -0.840991
    2060   -0.840991
    2061   -0.838881
    2062   -0.838881
    2063   -0.836691
    2064   -0.836691
    2065   -0.834438
    2066   -0.834438
    2067   -0.832111
    2068   -0.832111
    2069   -0.829652
    2070   -0.829652
    2071   -0.826984
    2072   -0.826984
    2073   -0.824099
    2074   -0.824099
    2075   -0.821069
    2076   -0.821069
    2077   -0.817919
    2078   -0.817919
    2079   -0.814623
    2080   -0.814623
    2081   -0.811182
    2082   -0.811182
    2083   -0.807586
    2084   -0.807586
    2085   -0.803817
    2086   -0.803817
    2087   -0.799892
    2088   -0.799892
    2089   -0.795808
    2090   -0.795808
    2091   -0.791542
    2092   -0.791542
    2093   -0.787083
    2094   -0.787083
    2095   -0.782488
    2096   -0.782488
    2097   -0.777997
    2098   -0.777997
    2099   -0.774262
    2100   -0.774262
    2101   -0.772049
    2102   -0.772049
    2103   -0.771252
    2104   -0.771252
    2105   -0.771087
    2106   -0.771087
    2107   -0.770999
    2108   -0.770999
    2109   -0.770790
    2110   -0.770790
    2111   -0.770396
    2112   -0.770396
    2113   -0.769722
    2114   -0.769722
    2115   -0.768671
    2116   -0.768671
    2117   -0.767255
    2118   -0.767255
    2119   -0.765508
    2120   -0.765508
    2121   -0.763404
    2122   -0.763404
    2123   -0.760954
    2124   -0.760954
    2125   -0.758147
    2126   -0.758147
    2127   -0.754925
    2128   -0.754925
    2129   -0.751245
    2130   -0.751245
    2131   -0.747088
    2132   -0.747088
    2133   -0.742466
    2134   -0.742466
    2135   -0.737355
    2136   -0.737355
    2137   -0.731767
    2138   -0.731767
    2139   -0.725642
    2140   -0.725642
    2141   -0.718844
    2142   -0.718844
    2143   -0.711269
    2144   -0.711269
    2145   -0.702755
    2146   -0.702755
    2147   -0.693260
    2148   -0.693260
    2149   -0.682735
    2150   -0.682735
    2151   -0.670936
    2152   -0.670936
    2153   -0.657569
    2154   -0.657569
    2155   -0.642351
    2156   -0.642351
    2157   -0.625086
    2158   -0.625086
    2159   -0.605496
    2160   -0.605496
    2161   -0.583239
    2162   -0.583239
    2163   -0.558356
    2164   -0.558356
    2165   -0.529833
    2166   -0.529833
    2167   -0.495742
    2168   -0.495742
    2169   -0.455410
    2170   -0.455410
    2171   -0.408292
    2172   -0.408292
    2173   -0.353979
    2174   -0.353979
    2175   -0.295774
    2176   -0.295774
    2177   -0.248755
    2178   -0.248755
    2179   -1.113473
    2180   -1.113473
    2181   -1.111384
    2182   -1.111384
    2183   -1.108319
    2184   -1.108319
    2185   -1.105545
    2186   -1.105545
    2187   -1.102994
    2188   -1.102994
    2189   -1.100525
    2190   -1.100525
    2191   -1.098239
    2192   -1.098239
    2193   -1.096149
    2194   -1.096149
    2195   -1.094211
    2196   -1.094211
    2197   -1.092405
    2198   -1.092405
    2199   -1.090722
    2200   -1.090722
    2201   -1.089166
    2202   -1.089166
    2203   -1.087721
    2204   -1.087721
    2205   -1.086336
    2206   -1.086336
    2207   -1.084971
    2208   -1.084971
    2209   -1.083606
    2210   -1.083606
    2211   -1.082232
    2212   -1.082232
    2213   -1.080830
    2214   -1.080830
    2215   -1.079388
    2216   -1.079388
    2217   -1.077907
    2218   -1.077907
    2219   -1.076390
    2220   -1.076390
    2221   -1.074843
    2222   -1.074843
    2223   -1.073284
    2224   -1.073284
    2225   -1.071731
    2226   -1.071731
    2227   -1.070183
    2228   -1.070183
    2229   -1.068625
    2230   -1.068625
    2231   -1.067046
    2232   -1.067046
    2233   -1.065433
    2234   -1.065433
    2235   -1.063771
    2236   -1.063771
    2237   -1.062053
    2238   -1.062053
    2239   -1.060267
    2240   -1.060267
    2241   -1.058398
    2242   -1.058398
    2243   -1.056444
    2244   -1.056444
    2245   -1.054414
    2246   -1.054414
    2247   -1.052312
    2248   -1.052312
    2249   -1.050146
    2250   -1.050146
    2251   -1.047926
    2252   -1.047926
    2253   -1.045661
    2254   -1.045661
    2255   -1.043341
    2256   -1.043341
    2257   -1.040950
    2258   -1.040950
    2259   -1.038484
    2260   -1.038484
    2261   -1.035952
    2262   -1.035952
    2263   -1.033373
    2264   -1.033373
    2265   -1.030749
    2266   -1.030749
    2267   -1.027969
    2268   -1.027969
    2269   -1.024853
    2270   -1.024853
    2271   -1.021437
    2272   -1.021437
    2273   -1.017895
    2274   -1.017895
    2275   -1.014268
    2276   -1.014268
    2277   -1.010510
    2278   -1.010510
    2279   -1.006602
    2280   -1.006602
    2281   -1.002559
    2282   -1.002559
    2283   -0.998371
    2284   -0.998371
    2285   -0.994026
    2286   -0.994026
    2287   -0.989525
    2288   -0.989525
    2289   -0.984823
    2290   -0.984823
    2291   -0.979918
    2292   -0.979918
    2293   -0.974911
    2294   -0.974911
    2295   -0.970072
    2296   -0.970072
    2297   -0.966190
    2298   -0.966190
    2299   -0.964047
    2300   -0.964047
    2301   -0.963386
    2302   -0.963386
    2303   -0.963437
    2304   -0.963437
    2305   -0.963658
    2306   -0.963658
    2307   -0.963708
    2308   -0.963708
    2309   -0.963460
    2310   -0.963460
    2311   -0.962870
    2312   -0.962870
    2313   -0.961798
    2314   -0.961798
    2315   -0.960225
    2316   -0.960225
    2317   -0.958231
    2318   -0.958231
    2319   -0.955844
    2320   -0.955844
    2321   -0.953054
    2322   -0.953054
    2323   -0.949765
    2324   -0.949765
    2325   -0.945930
    2326   -0.945930
    2327   -0.941557
    2328   -0.941557
    2329   -0.936624
    2330   -0.936624
    2331   -0.931151
    2332   -0.931151
    2333   -0.925127
    2334   -0.925127
    2335   -0.918487
    2336   -0.918487
    2337   -0.911194
    2338   -0.911194
    2339   -0.903165
    2340   -0.903165
    2341   -0.894277
    2342   -0.894277
    2343   -0.884310
    2344   -0.884310
    2345   -0.873144
    2346   -0.873144
    2347   -0.860656
    2348   -0.860656
    2349   -0.846578
    2350   -0.846578
    2351   -0.830770
    2352   -0.830770
    2353   -0.812965
    2354   -0.812965
    2355   -0.792746
    2356   -0.792746
    2357   -0.769651
    2358   -0.769651
    2359   -0.742755
    2360   -0.742755
    2361   -0.712134
    2362   -0.712134
    2363   -0.677642
    2364   -0.677642
    2365   -0.636839
    2366   -0.636839
    2367   -0.587830
    2368   -0.587830
    2369   -0.529178
    2370   -0.529178
    2371   -0.460343
    2372   -0.460343
    2373   -0.385932
    2374   -0.385932
    2375   -0.325453
    2376   -0.325453
    2377   -1.401155
    2378   -1.401155
    2379   -1.399501
    2380   -1.399501
    2381   -1.396789
    2382   -1.396789
    2383   -1.394128
    2384   -1.394128
    2385   -1.391551
    2386   -1.391551
    2387   -1.388917
    2388   -1.388917
    2389   -1.386470
    2390   -1.386470
    2391   -1.384214
    2392   -1.384214
    2393   -1.382058
    2394   -1.382058
    2395   -1.379980
    2396   -1.379980
    2397   -1.377985
    2398   -1.377985
    2399   -1.376101
    2400   -1.376101
    2401   -1.374324
    2402   -1.374324
    2403   -1.372609
    2404   -1.372609
    2405   -1.370926
    2406   -1.370926
    2407   -1.369253
    2408   -1.369253
    2409   -1.367583
    2410   -1.367583
    2411   -1.365889
    2412   -1.365889
    2413   -1.364149
    2414   -1.364149
    2415   -1.362361
    2416   -1.362361
    2417   -1.360534
    2418   -1.360534
    2419   -1.358683
    2420   -1.358683
    2421   -1.356822
    2422   -1.356822
    2423   -1.354953
    2424   -1.354953
    2425   -1.353073
    2426   -1.353073
    2427   -1.351176
    2428   -1.351176
    2429   -1.349256
    2430   -1.349256
    2431   -1.347306
    2432   -1.347306
    2433   -1.345309
    2434   -1.345309
    2435   -1.343249
    2436   -1.343249
    2437   -1.341110
    2438   -1.341110
    2439   -1.338879
    2440   -1.338879
    2441   -1.336552
    2442   -1.336552
    2443   -1.334127
    2444   -1.334127
    2445   -1.331606
    2446   -1.331606
    2447   -1.328995
    2448   -1.328995
    2449   -1.326306
    2450   -1.326306
    2451   -1.323553
    2452   -1.323553
    2453   -1.320730
    2454   -1.320730
    2455   -1.317826
    2456   -1.317826
    2457   -1.314844
    2458   -1.314844
    2459   -1.311791
    2460   -1.311791
    2461   -1.308672
    2462   -1.308672
    2463   -1.305498
    2464   -1.305498
    2465   -1.302154
    2466   -1.302154
    2467   -1.298450
    2468   -1.298450
    2469   -1.294436
    2470   -1.294436
    2471   -1.290291
    2472   -1.290291
    2473   -1.286053
    2474   -1.286053
    2475   -1.281669
    2476   -1.281669
    2477   -1.277115
    2478   -1.277115
    2479   -1.272430
    2480   -1.272430
    2481   -1.267596
    2482   -1.267596
    2483   -1.262553
    2484   -1.262553
    2485   -1.257281
    2486   -1.257281
    2487   -1.251767
    2488   -1.251767
    2489   -1.246065
    2490   -1.246065
    2491   -1.240304
    2492   -1.240304
    2493   -1.234781
    2494   -1.234781
    2495   -1.230443
    2496   -1.230443
    2497   -1.228221
    2498   -1.228221
    2499   -1.227708
    2500   -1.227708
    2501   -1.227971
    2502   -1.227971
    2503   -1.228429
    2504   -1.228429
    2505   -1.228654
    2506   -1.228654
    2507   -1.228474
    2508   -1.228474
    2509   -1.227855
    2510   -1.227855
    2511   -1.226643
    2512   -1.226643
    2513   -1.224771
    2514   -1.224771
    2515   -1.222389
    2516   -1.222389
    2517   -1.219607
    2518   -1.219607
    2519   -1.216291
    2520   -1.216291
    2521   -1.212278
    2522   -1.212278
    2523   -1.207575
    2524   -1.207575
    2525   -1.202233
    2526   -1.202233
    2527   -1.196249
    2528   -1.196249
    2529   -1.189605
    2530   -1.189605
    2531   -1.182242
    2532   -1.182242
    2533   -1.174063
    2534   -1.174063
    2535   -1.165101
    2536   -1.165101
    2537   -1.155270
    2538   -1.155270
    2539   -1.144384
    2540   -1.144384
    2541   -1.132246
    2542   -1.132246
    2543   -1.118631
    2544   -1.118631
    2545   -1.103323
    2546   -1.103323
    2547   -1.086121
    2548   -1.086121
    2549   -1.066942
    2550   -1.066942
    2551   -1.045511
    2552   -1.045511
    2553   -1.021306
    2554   -1.021306
    2555   -0.993759
    2556   -0.993759
    2557   -0.961357
    2558   -0.961357
    2559   -0.923344
    2560   -0.923344
    2561   -0.880160
    2562   -0.880160
    2563   -0.830483
    2564   -0.830483
    2565   -0.771347
    2566   -0.771347
    2567   -0.698869
    2568   -0.698869
    2569   -0.611938
    2570   -0.611938
    2571   -0.516560
    2572   -0.516560
    2573   -0.437934
    2574   -0.437934
    2575   -1.807041
    2576   -1.807041
    2577   -1.806939
    2578   -1.806939
    2579   -1.806065
    2580   -1.806065
    2581   -1.804386
    2582   -1.804386
    2583   -1.802165
    2584   -1.802165
    2585   -1.799651
    2586   -1.799651
    2587   -1.797265
    2588   -1.797265
    2589   -1.794977
    2590   -1.794977
    2591   -1.792712
    2592   -1.792712
    2593   -1.790457
    2594   -1.790457
    2595   -1.788222
    2596   -1.788222
    2597   -1.786017
    2598   -1.786017
    2599   -1.783841
    2600   -1.783841
    2601   -1.781710
    2602   -1.781710
    2603   -1.779619
    2604   -1.779619
    2605   -1.777541
    2606   -1.777541
    2607   -1.775462
    2608   -1.775462
    2609   -1.773365
    2610   -1.773365
    2611   -1.771230
    2612   -1.771230
    2613   -1.769032
    2614   -1.769032
    2615   -1.766779
    2616   -1.766779
    2617   -1.764496
    2618   -1.764496
    2619   -1.762192
    2620   -1.762192
    2621   -1.759857
    2622   -1.759857
    2623   -1.757489
    2624   -1.757489
    2625   -1.755095
    2626   -1.755095
    2627   -1.752669
    2628   -1.752669
    2629   -1.750202
    2630   -1.750202
    2631   -1.747679
    2632   -1.747679
    2633   -1.745073
    2634   -1.745073
    2635   -1.742372
    2636   -1.742372
    2637   -1.739575
    2638   -1.739575
    2639   -1.736669
    2640   -1.736669
    2641   -1.733636
    2642   -1.733636
    2643   -1.730477
    2644   -1.730477
    2645   -1.727204
    2646   -1.727204
    2647   -1.723824
    2648   -1.723824
    2649   -1.720345
    2650   -1.720345
    2651   -1.716767
    2652   -1.716767
    2653   -1.713088
    2654   -1.713088
    2655   -1.709310
    2656   -1.709310
    2657   -1.705418
    2658   -1.705418
    2659   -1.701396
    2660   -1.701396
    2661   -1.697243
    2662   -1.697243
    2663   -1.692914
    2664   -1.692914
    2665   -1.688343
    2666   -1.688343
    2667   -1.683554
    2668   -1.683554
    2669   -1.678591
    2670   -1.678591
    2671   -1.673461
    2672   -1.673461
    2673   -1.668156
    2674   -1.668156
    2675   -1.662639
    2676   -1.662639
    2677   -1.656899
    2678   -1.656899
    2679   -1.650927
    2680   -1.650927
    2681   -1.644651
    2682   -1.644651
    2683   -1.638024
    2684   -1.638024
    2685   -1.631062
    2686   -1.631062
    2687   -1.623836
    2688   -1.623836
    2689   -1.616471
    2690   -1.616471
    2691   -1.609296
    2692   -1.609296
    2693   -1.603398
    2694   -1.603398
    2695   -1.600107
    2696   -1.600107
    2697   -1.599114
    2698   -1.599114
    2699   -1.599024
    2700   -1.599024
    2701   -1.598978
    2702   -1.598978
    2703   -1.598591
    2704   -1.598591
    2705   -1.597738
    2706   -1.597738
    2707   -1.596360
    2708   -1.596360
    2709   -1.594423
    2710   -1.594423
    2711   -1.591808
    2712   -1.591808
    2713   -1.588501
    2714   -1.588501
    2715   -1.584658
    2716   -1.584658
    2717   -1.580149
    2718   -1.580149
    2719   -1.574848
    2720   -1.574848
    2721   -1.568761
    2722   -1.568761
    2723   -1.561884
    2724   -1.561884
    2725   -1.554222
    2726   -1.554222
    2727   -1.545688
    2728   -1.545688
    2729   -1.536183
    2730   -1.536183
    2731   -1.525635
    2732   -1.525635
    2733   -1.514042
    2734   -1.514042
    2735   -1.501278
    2736   -1.501278
    2737   -1.487184
    2738   -1.487184
    2739   -1.471670
    2740   -1.471670
    2741   -1.454389
    2742   -1.454389
    2743   -1.435016
    2744   -1.435016
    2745   -1.413408
    2746   -1.413408
    2747   -1.389344
    2748   -1.389344
    2749   -1.362486
    2750   -1.362486
    2751   -1.332319
    2752   -1.332319
    2753   -1.298094
    2754   -1.298094
    2755   -1.258455
    2756   -1.258455
    2757   -1.212290
    2758   -1.212290
    2759   -1.158524
    2760   -1.158524
    2761   -1.096140
    2762   -1.096140
    2763   -1.022822
    2764   -1.022822
    2765   -0.932443
    2766   -0.932443
    2767   -0.822792
    2768   -0.822792
    2769   -0.701083
    2770   -0.701083
    2771   -0.599256
    2772   -0.599256
    2773   -2.394172
    2774   -2.394172
    2775   -2.396452
    2776   -2.396452
    2777   -2.398259
    2778   -2.398259
    2779   -2.397525
    2780   -2.397525
    2781   -2.395441
    2782   -2.395441
    2783   -2.393057
    2784   -2.393057
    2785   -2.390754
    2786   -2.390754
    2787   -2.388416
    2788   -2.388416
    2789   -2.385985
    2790   -2.385985
    2791   -2.383483
    2792   -2.383483
    2793   -2.380932
    2794   -2.380932
    2795   -2.378314
    2796   -2.378314
    2797   -2.375626
    2798   -2.375626
    2799   -2.372927
    2800   -2.372927
    2801   -2.370250
    2802   -2.370250
    2803   -2.367587
    2804   -2.367587
    2805   -2.364921
    2806   -2.364921
    2807   -2.362224
    2808   -2.362224
    2809   -2.359481
    2810   -2.359481
    2811   -2.356681
    2812   -2.356681
    2813   -2.353818
    2814   -2.353818
    2815   -2.350893
    2816   -2.350893
    2817   -2.347908
    2818   -2.347908
    2819   -2.344862
    2820   -2.344862
    2821   -2.341756
    2822   -2.341756
    2823   -2.338590
    2824   -2.338590
    2825   -2.335353
    2826   -2.335353
    2827   -2.332034
    2828   -2.332034
    2829   -2.328623
    2830   -2.328623
    2831   -2.325114
    2832   -2.325114
    2833   -2.321499
    2834   -2.321499
    2835   -2.317768
    2836   -2.317768
    2837   -2.313907
    2838   -2.313907
    2839   -2.309900
    2840   -2.309900
    2841   -2.305742
    2842   -2.305742
    2843   -2.301430
    2844   -2.301430
    2845   -2.296962
    2846   -2.296962
    2847   -2.292346
    2848   -2.292346
    2849   -2.287587
    2850   -2.287587
    2851   -2.282683
    2852   -2.282683
    2853   -2.277627
    2854   -2.277627
    2855   -2.272387
    2856   -2.272387
    2857   -2.266924
    2858   -2.266924
    2859   -2.261230
    2860   -2.261230
    2861   -2.255348
    2862   -2.255348
    2863   -2.249371
    2864   -2.249371
    2865   -2.243282
    2866   -2.243282
    2867   -2.236955
    2868   -2.236955
    2869   -2.230347
    2870   -2.230347
    2871   -2.223505
    2872   -2.223505
    2873   -2.216378
    2874   -2.216378
    2875   -2.208875
    2876   -2.208875
    2877   -2.200991
    2878   -2.200991
    2879   -2.192682
    2880   -2.192682
    2881   -2.183897
    2882   -2.183897
    2883   -2.174631
    2884   -2.174631
    2885   -2.164905
    2886   -2.164905
    2887   -2.154846
    2888   -2.154846
    2889   -2.144941
    2890   -2.144941
    2891   -2.136448
    2892   -2.136448
    2893   -2.131118
    2894   -2.131118
    2895   -2.128929
    2896   -2.128929
    2897   -2.127916
    2898   -2.127916
    2899   -2.126700
    2900   -2.126700
    2901   -2.124945
    2902   -2.124945
    2903   -2.122588
    2904   -2.122588
    2905   -2.119615
    2906   -2.119615
    2907   -2.116199
    2908   -2.116199
    2909   -2.112233
    2910   -2.112233
    2911   -2.107368
    2912   -2.107368
    2913   -2.101589
    2914   -2.101589
    2915   -2.094950
    2916   -2.094950
    2917   -2.087441
    2918   -2.087441
    2919   -2.078986
    2920   -2.078986
    2921   -2.069541
    2922   -2.069541
    2923   -2.059066
    2924   -2.059066
    2925   -2.047380
    2926   -2.047380
    2927   -2.034384
    2928   -2.034384
    2929   -2.020004
    2930   -2.020004
    2931   -2.004123
    2932   -2.004123
    2933   -1.986640
    2934   -1.986640
    2935   -1.967477
    2936   -1.967477
    2937   -1.946532
    2938   -1.946532
    2939   -1.923402
    2940   -1.923402
    2941   -1.897679
    2942   -1.897679
    2943   -1.869179
    2944   -1.869179
    2945   -1.837520
    2946   -1.837520
    2947   -1.802247
    2948   -1.802247
    2949   -1.762789
    2950   -1.762789
    2951   -1.718258
    2952   -1.718258
    2953   -1.667559
    2954   -1.667559
    2955   -1.609623
    2956   -1.609623
    2957   -1.541499
    2958   -1.541499
    2959   -1.460747
    2960   -1.460747
    2961   -1.365475
    2962   -1.365475
    2963   -1.249562
    2964   -1.249562
    2965   -1.110207
    2966   -1.110207
    2967   -0.954559
    2968   -0.954559
    2969   -0.823149
    2970   -0.823149
    2971   -3.289351
    2972   -3.289351
    2973   -3.292778
    2974   -3.292778
    2975   -3.294835
    2976   -3.294835
    2977   -3.292743
    2978   -3.292743
    2979   -3.289718
    2980   -3.289718
    2981   -3.286985
    2982   -3.286985
    2983   -3.284307
    2984   -3.284307
    2985   -3.281555
    2986   -3.281555
    2987   -3.278666
    2988   -3.278666
    2989   -3.275640
    2990   -3.275640
    2991   -3.272483
    2992   -3.272483
    2993   -3.269180
    2994   -3.269180
    2995   -3.265735
    2996   -3.265735
    2997   -3.262194
    2998   -3.262194
    2999   -3.258607
    3000   -3.258607
    3001   -3.255018
    3002   -3.255018
    3003   -3.251414
    3004   -3.251414
    3005   -3.247739
    3006   -3.247739
    3007   -3.243990
    3008   -3.243990
    3009   -3.240198
    3010   -3.240198
    3011   -3.236347
    3012   -3.236347
    3013   -3.232383
    3014   -3.232383
    3015   -3.228291
    3016   -3.228291
    3017   -3.224087
    3018   -3.224087
    3019   -3.219769
    3020   -3.219769
    3021   -3.215322
    3022   -3.215322
    3023   -3.210726
    3024   -3.210726
    3025   -3.205966
    3026   -3.205966
    3027   -3.201050
    3028   -3.201050
    3029   -3.196008
    3030   -3.196008
    3031   -3.190838
    3032   -3.190838
    3033   -3.185512
    3034   -3.185512
    3035   -3.180020
    3036   -3.180020
    3037   -3.174362
    3038   -3.174362
    3039   -3.168519
    3040   -3.168519
    3041   -3.162461
    3042   -3.162461
    3043   -3.156171
    3044   -3.156171
    3045   -3.149654
    3046   -3.149654
    3047   -3.142919
    3048   -3.142919
    3049   -3.135962
    3050   -3.135962
    3051   -3.128761
    3052   -3.128761
    3053   -3.121283
    3054   -3.121283
    3055   -3.113484
    3056   -3.113484
    3057   -3.105328
    3058   -3.105328
    3059   -3.096938
    3060   -3.096938
    3061   -3.088548
    3062   -3.088548
    3063   -3.080095
    3064   -3.080095
    3065   -3.071302
    3066   -3.071302
    3067   -3.062076
    3068   -3.062076
    3069   -3.052452
    3070   -3.052452
    3071   -3.042398
    3072   -3.042398
    3073   -3.031833
    3074   -3.031833
    3075   -3.020731
    3076   -3.020731
    3077   -3.009064
    3078   -3.009064
    3079   -2.996788
    3080   -2.996788
    3081   -2.983866
    3082   -2.983866
    3083   -2.970245
    3084   -2.970245
    3085   -2.956003
    3086   -2.956003
    3087   -2.941885
    3088   -2.941885
    3089   -2.929676
    3090   -2.929676
    3091   -2.921616
    3092   -2.921616
    3093   -2.917697
    3094   -2.917697
    3095   -2.915291
    3096   -2.915291
    3097   -2.912580
    3098   -2.912580
    3099   -2.909204
    3100   -2.909204
    3101   -2.905008
    3102   -2.905008
    3103   -2.899954
    3104   -2.899954
    3105   -2.894158
    3106   -2.894158
    3107   -2.887642
    3108   -2.887642
    3109   -2.880105
    3110   -2.880105
    3111   -2.871203
    3112   -2.871203
    3113   -2.861038
    3114   -2.861038
    3115   -2.849712
    3116   -2.849712
    3117   -2.837094
    3118   -2.837094
    3119   -2.823135
    3120   -2.823135
    3121   -2.807723
    3122   -2.807723
    3123   -2.790670
    3124   -2.790670
    3125   -2.771896
    3126   -2.771896
    3127   -2.751250
    3128   -2.751250
    3129   -2.728459
    3130   -2.728459
    3131   -2.703479
    3132   -2.703479
    3133   -2.676238
    3134   -2.676238
    3135   -2.646480
    3136   -2.646480
    3137   -2.613802
    3138   -2.613802
    3139   -2.577759
    3140   -2.577759
    3141   -2.537967
    3142   -2.537967
    3143   -2.493878
    3144   -2.493878
    3145   -2.444848
    3146   -2.444848
    3147   -2.390144
    3148   -2.390144
    3149   -2.328782
    3150   -2.328782
    3151   -2.259305
    3152   -2.259305
    3153   -2.180031
    3154   -2.180031
    3155   -2.087695
    3156   -2.087695
    3157   -1.978694
    3158   -1.978694
    3159   -1.848983
    3160   -1.848983
    3161   -1.693528
    3162   -1.693528
    3163   -1.510202
    3164   -1.510202
    3165   -1.305571
    3166   -1.305571
    3167   -1.132867
    3168   -1.132867
    3169   -4.799864
    3170   -4.799864
    3171   -4.802774
    3172   -4.802774
    3173   -4.802493
    3174   -4.802493
    3175   -4.796826
    3176   -4.796826
    3177   -4.791489
    3178   -4.791489
    3179   -4.787525
    3180   -4.787525
    3181   -4.783774
    3182   -4.783774
    3183   -4.779996
    3184   -4.779996
    3185   -4.776077
    3186   -4.776077
    3187   -4.771945
    3188   -4.771945
    3189   -4.767576
    3190   -4.767576
    3191   -4.762970
    3192   -4.762970
    3193   -4.758147
    3194   -4.758147
    3195   -4.753132
    3196   -4.753132
    3197   -4.747972
    3198   -4.747972
    3199   -4.742723
    3200   -4.742723
    3201   -4.737383
    3202   -4.737383
    3203   -4.731921
    3204   -4.731921
    3205   -4.726352
    3206   -4.726352
    3207   -4.720725
    3208   -4.720725
    3209   -4.715014
    3210   -4.715014
    3211   -4.709138
    3212   -4.709138
    3213   -4.703060
    3214   -4.703060
    3215   -4.696769
    3216   -4.696769
    3217   -4.690246
    3218   -4.690246
    3219   -4.683469
    3220   -4.683469
    3221   -4.676421
    3222   -4.676421
    3223   -4.669092
    3224   -4.669092
    3225   -4.661501
    3226   -4.661501
    3227   -4.653692
    3228   -4.653692
    3229   -4.645673
    3230   -4.645673
    3231   -4.637427
    3232   -4.637427
    3233   -4.628947
    3234   -4.628947
    3235   -4.620233
    3236   -4.620233
    3237   -4.611262
    3238   -4.611262
    3239   -4.601990
    3240   -4.601990
    3241   -4.592387
    3242   -4.592387
    3243   -4.582423
    3244   -4.582423
    3245   -4.572097
    3246   -4.572097
    3247   -4.561419
    3248   -4.561419
    3249   -4.550354
    3250   -4.550354
    3251   -4.538872
    3252   -4.538872
    3253   -4.526935
    3254   -4.526935
    3255   -4.514490
    3256   -4.514490
    3257   -4.501701
    3258   -4.501701
    3259   -4.488861
    3260   -4.488861
    3261   -4.475860
    3262   -4.475860
    3263   -4.462349
    3264   -4.462349
    3265   -4.448183
    3266   -4.448183
    3267   -4.433345
    3268   -4.433345
    3269   -4.417834
    3270   -4.417834
    3271   -4.401634
    3272   -4.401634
    3273   -4.384703
    3274   -4.384703
    3275   -4.367004
    3276   -4.367004
    3277   -4.348480
    3278   -4.348480
    3279   -4.329078
    3280   -4.329078
    3281   -4.308695
    3282   -4.308695
    3283   -4.287299
    3284   -4.287299
    3285   -4.265657
    3286   -4.265657
    3287   -4.246605
    3288   -4.246605
    3289   -4.233901
    3290   -4.233901
    3291   -4.227257
    3292   -4.227257
    3293   -4.222659
    3294   -4.222659
    3295   -4.217748
    3296   -4.217748
    3297   -4.212096
    3298   -4.212096
    3299   -4.205273
    3300   -4.205273
    3301   -4.197022
    3302   -4.197022
    3303   -4.187232
    3304   -4.187232
    3305   -4.176016
    3306   -4.176016
    3307   -4.163380
    3308   -4.163380
    3309   -4.148874
    3310   -4.148874
    3311   -4.132490
    3312   -4.132490
    3313   -4.114337
    3314   -4.114337
    3315   -4.094272
    3316   -4.094272
    3317   -4.072158
    3318   -4.072158
    3319   -4.047804
    3320   -4.047804
    3321   -4.021108
    3322   -4.021108
    3323   -3.992002
    3324   -3.992002
    3325   -3.960200
    3326   -3.960200
    3327   -3.925247
    3328   -3.925247
    3329   -3.887000
    3330   -3.887000
    3331   -3.845358
    3332   -3.845358
    3333   -3.799926
    3334   -3.799926
    3335   -3.750204
    3336   -3.750204
    3337   -3.695680
    3338   -3.695680
    3339   -3.635675
    3340   -3.635675
    3341   -3.569303
    3342   -3.569303
    3343   -3.495541
    3344   -3.495541
    3345   -3.413339
    3346   -3.413339
    3347   -3.321401
    3348   -3.321401
    3349   -3.217571
    3350   -3.217571
    3351   -3.099065
    3352   -3.099065
    3353   -2.962295
    3354   -2.962295
    3355   -2.802638
    3356   -2.802638
    3357   -2.613291
    3358   -2.613291
    3359   -2.389107
    3360   -2.389107
    3361   -2.127753
    3362   -2.127753
    3363   -1.839003
    3364   -1.839003
    3365   -1.598284
    3366   -1.598284
    3367   -7.621155
    3368   -7.621155
    3369   -7.621279
    3370   -7.621279
    3371   -7.615428
    3372   -7.615428
    3373   -7.604149
    3374   -7.604149
    3375   -7.595399
    3376   -7.595399
    3377   -7.589110
    3378   -7.589110
    3379   -7.583295
    3380   -7.583295
    3381   -7.577478
    3382   -7.577478
    3383   -7.571437
    3384   -7.571437
    3385   -7.565024
    3386   -7.565024
    3387   -7.558195
    3388   -7.558195
    3389   -7.550976
    3390   -7.550976
    3391   -7.543405
    3392   -7.543405
    3393   -7.535505
    3394   -7.535505
    3395   -7.527298
    3396   -7.527298
    3397   -7.518791
    3398   -7.518791
    3399   -7.510009
    3400   -7.510009
    3401   -7.501033
    3402   -7.501033
    3403   -7.491922
    3404   -7.491922
    3405   -7.482691
    3406   -7.482691
    3407   -7.473291
    3408   -7.473291
    3409   -7.463652
    3410   -7.463652
    3411   -7.453697
    3412   -7.453697
    3413   -7.443343
    3414   -7.443343
    3415   -7.432529
    3416   -7.432529
    3417   -7.421232
    3418   -7.421232
    3419   -7.409449
    3420   -7.409449
    3421   -7.397192
    3422   -7.397192
    3423   -7.384480
    3424   -7.384480
    3425   -7.371342
    3426   -7.371342
    3427   -7.357808
    3428   -7.357808
    3429   -7.343904
    3430   -7.343904
    3431   -7.329630
    3432   -7.329630
    3433   -7.314965
    3434   -7.314965
    3435   -7.299881
    3436   -7.299881
    3437   -7.284346
    3438   -7.284346
    3439   -7.268317
    3440   -7.268317
    3441   -7.251702
    3442   -7.251702
    3443   -7.234449
    3444   -7.234449
    3445   -7.216584
    3446   -7.216584
    3447   -7.198092
    3448   -7.198092
    3449   -7.178918
    3450   -7.178918
    3451   -7.159024
    3452   -7.159024
    3453   -7.138396
    3454   -7.138396
    3455   -7.117220
    3456   -7.117220
    3457   -7.095757
    3458   -7.095757
    3459   -7.073836
    3460   -7.073836
    3461   -7.051049
    3462   -7.051049
    3463   -7.027205
    3464   -7.027205
    3465   -7.002246
    3466   -7.002246
    3467   -6.976201
    3468   -6.976201
    3469   -6.949090
    3470   -6.949090
    3471   -6.920854
    3472   -6.920854
    3473   -6.891451
    3474   -6.891451
    3475   -6.860796
    3476   -6.860796
    3477   -6.828780
    3478   -6.828780
    3479   -6.795272
    3480   -6.795272
    3481   -6.760276
    3482   -6.760276
    3483   -6.724329
    3484   -6.724329
    3485   -6.691588
    3486   -6.691588
    3487   -6.669154
    3488   -6.669154
    3489   -6.657143
    3490   -6.657143
    3491   -6.649007
    3492   -6.649007
    3493   -6.640682
    3494   -6.640682
    3495   -6.630996
    3496   -6.630996
    3497   -6.619231
    3498   -6.619231
    3499   -6.605048
    3500   -6.605048
    3501   -6.588263
    3502   -6.588263
    3503   -6.568907
    3504   -6.568907
    3505   -6.546995
    3506   -6.546995
    3507   -6.522213
    3508   -6.522213
    3509   -6.494477
    3510   -6.494477
    3511   -6.463770
    3512   -6.463770
    3513   -6.429894
    3514   -6.429894
    3515   -6.392572
    3516   -6.392572
    3517   -6.351533
    3518   -6.351533
    3519   -6.306670
    3520   -6.306670
    3521   -6.257835
    3522   -6.257835
    3523   -6.204647
    3524   -6.204647
    3525   -6.146457
    3526   -6.146457
    3527   -6.082794
    3528   -6.082794
    3529   -6.013407
    3530   -6.013407
    3531   -5.937804
    3532   -5.937804
    3533   -5.855255
    3534   -5.855255
    3535   -5.764975
    3536   -5.764975
    3537   -5.665879
    3538   -5.665879
    3539   -5.556501
    3540   -5.556501
    3541   -5.435036
    3542   -5.435036
    3543   -5.299715
    3544   -5.299715
    3545   -5.148427
    3546   -5.148427
    3547   -4.978043
    3548   -4.978043
    3549   -4.784360
    3550   -4.784360
    3551   -4.561979
    3552   -4.561979
    3553   -4.303673
    3554   -4.303673
    3555   -3.999699
    3556   -3.999699
    3557   -3.641810
    3558   -3.641810
    3559   -3.225229
    3560   -3.225229
    3561   -2.771341
    3562   -2.771341
    3563   -2.398326
    3564   -2.398326
    3565  -13.022613
    3566  -13.022613
    3567  -13.016026
    3568  -13.016026
    3569  -12.997846
    3570  -12.997846
    3571  -12.976629
    3572  -12.976629
    3573  -12.962941
    3574  -12.962941
    3575  -12.952697
    3576  -12.952697
    3577  -12.943016
    3578  -12.943016
    3579  -12.933222
    3580  -12.933222
    3581  -12.922978
    3582  -12.922978
    3583  -12.912074
    3584  -12.912074
    3585  -12.900443
    3586  -12.900443
    3587  -12.888129
    3588  -12.888129
    3589  -12.875207
    3590  -12.875207
    3591  -12.861695
    3592  -12.861695
    3593  -12.847571
    3594  -12.847571
    3595  -12.832760
    3596  -12.832760
    3597  -12.817324
    3598  -12.817324
    3599  -12.801557
    3600  -12.801557
    3601  -12.785622
    3602  -12.785622
    3603  -12.769458
    3604  -12.769458
    3605  -12.752961
    3606  -12.752961
    3607  -12.736054
    3608  -12.736054
    3609  -12.718601
    3610  -12.718601
    3611  -12.700434
    3612  -12.700434
    3613  -12.681398
    3614  -12.681398
    3615  -12.661430
    3616  -12.661430
    3617  -12.640576
    3618  -12.640576
    3619  -12.618882
    3620  -12.618882
    3621  -12.596373
    3622  -12.596373
    3623  -12.573049
    3624  -12.573049
    3625  -12.548978
    3626  -12.548978
    3627  -12.524269
    3628  -12.524269
    3629  -12.498921
    3630  -12.498921
    3631  -12.472877
    3632  -12.472877
    3633  -12.446094
    3634  -12.446094
    3635  -12.418550
    3636  -12.418550
    3637  -12.390195
    3638  -12.390195
    3639  -12.360872
    3640  -12.360872
    3641  -12.330383
    3642  -12.330383
    3643  -12.298761
    3644  -12.298761
    3645  -12.266075
    3646  -12.266075
    3647  -12.232178
    3648  -12.232178
    3649  -12.197025
    3650  -12.197025
    3651  -12.160681
    3652  -12.160681
    3653  -12.123398
    3654  -12.123398
    3655  -12.085505
    3656  -12.085505
    3657  -12.046662
    3658  -12.046662
    3659  -12.006170
    3660  -12.006170
    3661  -11.963786
    3662  -11.963786
    3663  -11.919442
    3664  -11.919442
    3665  -11.873228
    3666  -11.873228
    3667  -11.825227
    3668  -11.825227
    3669  -11.775300
    3670  -11.775300
    3671  -11.723417
    3672  -11.723417
    3673  -11.669454
    3674  -11.669454
    3675  -11.613150
    3676  -11.613150
    3677  -11.554300
    3678  -11.554300
    3679  -11.492987
    3680  -11.492987
    3681  -11.429475
    3682  -11.429475
    3683  -11.370180
    3684  -11.370180
    3685  -11.328392
    3686  -11.328392
    3687  -11.305758
    3688  -11.305758
    3689  -11.291885
    3690  -11.291885
    3691  -11.278731
    3692  -11.278731
    3693  -11.261917
    3694  -11.261917
    3695  -11.240633
    3696  -11.240633
    3697  -11.215387
    3698  -11.215387
    3699  -11.185829
    3700  -11.185829
    3701  -11.151727
    3702  -11.151727
    3703  -11.112912
    3704  -11.112912
    3705  -11.069169
    3706  -11.069169
    3707  -11.020338
    3708  -11.020338
    3709  -10.966250
    3710  -10.966250
    3711  -10.906522
    3712  -10.906522
    3713  -10.840681
    3714  -10.840681
    3715  -10.768322
    3716  -10.768322
    3717  -10.689152
    3718  -10.689152
    3719  -10.602891
    3720  -10.602891
    3721  -10.509092
    3722  -10.509092
    3723  -10.406691
    3724  -10.406691
    3725  -10.294594
    3726  -10.294594
    3727  -10.172177
    3728  -10.172177
    3729  -10.038927
    3730  -10.038927
    3731   -9.893767
    3732   -9.893767
    3733   -9.735028
    3734   -9.735028
    3735   -9.560968
    3736   -9.560968
    3737   -9.369285
    3738   -9.369285
    3739   -9.156565
    3740   -9.156565
    3741   -8.919579
    3742   -8.919579
    3743   -8.654596
    3744   -8.654596
    3745   -8.356740
    3746   -8.356740
    3747   -8.019307
    3748   -8.019307
    3749   -7.633058
    3750   -7.633058
    3751   -7.185189
    3752   -7.185189
    3753   -6.659965
    3754   -6.659965
    3755   -6.040652
    3756   -6.040652
    3757   -5.315030
    3758   -5.315030
    3759   -4.522948
    3760   -4.522948
    3761   -3.871121
    3762   -3.871121
    3763  -21.217496
    3764  -21.217496
    3765  -21.202670
    3766  -21.202670
    3767  -21.167567
    3768  -21.167567
    3769  -21.132160
    3770  -21.132160
    3771  -21.111345
    3772  -21.111345
    3773  -21.095102
    3774  -21.095102
    3775  -21.079592
    3776  -21.079592
    3777  -21.063745
    3778  -21.063745
    3779  -21.047088
    3780  -21.047088
    3781  -21.029361
    3782  -21.029361
    3783  -21.010461
    3784  -21.010461
    3785  -20.990428
    3786  -20.990428
    3787  -20.969395
    3788  -20.969395
    3789  -20.947383
    3790  -20.947383
    3791  -20.924324
    3792  -20.924324
    3793  -20.900018
    3794  -20.900018
    3795  -20.874561
    3796  -20.874561
    3797  -20.848579
    3798  -20.848579
    3799  -20.822391
    3800  -20.822391
    3801  -20.795832
    3802  -20.795832
    3803  -20.768696
    3804  -20.768696
    3805  -20.740877
    3806  -20.740877
    3807  -20.712159
    3808  -20.712159
    3809  -20.682284
    3810  -20.682284
    3811  -20.650945
    3812  -20.650945
    3813  -20.617986
    3814  -20.617986
    3815  -20.583538
    3816  -20.583538
    3817  -20.547702
    3818  -20.547702
    3819  -20.510517
    3820  -20.510517
    3821  -20.471939
    3822  -20.471939
    3823  -20.432101
    3824  -20.432101
    3825  -20.391232
    3826  -20.391232
    3827  -20.349326
    3828  -20.349326
    3829  -20.306266
    3830  -20.306266
    3831  -20.261981
    3832  -20.261981
    3833  -20.216447
    3834  -20.216447
    3835  -20.169628
    3836  -20.169628
    3837  -20.121292
    3838  -20.121292
    3839  -20.070982
    3840  -20.070982
    3841  -20.018745
    3842  -20.018745
    3843  -19.964811
    3844  -19.964811
    3845  -19.908848
    3846  -19.908848
    3847  -19.850793
    3848  -19.850793
    3849  -19.790833
    3850  -19.790833
    3851  -19.729338
    3852  -19.729338
    3853  -19.666898
    3854  -19.666898
    3855  -19.602862
    3856  -19.602862
    3857  -19.535922
    3858  -19.535922
    3859  -19.465786
    3860  -19.465786
    3861  -19.392395
    3862  -19.392395
    3863  -19.315962
    3864  -19.315962
    3865  -19.236679
    3866  -19.236679
    3867  -19.154243
    3868  -19.154243
    3869  -19.068642
    3870  -19.068642
    3871  -18.979700
    3872  -18.979700
    3873  -18.886902
    3874  -18.886902
    3875  -18.789871
    3876  -18.789871
    3877  -18.688488
    3878  -18.688488
    3879  -18.582320
    3880  -18.582320
    3881  -18.481973
    3882  -18.481973
    3883  -18.411061
    3884  -18.411061
    3885  -18.372937
    3886  -18.372937
    3887  -18.351467
    3888  -18.351467
    3889  -18.332550
    3890  -18.332550
    3891  -18.305538
    3892  -18.305538
    3893  -18.269919
    3894  -18.269919
    3895  -18.228346
    3896  -18.228346
    3897  -18.179893
    3898  -18.179893
    3899  -18.123927
    3900  -18.123927
    3901  -18.060133
    3902  -18.060133
    3903  -17.988283
    3904  -17.988283
    3905  -17.908090
    3906  -17.908090
    3907  -17.819281
    3908  -17.819281
    3909  -17.721156
    3910  -17.721156
    3911  -17.612915
    3912  -17.612915
    3913  -17.493909
    3914  -17.493909
    3915  -17.363539
    3916  -17.363539
    3917  -17.221447
    3918  -17.221447
    3919  -17.067129
    3920  -17.067129
    3921  -16.898712
    3922  -16.898712
    3923  -16.714147
    3924  -16.714147
    3925  -16.512244
    3926  -16.512244
    3927  -16.292621
    3928  -16.292621
    3929  -16.053775
    3930  -16.053775
    3931  -15.792370
    3932  -15.792370
    3933  -15.505805
    3934  -15.505805
    3935  -15.190759
    3936  -15.190759
    3937  -14.841173
    3938  -14.841173
    3939  -14.451656
    3940  -14.451656
    3941  -14.016198
    3942  -14.016198
    3943  -13.527260
    3944  -13.527260
    3945  -12.974096
    3946  -12.974096
    3947  -12.341625
    3948  -12.341625
    3949  -11.608368
    3950  -11.608368
    3951  -10.748869
    3952  -10.748869
    3953   -9.732113
    3954   -9.732113
    3955   -8.527558
    3956   -8.527558
    3957   -7.189449
    3958   -7.189449
    3959   -6.073605
    3960   -6.073605
