       1   -0.007937
       2   -0.007937
       3   -0.007886
       4   -0.007886
       5   -0.007819
       6   -0.007819
       7   -0.007800
       8   -0.007800
       9   -0.007813
      10   -0.007813
      11   -0.007818
      12   -0.007818
      13   -0.007815
      14   -0.007815
      15   -0.007810
      16   -0.007810
      17   -0.007806
      18   -0.007806
      19   -0.007802
      20   -0.007802
      21   -0.007797
      22   -0.007797
      23   -0.007792
      24   -0.007792
      25   -0.007784
      26   -0.007784
      27   -0.007775
      28   -0.007775
      29   -0.007765
      30   -0.007765
      31   -0.007752
      32   -0.007752
      33   -0.007738
      34   -0.007738
      35   -0.007723
      36   -0.007723
      37   -0.007706
      38   -0.007706
      39   -0.007689
      40   -0.007689
      41   -0.007674
      42   -0.007674
      43   -0.007661
      44   -0.007661
      45   -0.007648
      46   -0.007648
      47   -0.007632
      48   -0.007632
      49   -0.007616
      50   -0.007616
      51   -0.007601
      52   -0.007601
      53   -0.007585
      54   -0.007585
      55   -0.007567
      56   -0.007567
      57   -0.007548
      58   -0.007548
      59   -0.007528
      60   -0.007528
      61   -0.007507
      62   -0.007507
      63   -0.007486
      64   -0.007486
      65   -0.007465
      66   -0.007465
      67   -0.007443
      68   -0.007443
      69   -0.007421
      70   -0.007421
      71   -0.007399
      72   -0.007399
      73   -0.007374
      74   -0.007374
      75   -0.007346
      76   -0.007346
      77   -0.007316
      78   -0.007316
      79   -0.007284
      80   -0.007284
      81   -0.007252
      82   -0.007252
      83   -0.007219
      84   -0.007219
      85   -0.007184
      86   -0.007184
      87   -0.007145
      88   -0.007145
      89   -0.007104
      90   -0.007104
      91   -0.007061
      92   -0.007061
      93   -0.007013
      94   -0.007013
      95   -0.006965
      96   -0.006965
      97   -0.006915
      98   -0.006915
      99   -0.006859
     100   -0.006859
     101   -0.006802
     102   -0.006802
     103   -0.006741
     104   -0.006741
     105   -0.006666
     106   -0.006666
     107   -0.006572
     108   -0.006572
     109   -0.006467
     110   -0.006467
     111   -0.006350
     112   -0.006350
     113   -0.006216
     114   -0.006216
     115   -0.006062
     116   -0.006062
     117   -0.005888
     118   -0.005888
     119   -0.005757
     120   -0.005757
     121   -0.005712
     122   -0.005712
     123   -0.005709
     124   -0.005709
     125   -0.005707
     126   -0.005707
     127   -0.005699
     128   -0.005699
     129   -0.005680
     130   -0.005680
     131   -0.005650
     132   -0.005650
     133   -0.005614
     134   -0.005614
     135   -0.005573
     136   -0.005573
     137   -0.005524
     138   -0.005524
     139   -0.005468
     140   -0.005468
     141   -0.005407
     142   -0.005407
     143   -0.005342
     144   -0.005342
     145   -0.005276
     146   -0.005276
     147   -0.005212
     148   -0.005212
     149   -0.005146
     150   -0.005146
     151   -0.005077
     152   -0.005077
     153   -0.005007
     154   -0.005007
     155   -0.004925
     156   -0.004925
     157   -0.004829
     158   -0.004829
     159   -0.004723
     160   -0.004723
     161   -0.004615
     162   -0.004615
     163   -0.004508
     164   -0.004508
     165   -0.004382
     166   -0.004382
     167   -0.004223
     168   -0.004223
     169   -0.004032
     170   -0.004032
     171   -0.003754
     172   -0.003754
     173   -0.003466
     174   -0.003466
     175   -0.003350
     176   -0.003350
     177   -0.003302
     178   -0.003302
     179   -0.003186
     180   -0.003186
     181   -0.003006
     182   -0.003006
     183   -0.002767
     184   -0.002767
     185   -0.002488
     186   -0.002488
     187   -0.002207
     188   -0.002207
     189   -0.001945
     190   -0.001945
     191   -0.001725
     192   -0.001725
     193   -0.001431
     194   -0.001431
     195   -0.000834
     196   -0.000834
     197   -0.000195
     198   -0.000195
     199   -0.022602
     200   -0.022602
     201   -0.022510
     202   -0.022510
     203   -0.022403
     204   -0.022403
     205   -0.022386
     206   -0.022386
     207   -0.022412
     208   -0.022412
     209   -0.022418
     210   -0.022418
     211   -0.022410
     212   -0.022410
     213   -0.022399
     214   -0.022399
     215   -0.022387
     216   -0.022387
     217   -0.022374
     218   -0.022374
     219   -0.022359
     220   -0.022359
     221   -0.022343
     222   -0.022343
     223   -0.022322
     224   -0.022322
     225   -0.022297
     226   -0.022297
     227   -0.022268
     228   -0.022268
     229   -0.022233
     230   -0.022233
     231   -0.022195
     232   -0.022195
     233   -0.022152
     234   -0.022152
     235   -0.022106
     236   -0.022106
     237   -0.022059
     238   -0.022059
     239   -0.022016
     240   -0.022016
     241   -0.021977
     242   -0.021977
     243   -0.021938
     244   -0.021938
     245   -0.021895
     246   -0.021895
     247   -0.021849
     248   -0.021849
     249   -0.021805
     250   -0.021805
     251   -0.021760
     252   -0.021760
     253   -0.021710
     254   -0.021710
     255   -0.021655
     256   -0.021655
     257   -0.021599
     258   -0.021599
     259   -0.021541
     260   -0.021541
     261   -0.021482
     262   -0.021482
     263   -0.021422
     264   -0.021422
     265   -0.021361
     266   -0.021361
     267   -0.021299
     268   -0.021299
     269   -0.021236
     270   -0.021236
     271   -0.021168
     272   -0.021168
     273   -0.021090
     274   -0.021090
     275   -0.021004
     276   -0.021004
     277   -0.020914
     278   -0.020914
     279   -0.020822
     280   -0.020822
     281   -0.020729
     282   -0.020729
     283   -0.020631
     284   -0.020631
     285   -0.020522
     286   -0.020522
     287   -0.020408
     288   -0.020408
     289   -0.020289
     290   -0.020289
     291   -0.020157
     292   -0.020157
     293   -0.020021
     294   -0.020021
     295   -0.019878
     296   -0.019878
     297   -0.019720
     298   -0.019720
     299   -0.019558
     300   -0.019558
     301   -0.019389
     302   -0.019389
     303   -0.019182
     304   -0.019182
     305   -0.018927
     306   -0.018927
     307   -0.018640
     308   -0.018640
     309   -0.018320
     310   -0.018320
     311   -0.017958
     312   -0.017958
     313   -0.017539
     314   -0.017539
     315   -0.017071
     316   -0.017071
     317   -0.016718
     318   -0.016718
     319   -0.016595
     320   -0.016595
     321   -0.016586
     322   -0.016586
     323   -0.016587
     324   -0.016587
     325   -0.016569
     326   -0.016569
     327   -0.016520
     328   -0.016520
     329   -0.016439
     330   -0.016439
     331   -0.016342
     332   -0.016342
     333   -0.016233
     334   -0.016233
     335   -0.016099
     336   -0.016099
     337   -0.015947
     338   -0.015947
     339   -0.015781
     340   -0.015781
     341   -0.015602
     342   -0.015602
     343   -0.015418
     344   -0.015418
     345   -0.015234
     346   -0.015234
     347   -0.015038
     348   -0.015038
     349   -0.014836
     350   -0.014836
     351   -0.014630
     352   -0.014630
     353   -0.014395
     354   -0.014395
     355   -0.014124
     356   -0.014124
     357   -0.013828
     358   -0.013828
     359   -0.013521
     360   -0.013521
     361   -0.013214
     362   -0.013214
     363   -0.012857
     364   -0.012857
     365   -0.012417
     366   -0.012417
     367   -0.011890
     368   -0.011890
     369   -0.011167
     370   -0.011167
     371   -0.010429
     372   -0.010429
     373   -0.010053
     374   -0.010053
     375   -0.009827
     376   -0.009827
     377   -0.009451
     378   -0.009451
     379   -0.008915
     380   -0.008915
     381   -0.008238
     382   -0.008238
     383   -0.007472
     384   -0.007472
     385   -0.006703
     386   -0.006703
     387   -0.005974
     388   -0.005974
     389   -0.005289
     390   -0.005289
     391   -0.004450
     392   -0.004450
     393   -0.003165
     394   -0.003165
     395   -0.001966
     396   -0.001966
     397   -0.035277
     398   -0.035277
     399   -0.035209
     400   -0.035209
     401   -0.035152
     402   -0.035152
     403   -0.035171
     404   -0.035171
     405   -0.035203
     406   -0.035203
     407   -0.035206
     408   -0.035206
     409   -0.035195
     410   -0.035195
     411   -0.035179
     412   -0.035179
     413   -0.035162
     414   -0.035162
     415   -0.035140
     416   -0.035140
     417   -0.035115
     418   -0.035115
     419   -0.035086
     420   -0.035086
     421   -0.035053
     422   -0.035053
     423   -0.035014
     424   -0.035014
     425   -0.034970
     426   -0.034970
     427   -0.034919
     428   -0.034919
     429   -0.034862
     430   -0.034862
     431   -0.034799
     432   -0.034799
     433   -0.034731
     434   -0.034731
     435   -0.034662
     436   -0.034662
     437   -0.034595
     438   -0.034595
     439   -0.034531
     440   -0.034531
     441   -0.034467
     442   -0.034467
     443   -0.034399
     444   -0.034399
     445   -0.034330
     446   -0.034330
     447   -0.034261
     448   -0.034261
     449   -0.034188
     450   -0.034188
     451   -0.034111
     452   -0.034111
     453   -0.034028
     454   -0.034028
     455   -0.033943
     456   -0.033943
     457   -0.033855
     458   -0.033855
     459   -0.033764
     460   -0.033764
     461   -0.033672
     462   -0.033672
     463   -0.033578
     464   -0.033578
     465   -0.033484
     466   -0.033484
     467   -0.033389
     468   -0.033389
     469   -0.033288
     470   -0.033288
     471   -0.033169
     472   -0.033169
     473   -0.033036
     474   -0.033036
     475   -0.032898
     476   -0.032898
     477   -0.032755
     478   -0.032755
     479   -0.032611
     480   -0.032611
     481   -0.032460
     482   -0.032460
     483   -0.032298
     484   -0.032298
     485   -0.032129
     486   -0.032129
     487   -0.031951
     488   -0.031951
     489   -0.031756
     490   -0.031756
     491   -0.031547
     492   -0.031547
     493   -0.031323
     494   -0.031323
     495   -0.031081
     496   -0.031081
     497   -0.030835
     498   -0.030835
     499   -0.030578
     500   -0.030578
     501   -0.030273
     502   -0.030273
     503   -0.029898
     504   -0.029898
     505   -0.029475
     506   -0.029475
     507   -0.029008
     508   -0.029008
     509   -0.028484
     510   -0.028484
     511   -0.027887
     512   -0.027887
     513   -0.027242
     514   -0.027242
     515   -0.026748
     516   -0.026748
     517   -0.026551
     518   -0.026551
     519   -0.026528
     520   -0.026528
     521   -0.026537
     522   -0.026537
     523   -0.026519
     524   -0.026519
     525   -0.026452
     526   -0.026452
     527   -0.026336
     528   -0.026336
     529   -0.026194
     530   -0.026194
     531   -0.026032
     532   -0.026032
     533   -0.025838
     534   -0.025838
     535   -0.025618
     536   -0.025618
     537   -0.025375
     538   -0.025375
     539   -0.025111
     540   -0.025111
     541   -0.024832
     542   -0.024832
     543   -0.024542
     544   -0.024542
     545   -0.024232
     546   -0.024232
     547   -0.023913
     548   -0.023913
     549   -0.023584
     550   -0.023584
     551   -0.023216
     552   -0.023216
     553   -0.022801
     554   -0.022801
     555   -0.022349
     556   -0.022349
     557   -0.021877
     558   -0.021877
     559   -0.021391
     560   -0.021391
     561   -0.020851
     562   -0.020851
     563   -0.020218
     564   -0.020218
     565   -0.019465
     566   -0.019465
     567   -0.018527
     568   -0.018527
     569   -0.017583
     570   -0.017583
     571   -0.016948
     572   -0.016948
     573   -0.016441
     574   -0.016441
     575   -0.015776
     576   -0.015776
     577   -0.014918
     578   -0.014918
     579   -0.013895
     580   -0.013895
     581   -0.012775
     582   -0.012775
     583   -0.011646
     584   -0.011646
     585   -0.010515
     586   -0.010515
     587   -0.009189
     588   -0.009189
     589   -0.007602
     590   -0.007602
     591   -0.006067
     592   -0.006067
     593   -0.005028
     594   -0.005028
     595   -0.047078
     596   -0.047078
     597   -0.047010
     598   -0.047010
     599   -0.046955
     600   -0.046955
     601   -0.046975
     602   -0.046975
     603   -0.047008
     604   -0.047008
     605   -0.047013
     606   -0.047013
     607   -0.047003
     608   -0.047003
     609   -0.046984
     610   -0.046984
     611   -0.046960
     612   -0.046960
     613   -0.046929
     614   -0.046929
     615   -0.046892
     616   -0.046892
     617   -0.046850
     618   -0.046850
     619   -0.046803
     620   -0.046803
     621   -0.046750
     622   -0.046750
     623   -0.046691
     624   -0.046691
     625   -0.046626
     626   -0.046626
     627   -0.046553
     628   -0.046553
     629   -0.046473
     630   -0.046473
     631   -0.046388
     632   -0.046388
     633   -0.046301
     634   -0.046301
     635   -0.046213
     636   -0.046213
     637   -0.046126
     638   -0.046126
     639   -0.046038
     640   -0.046038
     641   -0.045950
     642   -0.045950
     643   -0.045858
     644   -0.045858
     645   -0.045765
     646   -0.045765
     647   -0.045668
     648   -0.045668
     649   -0.045567
     650   -0.045567
     651   -0.045460
     652   -0.045460
     653   -0.045350
     654   -0.045350
     655   -0.045235
     656   -0.045235
     657   -0.045117
     658   -0.045117
     659   -0.044996
     660   -0.044996
     661   -0.044874
     662   -0.044874
     663   -0.044750
     664   -0.044750
     665   -0.044627
     666   -0.044627
     667   -0.044497
     668   -0.044497
     669   -0.044345
     670   -0.044345
     671   -0.044173
     672   -0.044173
     673   -0.043991
     674   -0.043991
     675   -0.043806
     676   -0.043806
     677   -0.043619
     678   -0.043619
     679   -0.043425
     680   -0.043425
     681   -0.043219
     682   -0.043219
     683   -0.043004
     684   -0.043004
     685   -0.042776
     686   -0.042776
     687   -0.042527
     688   -0.042527
     689   -0.042257
     690   -0.042257
     691   -0.041963
     692   -0.041963
     693   -0.041650
     694   -0.041650
     695   -0.041326
     696   -0.041326
     697   -0.040984
     698   -0.040984
     699   -0.040586
     700   -0.040586
     701   -0.040111
     702   -0.040111
     703   -0.039580
     704   -0.039580
     705   -0.039001
     706   -0.039001
     707   -0.038358
     708   -0.038358
     709   -0.037651
     710   -0.037651
     711   -0.036933
     712   -0.036933
     713   -0.036369
     714   -0.036369
     715   -0.036095
     716   -0.036095
     717   -0.036039
     718   -0.036039
     719   -0.036042
     720   -0.036042
     721   -0.036022
     722   -0.036022
     723   -0.035946
     724   -0.035946
     725   -0.035811
     726   -0.035811
     727   -0.035637
     728   -0.035637
     729   -0.035430
     730   -0.035430
     731   -0.035186
     732   -0.035186
     733   -0.034909
     734   -0.034909
     735   -0.034603
     736   -0.034603
     737   -0.034271
     738   -0.034271
     739   -0.033913
     740   -0.033913
     741   -0.033529
     742   -0.033529
     743   -0.033125
     744   -0.033125
     745   -0.032704
     746   -0.032704
     747   -0.032260
     748   -0.032260
     749   -0.031768
     750   -0.031768
     751   -0.031224
     752   -0.031224
     753   -0.030637
     754   -0.030637
     755   -0.030018
     756   -0.030018
     757   -0.029372
     758   -0.029372
     759   -0.028685
     760   -0.028685
     761   -0.027929
     762   -0.027929
     763   -0.027062
     764   -0.027062
     765   -0.026074
     766   -0.026074
     767   -0.025083
     768   -0.025083
     769   -0.024254
     770   -0.024254
     771   -0.023480
     772   -0.023480
     773   -0.022559
     774   -0.022559
     775   -0.021461
     776   -0.021461
     777   -0.020200
     778   -0.020200
     779   -0.018846
     780   -0.018846
     781   -0.017453
     782   -0.017453
     783   -0.015928
     784   -0.015928
     785   -0.013835
     786   -0.013835
     787   -0.011256
     788   -0.011256
     789   -0.009173
     790   -0.009173
     791   -0.007955
     792   -0.007955
     793   -0.059123
     794   -0.059123
     795   -0.059015
     796   -0.059015
     797   -0.058905
     798   -0.058905
     799   -0.058906
     800   -0.058906
     801   -0.058948
     802   -0.058948
     803   -0.058965
     804   -0.058965
     805   -0.058958
     806   -0.058958
     807   -0.058935
     808   -0.058935
     809   -0.058903
     810   -0.058903
     811   -0.058862
     812   -0.058862
     813   -0.058814
     814   -0.058814
     815   -0.058759
     816   -0.058759
     817   -0.058698
     818   -0.058698
     819   -0.058631
     820   -0.058631
     821   -0.058557
     822   -0.058557
     823   -0.058479
     824   -0.058479
     825   -0.058393
     826   -0.058393
     827   -0.058300
     828   -0.058300
     829   -0.058200
     830   -0.058200
     831   -0.058096
     832   -0.058096
     833   -0.057990
     834   -0.057990
     835   -0.057882
     836   -0.057882
     837   -0.057774
     838   -0.057774
     839   -0.057665
     840   -0.057665
     841   -0.057553
     842   -0.057553
     843   -0.057438
     844   -0.057438
     845   -0.057318
     846   -0.057318
     847   -0.057194
     848   -0.057194
     849   -0.057065
     850   -0.057065
     851   -0.056931
     852   -0.056931
     853   -0.056791
     854   -0.056791
     855   -0.056646
     856   -0.056646
     857   -0.056498
     858   -0.056498
     859   -0.056346
     860   -0.056346
     861   -0.056193
     862   -0.056193
     863   -0.056038
     864   -0.056038
     865   -0.055875
     866   -0.055875
     867   -0.055691
     868   -0.055691
     869   -0.055486
     870   -0.055486
     871   -0.055269
     872   -0.055269
     873   -0.055047
     874   -0.055047
     875   -0.054821
     876   -0.054821
     877   -0.054584
     878   -0.054584
     879   -0.054336
     880   -0.054336
     881   -0.054076
     882   -0.054076
     883   -0.053798
     884   -0.053798
     885   -0.053498
     886   -0.053498
     887   -0.053171
     888   -0.053171
     889   -0.052819
     890   -0.052819
     891   -0.052439
     892   -0.052439
     893   -0.052032
     894   -0.052032
     895   -0.051590
     896   -0.051590
     897   -0.051092
     898   -0.051092
     899   -0.050531
     900   -0.050531
     901   -0.049916
     902   -0.049916
     903   -0.049247
     904   -0.049247
     905   -0.048515
     906   -0.048515
     907   -0.047737
     908   -0.047737
     909   -0.046981
     910   -0.046981
     911   -0.046374
     912   -0.046374
     913   -0.046040
     914   -0.046040
     915   -0.045934
     916   -0.045934
     917   -0.045903
     918   -0.045903
     919   -0.045860
     920   -0.045860
     921   -0.045770
     922   -0.045770
     923   -0.045617
     924   -0.045617
     925   -0.045414
     926   -0.045414
     927   -0.045161
     928   -0.045161
     929   -0.044859
     930   -0.044859
     931   -0.044518
     932   -0.044518
     933   -0.044145
     934   -0.044145
     935   -0.043740
     936   -0.043740
     937   -0.043301
     938   -0.043301
     939   -0.042827
     940   -0.042827
     941   -0.042325
     942   -0.042325
     943   -0.041798
     944   -0.041798
     945   -0.041231
     946   -0.041231
     947   -0.040607
     948   -0.040607
     949   -0.039928
     950   -0.039928
     951   -0.039209
     952   -0.039209
     953   -0.038451
     954   -0.038451
     955   -0.037649
     956   -0.037649
     957   -0.036809
     958   -0.036809
     959   -0.035927
     960   -0.035927
     961   -0.034971
     962   -0.034971
     963   -0.033946
     964   -0.033946
     965   -0.032905
     966   -0.032905
     967   -0.031910
     968   -0.031910
     969   -0.030904
     970   -0.030904
     971   -0.029772
     972   -0.029772
     973   -0.028481
     974   -0.028481
     975   -0.027014
     976   -0.027014
     977   -0.025504
     978   -0.025504
     979   -0.023927
     980   -0.023927
     981   -0.021984
     982   -0.021984
     983   -0.019328
     984   -0.019328
     985   -0.016116
     986   -0.016116
     987   -0.013294
     988   -0.013294
     989   -0.011410
     990   -0.011410
     991   -0.072218
     992   -0.072218
     993   -0.072105
     994   -0.072105
     995   -0.071992
     996   -0.071992
     997   -0.071991
     998   -0.071991
     999   -0.072026
    1000   -0.072026
    1001   -0.072028
    1002   -0.072028
    1003   -0.072009
    1004   -0.072009
    1005   -0.071976
    1006   -0.071976
    1007   -0.071933
    1008   -0.071933
    1009   -0.071883
    1010   -0.071883
    1011   -0.071827
    1012   -0.071827
    1013   -0.071764
    1014   -0.071764
    1015   -0.071693
    1016   -0.071693
    1017   -0.071615
    1018   -0.071615
    1019   -0.071531
    1020   -0.071531
    1021   -0.071440
    1022   -0.071440
    1023   -0.071344
    1024   -0.071344
    1025   -0.071240
    1026   -0.071240
    1027   -0.071129
    1028   -0.071129
    1029   -0.071010
    1030   -0.071010
    1031   -0.070887
    1032   -0.070887
    1033   -0.070762
    1034   -0.070762
    1035   -0.070637
    1036   -0.070637
    1037   -0.070510
    1038   -0.070510
    1039   -0.070379
    1040   -0.070379
    1041   -0.070244
    1042   -0.070244
    1043   -0.070104
    1044   -0.070104
    1045   -0.069958
    1046   -0.069958
    1047   -0.069806
    1048   -0.069806
    1049   -0.069647
    1050   -0.069647
    1051   -0.069482
    1052   -0.069482
    1053   -0.069310
    1054   -0.069310
    1055   -0.069133
    1056   -0.069133
    1057   -0.068952
    1058   -0.068952
    1059   -0.068768
    1060   -0.068768
    1061   -0.068578
    1062   -0.068578
    1063   -0.068378
    1064   -0.068378
    1065   -0.068161
    1066   -0.068161
    1067   -0.067926
    1068   -0.067926
    1069   -0.067679
    1070   -0.067679
    1071   -0.067421
    1072   -0.067421
    1073   -0.067153
    1074   -0.067153
    1075   -0.066873
    1076   -0.066873
    1077   -0.066581
    1078   -0.066581
    1079   -0.066272
    1080   -0.066272
    1081   -0.065943
    1082   -0.065943
    1083   -0.065591
    1084   -0.065591
    1085   -0.065214
    1086   -0.065214
    1087   -0.064809
    1088   -0.064809
    1089   -0.064372
    1090   -0.064372
    1091   -0.063891
    1092   -0.063891
    1093   -0.063359
    1094   -0.063359
    1095   -0.062782
    1096   -0.062782
    1097   -0.062163
    1098   -0.062163
    1099   -0.061491
    1100   -0.061491
    1101   -0.060754
    1102   -0.060754
    1103   -0.059950
    1104   -0.059950
    1105   -0.059108
    1106   -0.059108
    1107   -0.058289
    1108   -0.058289
    1109   -0.057605
    1110   -0.057605
    1111   -0.057180
    1112   -0.057180
    1113   -0.056988
    1114   -0.056988
    1115   -0.056885
    1116   -0.056885
    1117   -0.056777
    1118   -0.056777
    1119   -0.056627
    1120   -0.056627
    1121   -0.056414
    1122   -0.056414
    1123   -0.056147
    1124   -0.056147
    1125   -0.055832
    1126   -0.055832
    1127   -0.055464
    1128   -0.055464
    1129   -0.055050
    1130   -0.055050
    1131   -0.054592
    1132   -0.054592
    1133   -0.054092
    1134   -0.054092
    1135   -0.053555
    1136   -0.053555
    1137   -0.052979
    1138   -0.052979
    1139   -0.052365
    1140   -0.052365
    1141   -0.051711
    1142   -0.051711
    1143   -0.051006
    1144   -0.051006
    1145   -0.050238
    1146   -0.050238
    1147   -0.049413
    1148   -0.049413
    1149   -0.048549
    1150   -0.048549
    1151   -0.047637
    1152   -0.047637
    1153   -0.046663
    1154   -0.046663
    1155   -0.045642
    1156   -0.045642
    1157   -0.044583
    1158   -0.044583
    1159   -0.043477
    1160   -0.043477
    1161   -0.042322
    1162   -0.042322
    1163   -0.041137
    1164   -0.041137
    1165   -0.039933
    1166   -0.039933
    1167   -0.038678
    1168   -0.038678
    1169   -0.037312
    1170   -0.037312
    1171   -0.035782
    1172   -0.035782
    1173   -0.034033
    1174   -0.034033
    1175   -0.032289
    1176   -0.032289
    1177   -0.030474
    1178   -0.030474
    1179   -0.028080
    1180   -0.028080
    1181   -0.025074
    1182   -0.025074
    1183   -0.021624
    1184   -0.021624
    1185   -0.018134
    1186   -0.018134
    1187   -0.015469
    1188   -0.015469
    1189   -0.087226
    1190   -0.087226
    1191   -0.087150
    1192   -0.087150
    1193   -0.087081
    1194   -0.087081
    1195   -0.087065
    1196   -0.087065
    1197   -0.087040
    1198   -0.087040
    1199   -0.086990
    1200   -0.086990
    1201   -0.086939
    1202   -0.086939
    1203   -0.086884
    1204   -0.086884
    1205   -0.086823
    1206   -0.086823
    1207   -0.086760
    1208   -0.086760
    1209   -0.086694
    1210   -0.086694
    1211   -0.086621
    1212   -0.086621
    1213   -0.086541
    1214   -0.086541
    1215   -0.086453
    1216   -0.086453
    1217   -0.086357
    1218   -0.086357
    1219   -0.086254
    1220   -0.086254
    1221   -0.086144
    1222   -0.086144
    1223   -0.086026
    1224   -0.086026
    1225   -0.085900
    1226   -0.085900
    1227   -0.085764
    1228   -0.085764
    1229   -0.085623
    1230   -0.085623
    1231   -0.085481
    1232   -0.085481
    1233   -0.085340
    1234   -0.085340
    1235   -0.085196
    1236   -0.085196
    1237   -0.085047
    1238   -0.085047
    1239   -0.084893
    1240   -0.084893
    1241   -0.084732
    1242   -0.084732
    1243   -0.084563
    1244   -0.084563
    1245   -0.084387
    1246   -0.084387
    1247   -0.084203
    1248   -0.084203
    1249   -0.084009
    1250   -0.084009
    1251   -0.083807
    1252   -0.083807
    1253   -0.083598
    1254   -0.083598
    1255   -0.083386
    1256   -0.083386
    1257   -0.083172
    1258   -0.083172
    1259   -0.082949
    1260   -0.082949
    1261   -0.082715
    1262   -0.082715
    1263   -0.082467
    1264   -0.082467
    1265   -0.082203
    1266   -0.082203
    1267   -0.081923
    1268   -0.081923
    1269   -0.081626
    1270   -0.081626
    1271   -0.081315
    1272   -0.081315
    1273   -0.080990
    1274   -0.080990
    1275   -0.080650
    1276   -0.080650
    1277   -0.080290
    1278   -0.080290
    1279   -0.079910
    1280   -0.079910
    1281   -0.079509
    1282   -0.079509
    1283   -0.079084
    1284   -0.079084
    1285   -0.078631
    1286   -0.078631
    1287   -0.078144
    1288   -0.078144
    1289   -0.077610
    1290   -0.077610
    1291   -0.077024
    1292   -0.077024
    1293   -0.076399
    1294   -0.076399
    1295   -0.075737
    1296   -0.075737
    1297   -0.075016
    1298   -0.075016
    1299   -0.074218
    1300   -0.074218
    1301   -0.073349
    1302   -0.073349
    1303   -0.072440
    1304   -0.072440
    1305   -0.071537
    1306   -0.071537
    1307   -0.070730
    1308   -0.070730
    1309   -0.070163
    1310   -0.070163
    1311   -0.069852
    1312   -0.069852
    1313   -0.069650
    1314   -0.069650
    1315   -0.069437
    1316   -0.069437
    1317   -0.069171
    1318   -0.069171
    1319   -0.068843
    1320   -0.068843
    1321   -0.068466
    1322   -0.068466
    1323   -0.068056
    1324   -0.068056
    1325   -0.067603
    1326   -0.067603
    1327   -0.067094
    1328   -0.067094
    1329   -0.066524
    1330   -0.066524
    1331   -0.065903
    1332   -0.065903
    1333   -0.065242
    1334   -0.065242
    1335   -0.064542
    1336   -0.064542
    1337   -0.063795
    1338   -0.063795
    1339   -0.062992
    1340   -0.062992
    1341   -0.062130
    1342   -0.062130
    1343   -0.061209
    1344   -0.061209
    1345   -0.060228
    1346   -0.060228
    1347   -0.059197
    1348   -0.059197
    1349   -0.058106
    1350   -0.058106
    1351   -0.056946
    1352   -0.056946
    1353   -0.055731
    1354   -0.055731
    1355   -0.054465
    1356   -0.054465
    1357   -0.053150
    1358   -0.053150
    1359   -0.051788
    1360   -0.051788
    1361   -0.050382
    1362   -0.050382
    1363   -0.048926
    1364   -0.048926
    1365   -0.047395
    1366   -0.047395
    1367   -0.045753
    1368   -0.045753
    1369   -0.043943
    1370   -0.043943
    1371   -0.041872
    1372   -0.041872
    1373   -0.039677
    1374   -0.039677
    1375   -0.037358
    1376   -0.037358
    1377   -0.034509
    1378   -0.034509
    1379   -0.031130
    1380   -0.031130
    1381   -0.027282
    1382   -0.027282
    1383   -0.023084
    1384   -0.023084
    1385   -0.019687
    1386   -0.019687
    1387   -0.105165
    1388   -0.105165
    1389   -0.105055
    1390   -0.105055
    1391   -0.104915
    1392   -0.104915
    1393   -0.104794
    1394   -0.104794
    1395   -0.104671
    1396   -0.104671
    1397   -0.104546
    1398   -0.104546
    1399   -0.104430
    1400   -0.104430
    1401   -0.104318
    1402   -0.104318
    1403   -0.104211
    1404   -0.104211
    1405   -0.104114
    1406   -0.104114
    1407   -0.104023
    1408   -0.104023
    1409   -0.103931
    1410   -0.103931
    1411   -0.103834
    1412   -0.103834
    1413   -0.103729
    1414   -0.103729
    1415   -0.103617
    1416   -0.103617
    1417   -0.103495
    1418   -0.103495
    1419   -0.103364
    1420   -0.103364
    1421   -0.103224
    1422   -0.103224
    1423   -0.103075
    1424   -0.103075
    1425   -0.102916
    1426   -0.102916
    1427   -0.102749
    1428   -0.102749
    1429   -0.102584
    1430   -0.102584
    1431   -0.102423
    1432   -0.102423
    1433   -0.102258
    1434   -0.102258
    1435   -0.102086
    1436   -0.102086
    1437   -0.101909
    1438   -0.101909
    1439   -0.101724
    1440   -0.101724
    1441   -0.101531
    1442   -0.101531
    1443   -0.101328
    1444   -0.101328
    1445   -0.101114
    1446   -0.101114
    1447   -0.100890
    1448   -0.100890
    1449   -0.100654
    1450   -0.100654
    1451   -0.100409
    1452   -0.100409
    1453   -0.100163
    1454   -0.100163
    1455   -0.099916
    1456   -0.099916
    1457   -0.099659
    1458   -0.099659
    1459   -0.099391
    1460   -0.099391
    1461   -0.099110
    1462   -0.099110
    1463   -0.098815
    1464   -0.098815
    1465   -0.098499
    1466   -0.098499
    1467   -0.098162
    1468   -0.098162
    1469   -0.097808
    1470   -0.097808
    1471   -0.097437
    1472   -0.097437
    1473   -0.097049
    1474   -0.097049
    1475   -0.096641
    1476   -0.096641
    1477   -0.096210
    1478   -0.096210
    1479   -0.095758
    1480   -0.095758
    1481   -0.095283
    1482   -0.095283
    1483   -0.094777
    1484   -0.094777
    1485   -0.094236
    1486   -0.094236
    1487   -0.093652
    1488   -0.093652
    1489   -0.093022
    1490   -0.093022
    1491   -0.092352
    1492   -0.092352
    1493   -0.091638
    1494   -0.091638
    1495   -0.090861
    1496   -0.090861
    1497   -0.090010
    1498   -0.090010
    1499   -0.089093
    1500   -0.089093
    1501   -0.088134
    1502   -0.088134
    1503   -0.087169
    1504   -0.087169
    1505   -0.086284
    1506   -0.086284
    1507   -0.085632
    1508   -0.085632
    1509   -0.085238
    1510   -0.085238
    1511   -0.084948
    1512   -0.084948
    1513   -0.084635
    1514   -0.084635
    1515   -0.084259
    1516   -0.084259
    1517   -0.083814
    1518   -0.083814
    1519   -0.083304
    1520   -0.083304
    1521   -0.082751
    1522   -0.082751
    1523   -0.082156
    1524   -0.082156
    1525   -0.081499
    1526   -0.081499
    1527   -0.080782
    1528   -0.080782
    1529   -0.080011
    1530   -0.080011
    1531   -0.079191
    1532   -0.079191
    1533   -0.078329
    1534   -0.078329
    1535   -0.077417
    1536   -0.077417
    1537   -0.076444
    1538   -0.076444
    1539   -0.075411
    1540   -0.075411
    1541   -0.074324
    1542   -0.074324
    1543   -0.073178
    1544   -0.073178
    1545   -0.071965
    1546   -0.071965
    1547   -0.070687
    1548   -0.070687
    1549   -0.069341
    1550   -0.069341
    1551   -0.067934
    1552   -0.067934
    1553   -0.066463
    1554   -0.066463
    1555   -0.064934
    1556   -0.064934
    1557   -0.063342
    1558   -0.063342
    1559   -0.061686
    1560   -0.061686
    1561   -0.059957
    1562   -0.059957
    1563   -0.058125
    1564   -0.058125
    1565   -0.056153
    1566   -0.056153
    1567   -0.054036
    1568   -0.054036
    1569   -0.051668
    1570   -0.051668
    1571   -0.048927
    1572   -0.048927
    1573   -0.045924
    1574   -0.045924
    1575   -0.042564
    1576   -0.042564
    1577   -0.038627
    1578   -0.038627
    1579   -0.034002
    1580   -0.034002
    1581   -0.028866
    1582   -0.028866
    1583   -0.024648
    1584   -0.024648
    1585   -0.127132
    1586   -0.127132
    1587   -0.126883
    1588   -0.126883
    1589   -0.126531
    1590   -0.126531
    1591   -0.126226
    1592   -0.126226
    1593   -0.125969
    1594   -0.125969
    1595   -0.125736
    1596   -0.125736
    1597   -0.125513
    1598   -0.125513
    1599   -0.125300
    1600   -0.125300
    1601   -0.125112
    1602   -0.125112
    1603   -0.124954
    1604   -0.124954
    1605   -0.124816
    1606   -0.124816
    1607   -0.124687
    1608   -0.124687
    1609   -0.124560
    1610   -0.124560
    1611   -0.124430
    1612   -0.124430
    1613   -0.124292
    1614   -0.124292
    1615   -0.124145
    1616   -0.124145
    1617   -0.123986
    1618   -0.123986
    1619   -0.123818
    1620   -0.123818
    1621   -0.123642
    1622   -0.123642
    1623   -0.123456
    1624   -0.123456
    1625   -0.123260
    1626   -0.123260
    1627   -0.123065
    1628   -0.123065
    1629   -0.122872
    1630   -0.122872
    1631   -0.122676
    1632   -0.122676
    1633   -0.122476
    1634   -0.122476
    1635   -0.122272
    1636   -0.122272
    1637   -0.122062
    1638   -0.122062
    1639   -0.121841
    1640   -0.121841
    1641   -0.121609
    1642   -0.121609
    1643   -0.121364
    1644   -0.121364
    1645   -0.121105
    1646   -0.121105
    1647   -0.120834
    1648   -0.120834
    1649   -0.120552
    1650   -0.120552
    1651   -0.120266
    1652   -0.120266
    1653   -0.119977
    1654   -0.119977
    1655   -0.119679
    1656   -0.119679
    1657   -0.119371
    1658   -0.119371
    1659   -0.119052
    1660   -0.119052
    1661   -0.118718
    1662   -0.118718
    1663   -0.118363
    1664   -0.118363
    1665   -0.117986
    1666   -0.117986
    1667   -0.117589
    1668   -0.117589
    1669   -0.117173
    1670   -0.117173
    1671   -0.116738
    1672   -0.116738
    1673   -0.116283
    1674   -0.116283
    1675   -0.115803
    1676   -0.115803
    1677   -0.115296
    1678   -0.115296
    1679   -0.114761
    1680   -0.114761
    1681   -0.114192
    1682   -0.114192
    1683   -0.113585
    1684   -0.113585
    1685   -0.112937
    1686   -0.112937
    1687   -0.112248
    1688   -0.112248
    1689   -0.111516
    1690   -0.111516
    1691   -0.110739
    1692   -0.110739
    1693   -0.109907
    1694   -0.109907
    1695   -0.109011
    1696   -0.109011
    1697   -0.108060
    1698   -0.108060
    1699   -0.107066
    1700   -0.107066
    1701   -0.106068
    1702   -0.106068
    1703   -0.105165
    1704   -0.105165
    1705   -0.104502
    1706   -0.104502
    1707   -0.104074
    1708   -0.104074
    1709   -0.103721
    1710   -0.103721
    1711   -0.103334
    1712   -0.103334
    1713   -0.102882
    1714   -0.102882
    1715   -0.102345
    1716   -0.102345
    1717   -0.101717
    1718   -0.101717
    1719   -0.101015
    1720   -0.101015
    1721   -0.100249
    1722   -0.100249
    1723   -0.099423
    1724   -0.099423
    1725   -0.098542
    1726   -0.098542
    1727   -0.097596
    1728   -0.097596
    1729   -0.096590
    1730   -0.096590
    1731   -0.095535
    1732   -0.095535
    1733   -0.094432
    1734   -0.094432
    1735   -0.093271
    1736   -0.093271
    1737   -0.092052
    1738   -0.092052
    1739   -0.090771
    1740   -0.090771
    1741   -0.089426
    1742   -0.089426
    1743   -0.088011
    1744   -0.088011
    1745   -0.086531
    1746   -0.086531
    1747   -0.084984
    1748   -0.084984
    1749   -0.083364
    1750   -0.083364
    1751   -0.081669
    1752   -0.081669
    1753   -0.079902
    1754   -0.079902
    1755   -0.078052
    1756   -0.078052
    1757   -0.076109
    1758   -0.076109
    1759   -0.074063
    1760   -0.074063
    1761   -0.071875
    1762   -0.071875
    1763   -0.069511
    1764   -0.069511
    1765   -0.067001
    1766   -0.067001
    1767   -0.064265
    1768   -0.064265
    1769   -0.061054
    1770   -0.061054
    1771   -0.057417
    1772   -0.057417
    1773   -0.053372
    1774   -0.053372
    1775   -0.048594
    1776   -0.048594
    1777   -0.042874
    1778   -0.042874
    1779   -0.036474
    1780   -0.036474
    1781   -0.031156
    1782   -0.031156
    1783   -0.154463
    1784   -0.154463
    1785   -0.154079
    1786   -0.154079
    1787   -0.153545
    1788   -0.153545
    1789   -0.153093
    1790   -0.153093
    1791   -0.152709
    1792   -0.152709
    1793   -0.152364
    1794   -0.152364
    1795   -0.152031
    1796   -0.152031
    1797   -0.151714
    1798   -0.151714
    1799   -0.151437
    1800   -0.151437
    1801   -0.151204
    1802   -0.151204
    1803   -0.150999
    1804   -0.150999
    1805   -0.150811
    1806   -0.150811
    1807   -0.150634
    1808   -0.150634
    1809   -0.150462
    1810   -0.150462
    1811   -0.150289
    1812   -0.150289
    1813   -0.150108
    1814   -0.150108
    1815   -0.149915
    1816   -0.149915
    1817   -0.149716
    1818   -0.149716
    1819   -0.149511
    1820   -0.149511
    1821   -0.149296
    1822   -0.149296
    1823   -0.149070
    1824   -0.149070
    1825   -0.148840
    1826   -0.148840
    1827   -0.148608
    1828   -0.148608
    1829   -0.148375
    1830   -0.148375
    1831   -0.148141
    1832   -0.148141
    1833   -0.147907
    1834   -0.147907
    1835   -0.147670
    1836   -0.147670
    1837   -0.147421
    1838   -0.147421
    1839   -0.147157
    1840   -0.147157
    1841   -0.146878
    1842   -0.146878
    1843   -0.146583
    1844   -0.146583
    1845   -0.146276
    1846   -0.146276
    1847   -0.145955
    1848   -0.145955
    1849   -0.145625
    1850   -0.145625
    1851   -0.145286
    1852   -0.145286
    1853   -0.144940
    1854   -0.144940
    1855   -0.144586
    1856   -0.144586
    1857   -0.144221
    1858   -0.144221
    1859   -0.143841
    1860   -0.143841
    1861   -0.143443
    1862   -0.143443
    1863   -0.143022
    1864   -0.143022
    1865   -0.142579
    1866   -0.142579
    1867   -0.142115
    1868   -0.142115
    1869   -0.141631
    1870   -0.141631
    1871   -0.141125
    1872   -0.141125
    1873   -0.140591
    1874   -0.140591
    1875   -0.140022
    1876   -0.140022
    1877   -0.139419
    1878   -0.139419
    1879   -0.138778
    1880   -0.138778
    1881   -0.138097
    1882   -0.138097
    1883   -0.137376
    1884   -0.137376
    1885   -0.136614
    1886   -0.136614
    1887   -0.135807
    1888   -0.135807
    1889   -0.134958
    1890   -0.134958
    1891   -0.134063
    1892   -0.134063
    1893   -0.133116
    1894   -0.133116
    1895   -0.132120
    1896   -0.132120
    1897   -0.131079
    1898   -0.131079
    1899   -0.130033
    1900   -0.130033
    1901   -0.129090
    1902   -0.129090
    1903   -0.128389
    1904   -0.128389
    1905   -0.127912
    1906   -0.127912
    1907   -0.127496
    1908   -0.127496
    1909   -0.127036
    1910   -0.127036
    1911   -0.126501
    1912   -0.126501
    1913   -0.125878
    1914   -0.125878
    1915   -0.125156
    1916   -0.125156
    1917   -0.124334
    1918   -0.124334
    1919   -0.123419
    1920   -0.123419
    1921   -0.122434
    1922   -0.122434
    1923   -0.121381
    1924   -0.121381
    1925   -0.120253
    1926   -0.120253
    1927   -0.119053
    1928   -0.119053
    1929   -0.117789
    1930   -0.117789
    1931   -0.116462
    1932   -0.116462
    1933   -0.115073
    1934   -0.115073
    1935   -0.113615
    1936   -0.113615
    1937   -0.112081
    1938   -0.112081
    1939   -0.110482
    1940   -0.110482
    1941   -0.108817
    1942   -0.108817
    1943   -0.107080
    1944   -0.107080
    1945   -0.105266
    1946   -0.105266
    1947   -0.103361
    1948   -0.103361
    1949   -0.101367
    1950   -0.101367
    1951   -0.099289
    1952   -0.099289
    1953   -0.097111
    1954   -0.097111
    1955   -0.094807
    1956   -0.094807
    1957   -0.092357
    1958   -0.092357
    1959   -0.089732
    1960   -0.089732
    1961   -0.086909
    1962   -0.086909
    1963   -0.083903
    1964   -0.083903
    1965   -0.080675
    1966   -0.080675
    1967   -0.077020
    1968   -0.077020
    1969   -0.072803
    1970   -0.072803
    1971   -0.067920
    1972   -0.067920
    1973   -0.062066
    1974   -0.062066
    1975   -0.054997
    1976   -0.054997
    1977   -0.046993
    1978   -0.046993
    1979   -0.040243
    1980   -0.040243
    1981   -0.189093
    1982   -0.189093
    1983   -0.188654
    1984   -0.188654
    1985   -0.188048
    1986   -0.188048
    1987   -0.187539
    1988   -0.187539
    1989   -0.187083
    1990   -0.187083
    1991   -0.186656
    1992   -0.186656
    1993   -0.186253
    1994   -0.186253
    1995   -0.185878
    1996   -0.185878
    1997   -0.185540
    1998   -0.185540
    1999   -0.185235
    2000   -0.185235
    2001   -0.184956
    2002   -0.184956
    2003   -0.184699
    2004   -0.184699
    2005   -0.184460
    2006   -0.184460
    2007   -0.184234
    2008   -0.184234
    2009   -0.184013
    2010   -0.184013
    2011   -0.183790
    2012   -0.183790
    2013   -0.183561
    2014   -0.183561
    2015   -0.183326
    2016   -0.183326
    2017   -0.183085
    2018   -0.183085
    2019   -0.182834
    2020   -0.182834
    2021   -0.182573
    2022   -0.182573
    2023   -0.182305
    2024   -0.182305
    2025   -0.182032
    2026   -0.182032
    2027   -0.181761
    2028   -0.181761
    2029   -0.181491
    2030   -0.181491
    2031   -0.181222
    2032   -0.181222
    2033   -0.180949
    2034   -0.180949
    2035   -0.180665
    2036   -0.180665
    2037   -0.180367
    2038   -0.180367
    2039   -0.180052
    2040   -0.180052
    2041   -0.179722
    2042   -0.179722
    2043   -0.179375
    2044   -0.179375
    2045   -0.179013
    2046   -0.179013
    2047   -0.178636
    2048   -0.178636
    2049   -0.178245
    2050   -0.178245
    2051   -0.177846
    2052   -0.177846
    2053   -0.177438
    2054   -0.177438
    2055   -0.177020
    2056   -0.177020
    2057   -0.176586
    2058   -0.176586
    2059   -0.176135
    2060   -0.176135
    2061   -0.175662
    2062   -0.175662
    2063   -0.175166
    2064   -0.175166
    2065   -0.174651
    2066   -0.174651
    2067   -0.174113
    2068   -0.174113
    2069   -0.173547
    2070   -0.173547
    2071   -0.172944
    2072   -0.172944
    2073   -0.172300
    2074   -0.172300
    2075   -0.171620
    2076   -0.171620
    2077   -0.170904
    2078   -0.170904
    2079   -0.170147
    2080   -0.170147
    2081   -0.169349
    2082   -0.169349
    2083   -0.168509
    2084   -0.168509
    2085   -0.167624
    2086   -0.167624
    2087   -0.166694
    2088   -0.166694
    2089   -0.165720
    2090   -0.165720
    2091   -0.164702
    2092   -0.164702
    2093   -0.163637
    2094   -0.163637
    2095   -0.162523
    2096   -0.162523
    2097   -0.161395
    2098   -0.161395
    2099   -0.160366
    2100   -0.160366
    2101   -0.159580
    2102   -0.159580
    2103   -0.159014
    2104   -0.159014
    2105   -0.158502
    2106   -0.158502
    2107   -0.157935
    2108   -0.157935
    2109   -0.157276
    2110   -0.157276
    2111   -0.156517
    2112   -0.156517
    2113   -0.155653
    2114   -0.155653
    2115   -0.154667
    2116   -0.154667
    2117   -0.153562
    2118   -0.153562
    2119   -0.152360
    2120   -0.152360
    2121   -0.151074
    2122   -0.151074
    2123   -0.149711
    2124   -0.149711
    2125   -0.148266
    2126   -0.148266
    2127   -0.146731
    2128   -0.146731
    2129   -0.145109
    2130   -0.145109
    2131   -0.143400
    2132   -0.143400
    2133   -0.141606
    2134   -0.141606
    2135   -0.139732
    2136   -0.139732
    2137   -0.137790
    2138   -0.137790
    2139   -0.135773
    2140   -0.135773
    2141   -0.133669
    2142   -0.133669
    2143   -0.131471
    2144   -0.131471
    2145   -0.129161
    2146   -0.129161
    2147   -0.126753
    2148   -0.126753
    2149   -0.124253
    2150   -0.124253
    2151   -0.121622
    2152   -0.121622
    2153   -0.118837
    2154   -0.118837
    2155   -0.115882
    2156   -0.115882
    2157   -0.112726
    2158   -0.112726
    2159   -0.109339
    2160   -0.109339
    2161   -0.105729
    2162   -0.105729
    2163   -0.101914
    2164   -0.101914
    2165   -0.097724
    2166   -0.097724
    2167   -0.092880
    2168   -0.092880
    2169   -0.087137
    2170   -0.087137
    2171   -0.080147
    2172   -0.080147
    2173   -0.071584
    2174   -0.071584
    2175   -0.061696
    2176   -0.061696
    2177   -0.053203
    2178   -0.053203
    2179   -0.233853
    2180   -0.233853
    2181   -0.233567
    2182   -0.233567
    2183   -0.233167
    2184   -0.233167
    2185   -0.232797
    2186   -0.232797
    2187   -0.232397
    2188   -0.232397
    2189   -0.231972
    2190   -0.231972
    2191   -0.231574
    2192   -0.231574
    2193   -0.231209
    2194   -0.231209
    2195   -0.230857
    2196   -0.230857
    2197   -0.230509
    2198   -0.230509
    2199   -0.230173
    2200   -0.230173
    2201   -0.229858
    2202   -0.229858
    2203   -0.229562
    2204   -0.229562
    2205   -0.229280
    2206   -0.229280
    2207   -0.229006
    2208   -0.229006
    2209   -0.228735
    2210   -0.228735
    2211   -0.228463
    2212   -0.228463
    2213   -0.228185
    2214   -0.228185
    2215   -0.227898
    2216   -0.227898
    2217   -0.227600
    2218   -0.227600
    2219   -0.227294
    2220   -0.227294
    2221   -0.226982
    2222   -0.226982
    2223   -0.226666
    2224   -0.226666
    2225   -0.226353
    2226   -0.226353
    2227   -0.226040
    2228   -0.226040
    2229   -0.225725
    2230   -0.225725
    2231   -0.225405
    2232   -0.225405
    2233   -0.225076
    2234   -0.225076
    2235   -0.224735
    2236   -0.224735
    2237   -0.224380
    2238   -0.224380
    2239   -0.224008
    2240   -0.224008
    2241   -0.223615
    2242   -0.223615
    2243   -0.223203
    2244   -0.223203
    2245   -0.222773
    2246   -0.222773
    2247   -0.222326
    2248   -0.222326
    2249   -0.221864
    2250   -0.221864
    2251   -0.221390
    2252   -0.221390
    2253   -0.220904
    2254   -0.220904
    2255   -0.220404
    2256   -0.220404
    2257   -0.219885
    2258   -0.219885
    2259   -0.219344
    2260   -0.219344
    2261   -0.218783
    2262   -0.218783
    2263   -0.218202
    2264   -0.218202
    2265   -0.217600
    2266   -0.217600
    2267   -0.216964
    2268   -0.216964
    2269   -0.216275
    2270   -0.216275
    2271   -0.215537
    2272   -0.215537
    2273   -0.214765
    2274   -0.214765
    2275   -0.213960
    2276   -0.213960
    2277   -0.213121
    2278   -0.213121
    2279   -0.212239
    2280   -0.212239
    2281   -0.211313
    2282   -0.211313
    2283   -0.210342
    2284   -0.210342
    2285   -0.209318
    2286   -0.209318
    2287   -0.208241
    2288   -0.208241
    2289   -0.207110
    2290   -0.207110
    2291   -0.205919
    2292   -0.205919
    2293   -0.204665
    2294   -0.204665
    2295   -0.203374
    2296   -0.203374
    2297   -0.202172
    2298   -0.202172
    2299   -0.201221
    2300   -0.201221
    2301   -0.200481
    2302   -0.200481
    2303   -0.199782
    2304   -0.199782
    2305   -0.199017
    2306   -0.199017
    2307   -0.198130
    2308   -0.198130
    2309   -0.197114
    2310   -0.197114
    2311   -0.195972
    2312   -0.195972
    2313   -0.194694
    2314   -0.194694
    2315   -0.193275
    2316   -0.193275
    2317   -0.191727
    2318   -0.191727
    2319   -0.190074
    2320   -0.190074
    2321   -0.188334
    2322   -0.188334
    2323   -0.186497
    2324   -0.186497
    2325   -0.184553
    2326   -0.184553
    2327   -0.182500
    2328   -0.182500
    2329   -0.180339
    2330   -0.180339
    2331   -0.178079
    2332   -0.178079
    2333   -0.175728
    2334   -0.175728
    2335   -0.173281
    2336   -0.173281
    2337   -0.170731
    2338   -0.170731
    2339   -0.168075
    2340   -0.168075
    2341   -0.165311
    2342   -0.165311
    2343   -0.162415
    2344   -0.162415
    2345   -0.159387
    2346   -0.159387
    2347   -0.156229
    2348   -0.156229
    2349   -0.152916
    2350   -0.152916
    2351   -0.149461
    2352   -0.149461
    2353   -0.145845
    2354   -0.145845
    2355   -0.142031
    2356   -0.142031
    2357   -0.137992
    2358   -0.137992
    2359   -0.133690
    2360   -0.133690
    2361   -0.129136
    2362   -0.129136
    2363   -0.124204
    2364   -0.124204
    2365   -0.118551
    2366   -0.118551
    2367   -0.111908
    2368   -0.111908
    2369   -0.103862
    2370   -0.103862
    2371   -0.093868
    2372   -0.093868
    2373   -0.082011
    2374   -0.082011
    2375   -0.071571
    2376   -0.071571
    2377   -0.291873
    2378   -0.291873
    2379   -0.291913
    2380   -0.291913
    2381   -0.291938
    2382   -0.291938
    2383   -0.291835
    2384   -0.291835
    2385   -0.291587
    2386   -0.291587
    2387   -0.291254
    2388   -0.291254
    2389   -0.290912
    2390   -0.290912
    2391   -0.290583
    2392   -0.290583
    2393   -0.290244
    2394   -0.290244
    2395   -0.289887
    2396   -0.289887
    2397   -0.289524
    2398   -0.289524
    2399   -0.289168
    2400   -0.289168
    2401   -0.288822
    2402   -0.288822
    2403   -0.288486
    2404   -0.288486
    2405   -0.288156
    2406   -0.288156
    2407   -0.287830
    2408   -0.287830
    2409   -0.287505
    2410   -0.287505
    2411   -0.287174
    2412   -0.287174
    2413   -0.286832
    2414   -0.286832
    2415   -0.286478
    2416   -0.286478
    2417   -0.286116
    2418   -0.286116
    2419   -0.285748
    2420   -0.285748
    2421   -0.285379
    2422   -0.285379
    2423   -0.285009
    2424   -0.285009
    2425   -0.284636
    2426   -0.284636
    2427   -0.284261
    2428   -0.284261
    2429   -0.283880
    2430   -0.283880
    2431   -0.283492
    2432   -0.283492
    2433   -0.283092
    2434   -0.283092
    2435   -0.282678
    2436   -0.282678
    2437   -0.282245
    2438   -0.282245
    2439   -0.281791
    2440   -0.281791
    2441   -0.281314
    2442   -0.281314
    2443   -0.280815
    2444   -0.280815
    2445   -0.280293
    2446   -0.280293
    2447   -0.279751
    2448   -0.279751
    2449   -0.279191
    2450   -0.279191
    2451   -0.278616
    2452   -0.278616
    2453   -0.278025
    2454   -0.278025
    2455   -0.277413
    2456   -0.277413
    2457   -0.276780
    2458   -0.276780
    2459   -0.276126
    2460   -0.276126
    2461   -0.275450
    2462   -0.275450
    2463   -0.274750
    2464   -0.274750
    2465   -0.274012
    2466   -0.274012
    2467   -0.273216
    2468   -0.273216
    2469   -0.272367
    2470   -0.272367
    2471   -0.271481
    2472   -0.271481
    2473   -0.270564
    2474   -0.270564
    2475   -0.269611
    2476   -0.269611
    2477   -0.268616
    2478   -0.268616
    2479   -0.267576
    2480   -0.267576
    2481   -0.266481
    2482   -0.266481
    2483   -0.265315
    2484   -0.265315
    2485   -0.264079
    2486   -0.264079
    2487   -0.262770
    2488   -0.262770
    2489   -0.261375
    2490   -0.261375
    2491   -0.259890
    2492   -0.259890
    2493   -0.258326
    2494   -0.258326
    2495   -0.256819
    2496   -0.256819
    2497   -0.255562
    2498   -0.255562
    2499   -0.254511
    2500   -0.254511
    2501   -0.253485
    2502   -0.253485
    2503   -0.252363
    2504   -0.252363
    2505   -0.251087
    2506   -0.251087
    2507   -0.249654
    2508   -0.249654
    2509   -0.248073
    2510   -0.248073
    2511   -0.246346
    2512   -0.246346
    2513   -0.244459
    2514   -0.244459
    2515   -0.242410
    2516   -0.242410
    2517   -0.240231
    2518   -0.240231
    2519   -0.237941
    2520   -0.237941
    2521   -0.235533
    2522   -0.235533
    2523   -0.233001
    2524   -0.233001
    2525   -0.230340
    2526   -0.230340
    2527   -0.227555
    2528   -0.227555
    2529   -0.224652
    2530   -0.224652
    2531   -0.221628
    2532   -0.221628
    2533   -0.218465
    2534   -0.218465
    2535   -0.215165
    2536   -0.215165
    2537   -0.211730
    2538   -0.211730
    2539   -0.208164
    2540   -0.208164
    2541   -0.204451
    2542   -0.204451
    2543   -0.200551
    2544   -0.200551
    2545   -0.196459
    2546   -0.196459
    2547   -0.192214
    2548   -0.192214
    2549   -0.187842
    2550   -0.187842
    2551   -0.183317
    2552   -0.183317
    2553   -0.178616
    2554   -0.178616
    2555   -0.173735
    2556   -0.173735
    2557   -0.168573
    2558   -0.168573
    2559   -0.163086
    2560   -0.163086
    2561   -0.157166
    2562   -0.157166
    2563   -0.150480
    2564   -0.150480
    2565   -0.142894
    2566   -0.142894
    2567   -0.133985
    2568   -0.133985
    2569   -0.122902
    2570   -0.122902
    2571   -0.109354
    2572   -0.109354
    2573   -0.097062
    2574   -0.097062
    2575   -0.360832
    2576   -0.360832
    2577   -0.361049
    2578   -0.361049
    2579   -0.361219
    2580   -0.361219
    2581   -0.361105
    2582   -0.361105
    2583   -0.360860
    2584   -0.360860
    2585   -0.360585
    2586   -0.360585
    2587   -0.360289
    2588   -0.360289
    2589   -0.359980
    2590   -0.359980
    2591   -0.359646
    2592   -0.359646
    2593   -0.359286
    2594   -0.359286
    2595   -0.358907
    2596   -0.358907
    2597   -0.358515
    2598   -0.358515
    2599   -0.358119
    2600   -0.358119
    2601   -0.357725
    2602   -0.357725
    2603   -0.357333
    2604   -0.357333
    2605   -0.356941
    2606   -0.356941
    2607   -0.356547
    2608   -0.356547
    2609   -0.356148
    2610   -0.356148
    2611   -0.355740
    2612   -0.355740
    2613   -0.355317
    2614   -0.355317
    2615   -0.354882
    2616   -0.354882
    2617   -0.354442
    2618   -0.354442
    2619   -0.353998
    2620   -0.353998
    2621   -0.353549
    2622   -0.353549
    2623   -0.353093
    2624   -0.353093
    2625   -0.352632
    2626   -0.352632
    2627   -0.352166
    2628   -0.352166
    2629   -0.351691
    2630   -0.351691
    2631   -0.351204
    2632   -0.351204
    2633   -0.350699
    2634   -0.350699
    2635   -0.350172
    2636   -0.350172
    2637   -0.349624
    2638   -0.349624
    2639   -0.349052
    2640   -0.349052
    2641   -0.348451
    2642   -0.348451
    2643   -0.347822
    2644   -0.347822
    2645   -0.347167
    2646   -0.347167
    2647   -0.346489
    2648   -0.346489
    2649   -0.345789
    2650   -0.345789
    2651   -0.345067
    2652   -0.345067
    2653   -0.344322
    2654   -0.344322
    2655   -0.343555
    2656   -0.343555
    2657   -0.342761
    2658   -0.342761
    2659   -0.341935
    2660   -0.341935
    2661   -0.341077
    2662   -0.341077
    2663   -0.340180
    2664   -0.340180
    2665   -0.339233
    2666   -0.339233
    2667   -0.338238
    2668   -0.338238
    2669   -0.337199
    2670   -0.337199
    2671   -0.336118
    2672   -0.336118
    2673   -0.334992
    2674   -0.334992
    2675   -0.333822
    2676   -0.333822
    2677   -0.332603
    2678   -0.332603
    2679   -0.331316
    2680   -0.331316
    2681   -0.329939
    2682   -0.329939
    2683   -0.328466
    2684   -0.328466
    2685   -0.326892
    2686   -0.326892
    2687   -0.325207
    2688   -0.325207
    2689   -0.323401
    2690   -0.323401
    2691   -0.321473
    2692   -0.321473
    2693   -0.319551
    2694   -0.319551
    2695   -0.317847
    2696   -0.317847
    2697   -0.316314
    2698   -0.316314
    2699   -0.314747
    2700   -0.314747
    2701   -0.313035
    2702   -0.313035
    2703   -0.311141
    2704   -0.311141
    2705   -0.309075
    2706   -0.309075
    2707   -0.306846
    2708   -0.306846
    2709   -0.304466
    2710   -0.304466
    2711   -0.301913
    2712   -0.301913
    2713   -0.299177
    2714   -0.299177
    2715   -0.296294
    2716   -0.296294
    2717   -0.293260
    2718   -0.293260
    2719   -0.290067
    2720   -0.290067
    2721   -0.286718
    2722   -0.286718
    2723   -0.283211
    2724   -0.283211
    2725   -0.279554
    2726   -0.279554
    2727   -0.275739
    2728   -0.275739
    2729   -0.271758
    2730   -0.271758
    2731   -0.267603
    2732   -0.267603
    2733   -0.263281
    2734   -0.263281
    2735   -0.258784
    2736   -0.258784
    2737   -0.254114
    2738   -0.254114
    2739   -0.249279
    2740   -0.249279
    2741   -0.244236
    2742   -0.244236
    2743   -0.238969
    2744   -0.238969
    2745   -0.233524
    2746   -0.233524
    2747   -0.227900
    2748   -0.227900
    2749   -0.222089
    2750   -0.222089
    2751   -0.216098
    2752   -0.216098
    2753   -0.209913
    2754   -0.209913
    2755   -0.203454
    2756   -0.203454
    2757   -0.196662
    2758   -0.196662
    2759   -0.189456
    2760   -0.189456
    2761   -0.181722
    2762   -0.181722
    2763   -0.173344
    2764   -0.173344
    2765   -0.163762
    2766   -0.163762
    2767   -0.152145
    2768   -0.152145
    2769   -0.137896
    2770   -0.137896
    2771   -0.124706
    2772   -0.124706
    2773   -0.422077
    2774   -0.422077
    2775   -0.422309
    2776   -0.422309
    2777   -0.422390
    2778   -0.422390
    2779   -0.422006
    2780   -0.422006
    2781   -0.421546
    2782   -0.421546
    2783   -0.421220
    2784   -0.421220
    2785   -0.420927
    2786   -0.420927
    2787   -0.420612
    2788   -0.420612
    2789   -0.420259
    2790   -0.420259
    2791   -0.419875
    2792   -0.419875
    2793   -0.419463
    2794   -0.419463
    2795   -0.419023
    2796   -0.419023
    2797   -0.418563
    2798   -0.418563
    2799   -0.418093
    2800   -0.418093
    2801   -0.417617
    2802   -0.417617
    2803   -0.417137
    2804   -0.417137
    2805   -0.416654
    2806   -0.416654
    2807   -0.416162
    2808   -0.416162
    2809   -0.415659
    2810   -0.415659
    2811   -0.415144
    2812   -0.415144
    2813   -0.414616
    2814   -0.414616
    2815   -0.414077
    2816   -0.414077
    2817   -0.413526
    2818   -0.413526
    2819   -0.412963
    2820   -0.412963
    2821   -0.412390
    2822   -0.412390
    2823   -0.411806
    2824   -0.411806
    2825   -0.411209
    2826   -0.411209
    2827   -0.410596
    2828   -0.410596
    2829   -0.409964
    2830   -0.409964
    2831   -0.409312
    2832   -0.409312
    2833   -0.408639
    2834   -0.408639
    2835   -0.407942
    2836   -0.407942
    2837   -0.407217
    2838   -0.407217
    2839   -0.406461
    2840   -0.406461
    2841   -0.405672
    2842   -0.405672
    2843   -0.404850
    2844   -0.404850
    2845   -0.403995
    2846   -0.403995
    2847   -0.403109
    2848   -0.403109
    2849   -0.402194
    2850   -0.402194
    2851   -0.401249
    2852   -0.401249
    2853   -0.400274
    2854   -0.400274
    2855   -0.399261
    2856   -0.399261
    2857   -0.398203
    2858   -0.398203
    2859   -0.397101
    2860   -0.397101
    2861   -0.395957
    2862   -0.395957
    2863   -0.394775
    2864   -0.394775
    2865   -0.393550
    2866   -0.393550
    2867   -0.392270
    2868   -0.392270
    2869   -0.390932
    2870   -0.390932
    2871   -0.389535
    2872   -0.389535
    2873   -0.388083
    2874   -0.388083
    2875   -0.386574
    2876   -0.386574
    2877   -0.384992
    2878   -0.384992
    2879   -0.383308
    2880   -0.383308
    2881   -0.381484
    2882   -0.381484
    2883   -0.379514
    2884   -0.379514
    2885   -0.377403
    2886   -0.377403
    2887   -0.375146
    2888   -0.375146
    2889   -0.372741
    2890   -0.372741
    2891   -0.370280
    2892   -0.370280
    2893   -0.367918
    2894   -0.367918
    2895   -0.365608
    2896   -0.365608
    2897   -0.363170
    2898   -0.363170
    2899   -0.360524
    2900   -0.360524
    2901   -0.357668
    2902   -0.357668
    2903   -0.354623
    2904   -0.354623
    2905   -0.351397
    2906   -0.351397
    2907   -0.348013
    2908   -0.348013
    2909   -0.344462
    2910   -0.344462
    2911   -0.340719
    2912   -0.340719
    2913   -0.336782
    2914   -0.336782
    2915   -0.332630
    2916   -0.332630
    2917   -0.328255
    2918   -0.328255
    2919   -0.323670
    2920   -0.323670
    2921   -0.318886
    2922   -0.318886
    2923   -0.313907
    2924   -0.313907
    2925   -0.308709
    2926   -0.308709
    2927   -0.303286
    2928   -0.303286
    2929   -0.297645
    2930   -0.297645
    2931   -0.291794
    2932   -0.291794
    2933   -0.285730
    2934   -0.285730
    2935   -0.279436
    2936   -0.279436
    2937   -0.272929
    2938   -0.272929
    2939   -0.266200
    2940   -0.266200
    2941   -0.259227
    2942   -0.259227
    2943   -0.252004
    2944   -0.252004
    2945   -0.244514
    2946   -0.244514
    2947   -0.236773
    2948   -0.236773
    2949   -0.228805
    2950   -0.228805
    2951   -0.220592
    2952   -0.220592
    2953   -0.212094
    2954   -0.212094
    2955   -0.203265
    2956   -0.203265
    2957   -0.194187
    2958   -0.194187
    2959   -0.185112
    2960   -0.185112
    2961   -0.175758
    2962   -0.175758
    2963   -0.165468
    2964   -0.165468
    2965   -0.154079
    2966   -0.154079
    2967   -0.141115
    2968   -0.141115
    2969   -0.129356
    2970   -0.129356
    2971   -0.439582
    2972   -0.439582
    2973   -0.439562
    2974   -0.439562
    2975   -0.439287
    2976   -0.439287
    2977   -0.438619
    2978   -0.438619
    2979   -0.438024
    2980   -0.438024
    2981   -0.437636
    2982   -0.437636
    2983   -0.437279
    2984   -0.437279
    2985   -0.436902
    2986   -0.436902
    2987   -0.436485
    2988   -0.436485
    2989   -0.436030
    2990   -0.436030
    2991   -0.435539
    2992   -0.435539
    2993   -0.435012
    2994   -0.435012
    2995   -0.434451
    2996   -0.434451
    2997   -0.433864
    2998   -0.433864
    2999   -0.433259
    3000   -0.433259
    3001   -0.432647
    3002   -0.432647
    3003   -0.432029
    3004   -0.432029
    3005   -0.431395
    3006   -0.431395
    3007   -0.430744
    3008   -0.430744
    3009   -0.430086
    3010   -0.430086
    3011   -0.429417
    3012   -0.429417
    3013   -0.428727
    3014   -0.428727
    3015   -0.428012
    3016   -0.428012
    3017   -0.427276
    3018   -0.427276
    3019   -0.426520
    3020   -0.426520
    3021   -0.425740
    3022   -0.425740
    3023   -0.424934
    3024   -0.424934
    3025   -0.424096
    3026   -0.424096
    3027   -0.423227
    3028   -0.423227
    3029   -0.422335
    3030   -0.422335
    3031   -0.421420
    3032   -0.421420
    3033   -0.420475
    3034   -0.420475
    3035   -0.419498
    3036   -0.419498
    3037   -0.418487
    3038   -0.418487
    3039   -0.417439
    3040   -0.417439
    3041   -0.416347
    3042   -0.416347
    3043   -0.415207
    3044   -0.415207
    3045   -0.414023
    3046   -0.414023
    3047   -0.412796
    3048   -0.412796
    3049   -0.411527
    3050   -0.411527
    3051   -0.410212
    3052   -0.410212
    3053   -0.408845
    3054   -0.408845
    3055   -0.407417
    3056   -0.407417
    3057   -0.405927
    3058   -0.405927
    3059   -0.404385
    3060   -0.404385
    3061   -0.402808
    3062   -0.402808
    3063   -0.401189
    3064   -0.401189
    3065   -0.399501
    3066   -0.399501
    3067   -0.397733
    3068   -0.397733
    3069   -0.395885
    3070   -0.395885
    3071   -0.393955
    3072   -0.393955
    3073   -0.391941
    3074   -0.391941
    3075   -0.389841
    3076   -0.389841
    3077   -0.387625
    3078   -0.387625
    3079   -0.385246
    3080   -0.385246
    3081   -0.382691
    3082   -0.382691
    3083   -0.379962
    3084   -0.379962
    3085   -0.377044
    3086   -0.377044
    3087   -0.373950
    3088   -0.373950
    3089   -0.370714
    3090   -0.370714
    3091   -0.367364
    3092   -0.367364
    3093   -0.363857
    3094   -0.363857
    3095   -0.360080
    3096   -0.360080
    3097   -0.356007
    3098   -0.356007
    3099   -0.351678
    3100   -0.351678
    3101   -0.347111
    3102   -0.347111
    3103   -0.342305
    3104   -0.342305
    3105   -0.337270
    3106   -0.337270
    3107   -0.332035
    3108   -0.332035
    3109   -0.326584
    3110   -0.326584
    3111   -0.320844
    3112   -0.320844
    3113   -0.314802
    3114   -0.314802
    3115   -0.308472
    3116   -0.308472
    3117   -0.301857
    3118   -0.301857
    3119   -0.294974
    3120   -0.294974
    3121   -0.287821
    3122   -0.287821
    3123   -0.280377
    3124   -0.280377
    3125   -0.272644
    3126   -0.272644
    3127   -0.264623
    3128   -0.264623
    3129   -0.256306
    3130   -0.256306
    3131   -0.247705
    3132   -0.247705
    3133   -0.238809
    3134   -0.238809
    3135   -0.229613
    3136   -0.229613
    3137   -0.220123
    3138   -0.220123
    3139   -0.210318
    3140   -0.210318
    3141   -0.200172
    3142   -0.200172
    3143   -0.189669
    3144   -0.189669
    3145   -0.178830
    3146   -0.178830
    3147   -0.167677
    3148   -0.167677
    3149   -0.156220
    3150   -0.156220
    3151   -0.144443
    3152   -0.144443
    3153   -0.132358
    3154   -0.132358
    3155   -0.120204
    3156   -0.120204
    3157   -0.108387
    3158   -0.108387
    3159   -0.096840
    3160   -0.096840
    3161   -0.085512
    3162   -0.085512
    3163   -0.075224
    3164   -0.075224
    3165   -0.066231
    3166   -0.066231
    3167   -0.059407
    3168   -0.059407
    3169   -0.374108
    3170   -0.374108
    3171   -0.373370
    3172   -0.373370
    3173   -0.372279
    3174   -0.372279
    3175   -0.371330
    3176   -0.371330
    3177   -0.370721
    3178   -0.370721
    3179   -0.370254
    3180   -0.370254
    3181   -0.369762
    3182   -0.369762
    3183   -0.369240
    3184   -0.369240
    3185   -0.368676
    3186   -0.368676
    3187   -0.368066
    3188   -0.368066
    3189   -0.367406
    3190   -0.367406
    3191   -0.366700
    3192   -0.366700
    3193   -0.365947
    3194   -0.365947
    3195   -0.365152
    3196   -0.365152
    3197   -0.364325
    3198   -0.364325
    3199   -0.363479
    3200   -0.363479
    3201   -0.362615
    3202   -0.362615
    3203   -0.361726
    3204   -0.361726
    3205   -0.360816
    3206   -0.360816
    3207   -0.359897
    3208   -0.359897
    3209   -0.358966
    3210   -0.358966
    3211   -0.358004
    3212   -0.358004
    3213   -0.357004
    3214   -0.357004
    3215   -0.355966
    3216   -0.355966
    3217   -0.354886
    3218   -0.354886
    3219   -0.353763
    3220   -0.353763
    3221   -0.352590
    3222   -0.352590
    3223   -0.351366
    3224   -0.351366
    3225   -0.350094
    3226   -0.350094
    3227   -0.348784
    3228   -0.348784
    3229   -0.347437
    3230   -0.347437
    3231   -0.346050
    3232   -0.346050
    3233   -0.344619
    3234   -0.344619
    3235   -0.343145
    3236   -0.343145
    3237   -0.341625
    3238   -0.341625
    3239   -0.340046
    3240   -0.340046
    3241   -0.338402
    3242   -0.338402
    3243   -0.336691
    3244   -0.336691
    3245   -0.334913
    3246   -0.334913
    3247   -0.333072
    3248   -0.333072
    3249   -0.331159
    3250   -0.331159
    3251   -0.329170
    3252   -0.329170
    3253   -0.327096
    3254   -0.327096
    3255   -0.324931
    3256   -0.324931
    3257   -0.322691
    3258   -0.322691
    3259   -0.320402
    3260   -0.320402
    3261   -0.318055
    3262   -0.318055
    3263   -0.315613
    3264   -0.315613
    3265   -0.313059
    3266   -0.313059
    3267   -0.310389
    3268   -0.310389
    3269   -0.307587
    3270   -0.307587
    3271   -0.304645
    3272   -0.304645
    3273   -0.301566
    3274   -0.301566
    3275   -0.298354
    3276   -0.298354
    3277   -0.294997
    3278   -0.294997
    3279   -0.291460
    3280   -0.291460
    3281   -0.287702
    3282   -0.287702
    3283   -0.283671
    3284   -0.283671
    3285   -0.279343
    3286   -0.279343
    3287   -0.274670
    3288   -0.274670
    3289   -0.269642
    3290   -0.269642
    3291   -0.264205
    3292   -0.264205
    3293   -0.258239
    3294   -0.258239
    3295   -0.251809
    3296   -0.251809
    3297   -0.245046
    3298   -0.245046
    3299   -0.237952
    3300   -0.237952
    3301   -0.230486
    3302   -0.230486
    3303   -0.222634
    3304   -0.222634
    3305   -0.214449
    3306   -0.214449
    3307   -0.205948
    3308   -0.205948
    3309   -0.197034
    3310   -0.197034
    3311   -0.187701
    3312   -0.187701
    3313   -0.177977
    3314   -0.177977
    3315   -0.167853
    3316   -0.167853
    3317   -0.157333
    3318   -0.157333
    3319   -0.146407
    3320   -0.146407
    3321   -0.135082
    3322   -0.135082
    3323   -0.123368
    3324   -0.123368
    3325   -0.111245
    3326   -0.111245
    3327   -0.098679
    3328   -0.098679
    3329   -0.085683
    3330   -0.085683
    3331   -0.072270
    3332   -0.072270
    3333   -0.058418
    3334   -0.058418
    3335   -0.044118
    3336   -0.044118
    3337   -0.029365
    3338   -0.029365
    3339   -0.014131
    3340   -0.014131
    3341    0.001602
    3342    0.001602
    3343    0.017823
    3344    0.017823
    3345    0.034509
    3346    0.034509
    3347    0.051618
    3348    0.051618
    3349    0.069122
    3350    0.069122
    3351    0.086902
    3352    0.086902
    3353    0.104619
    3354    0.104619
    3355    0.121793
    3356    0.121793
    3357    0.137725
    3358    0.137725
    3359    0.151123
    3360    0.151123
    3361    0.160046
    3362    0.160046
    3363    0.162752
    3364    0.162752
    3365    0.160950
    3366    0.160950
    3367   -0.189651
    3368   -0.189651
    3369   -0.187858
    3370   -0.187858
    3371   -0.185717
    3372   -0.185717
    3373   -0.184467
    3374   -0.184467
    3375   -0.183705
    3376   -0.183705
    3377   -0.182958
    3378   -0.182958
    3379   -0.182190
    3380   -0.182190
    3381   -0.181385
    3382   -0.181385
    3383   -0.180527
    3384   -0.180527
    3385   -0.179600
    3386   -0.179600
    3387   -0.178600
    3388   -0.178600
    3389   -0.177530
    3390   -0.177530
    3391   -0.176392
    3392   -0.176392
    3393   -0.175192
    3394   -0.175192
    3395   -0.173938
    3396   -0.173938
    3397   -0.172631
    3398   -0.172631
    3399   -0.171278
    3400   -0.171278
    3401   -0.169890
    3402   -0.169890
    3403   -0.168478
    3404   -0.168478
    3405   -0.167049
    3406   -0.167049
    3407   -0.165595
    3408   -0.165595
    3409   -0.164101
    3410   -0.164101
    3411   -0.162551
    3412   -0.162551
    3413   -0.160932
    3414   -0.160932
    3415   -0.159235
    3416   -0.159235
    3417   -0.157454
    3418   -0.157454
    3419   -0.155590
    3420   -0.155590
    3421   -0.153643
    3422   -0.153643
    3423   -0.151619
    3424   -0.151619
    3425   -0.149521
    3426   -0.149521
    3427   -0.147354
    3428   -0.147354
    3429   -0.145123
    3430   -0.145123
    3431   -0.142829
    3432   -0.142829
    3433   -0.140469
    3434   -0.140469
    3435   -0.138035
    3436   -0.138035
    3437   -0.135521
    3438   -0.135521
    3439   -0.132917
    3440   -0.132917
    3441   -0.130207
    3442   -0.130207
    3443   -0.127385
    3444   -0.127385
    3445   -0.124458
    3446   -0.124458
    3447   -0.121417
    3448   -0.121417
    3449   -0.118251
    3450   -0.118251
    3451   -0.114954
    3452   -0.114954
    3453   -0.111519
    3454   -0.111519
    3455   -0.107963
    3456   -0.107963
    3457   -0.104314
    3458   -0.104314
    3459   -0.100557
    3460   -0.100557
    3461   -0.096651
    3462   -0.096651
    3463   -0.092575
    3464   -0.092575
    3465   -0.088313
    3466   -0.088313
    3467   -0.083840
    3468   -0.083840
    3469   -0.079138
    3470   -0.079138
    3471   -0.074217
    3472   -0.074217
    3473   -0.069123
    3474   -0.069123
    3475   -0.063872
    3476   -0.063872
    3477   -0.058398
    3478   -0.058398
    3479   -0.052605
    3480   -0.052605
    3481   -0.046402
    3482   -0.046402
    3483   -0.039616
    3484   -0.039616
    3485   -0.032002
    3486   -0.032002
    3487   -0.023626
    3488   -0.023626
    3489   -0.014534
    3490   -0.014534
    3491   -0.004581
    3492   -0.004581
    3493    0.006075
    3494    0.006075
    3495    0.017251
    3496    0.017251
    3497    0.028970
    3498    0.028970
    3499    0.041284
    3500    0.041284
    3501    0.054204
    3502    0.054204
    3503    0.067698
    3504    0.067698
    3505    0.081753
    3506    0.081753
    3507    0.096433
    3508    0.096433
    3509    0.111743
    3510    0.111743
    3511    0.127668
    3512    0.127668
    3513    0.144219
    3514    0.144219
    3515    0.161412
    3516    0.161412
    3517    0.179253
    3518    0.179253
    3519    0.197720
    3520    0.197720
    3521    0.216809
    3522    0.216809
    3523    0.236548
    3524    0.236548
    3525    0.256978
    3526    0.256978
    3527    0.278109
    3528    0.278109
    3529    0.299928
    3530    0.299928
    3531    0.322449
    3532    0.322449
    3533    0.345687
    3534    0.345687
    3535    0.369650
    3536    0.369650
    3537    0.394364
    3538    0.394364
    3539    0.419852
    3540    0.419852
    3541    0.446112
    3542    0.446112
    3543    0.473130
    3544    0.473130
    3545    0.500844
    3546    0.500844
    3547    0.529144
    3548    0.529144
    3549    0.557747
    3550    0.557747
    3551    0.586106
    3552    0.586106
    3553    0.613343
    3554    0.613343
    3555    0.637710
    3556    0.637710
    3557    0.656015
    3558    0.656015
    3559    0.664595
    3560    0.664595
    3561    0.659406
    3562    0.659406
    3563    0.645363
    3564    0.645363
    3565    0.160101
    3566    0.160101
    3567    0.163639
    3568    0.163639
    3569    0.167565
    3570    0.167565
    3571    0.169383
    3572    0.169383
    3573    0.170480
    3574    0.170480
    3575    0.171771
    3576    0.171771
    3577    0.173077
    3578    0.173077
    3579    0.174437
    3580    0.174437
    3581    0.175878
    3582    0.175878
    3583    0.177428
    3584    0.177428
    3585    0.179099
    3586    0.179099
    3587    0.180890
    3588    0.180890
    3589    0.182794
    3590    0.182794
    3591    0.184799
    3592    0.184799
    3593    0.186902
    3594    0.186902
    3595    0.189119
    3596    0.189119
    3597    0.191442
    3598    0.191442
    3599    0.193818
    3600    0.193818
    3601    0.196217
    3602    0.196217
    3603    0.198649
    3604    0.198649
    3605    0.201131
    3606    0.201131
    3607    0.203678
    3608    0.203678
    3609    0.206315
    3610    0.206315
    3611    0.209073
    3612    0.209073
    3613    0.211976
    3614    0.211976
    3615    0.215035
    3616    0.215035
    3617    0.218244
    3618    0.218244
    3619    0.221595
    3620    0.221595
    3621    0.225084
    3622    0.225084
    3623    0.228711
    3624    0.228711
    3625    0.232468
    3626    0.232468
    3627    0.236331
    3628    0.236331
    3629    0.240298
    3630    0.240298
    3631    0.244381
    3632    0.244381
    3633    0.248588
    3634    0.248588
    3635    0.252924
    3636    0.252924
    3637    0.257404
    3638    0.257404
    3639    0.262055
    3640    0.262055
    3641    0.266901
    3642    0.266901
    3643    0.271939
    3644    0.271939
    3645    0.277171
    3646    0.277171
    3647    0.282620
    3648    0.282620
    3649    0.288298
    3650    0.288298
    3651    0.294204
    3652    0.294204
    3653    0.300316
    3654    0.300316
    3655    0.306604
    3656    0.306604
    3657    0.313097
    3658    0.313097
    3659    0.319858
    3660    0.319858
    3661    0.326911
    3662    0.326911
    3663    0.334281
    3664    0.334281
    3665    0.342004
    3666    0.342004
    3667    0.350099
    3668    0.350099
    3669    0.358552
    3670    0.358552
    3671    0.367286
    3672    0.367286
    3673    0.376276
    3674    0.376276
    3675    0.385625
    3676    0.385625
    3677    0.395475
    3678    0.395475
    3679    0.405988
    3680    0.405988
    3681    0.417587
    3682    0.417587
    3683    0.430949
    3684    0.430949
    3685    0.445994
    3686    0.445994
    3687    0.462393
    3688    0.462393
    3689    0.479947
    3690    0.479947
    3691    0.498381
    3692    0.498381
    3693    0.517882
    3694    0.517882
    3695    0.538464
    3696    0.538464
    3697    0.559993
    3698    0.559993
    3699    0.582508
    3700    0.582508
    3701    0.606024
    3702    0.606024
    3703    0.630563
    3704    0.630563
    3705    0.656161
    3706    0.656161
    3707    0.682816
    3708    0.682816
    3709    0.710530
    3710    0.710530
    3711    0.739330
    3712    0.739330
    3713    0.769243
    3714    0.769243
    3715    0.800265
    3716    0.800265
    3717    0.832379
    3718    0.832379
    3719    0.865591
    3720    0.865591
    3721    0.899926
    3722    0.899926
    3723    0.935433
    3724    0.935433
    3725    0.972164
    3726    0.972164
    3727    1.010136
    3728    1.010136
    3729    1.049318
    3730    1.049318
    3731    1.089703
    3732    1.089703
    3733    1.131375
    3734    1.131375
    3735    1.174351
    3736    1.174351
    3737    1.218613
    3738    1.218613
    3739    1.264192
    3740    1.264192
    3741    1.311109
    3742    1.311109
    3743    1.359295
    3744    1.359295
    3745    1.408515
    3746    1.408515
    3747    1.458192
    3748    1.458192
    3749    1.507392
    3750    1.507392
    3751    1.554499
    3752    1.554499
    3753    1.596190
    3754    1.596190
    3755    1.626223
    3756    1.626223
    3757    1.637249
    3758    1.637249
    3759    1.620227
    3760    1.620227
    3761    1.585804
    3762    1.585804
    3763    0.659445
    3764    0.659445
    3765    0.665705
    3766    0.665705
    3767    0.672537
    3768    0.672537
    3769    0.675278
    3770    0.675278
    3771    0.676858
    3772    0.676858
    3773    0.678940
    3774    0.678940
    3775    0.681066
    3776    0.681066
    3777    0.683283
    3778    0.683283
    3779    0.685633
    3780    0.685633
    3781    0.688154
    3782    0.688154
    3783    0.690866
    3784    0.690866
    3785    0.693781
    3786    0.693781
    3787    0.696884
    3788    0.696884
    3789    0.700149
    3790    0.700149
    3791    0.703576
    3792    0.703576
    3793    0.707215
    3794    0.707215
    3795    0.711051
    3796    0.711051
    3797    0.714964
    3798    0.714964
    3799    0.718900
    3800    0.718900
    3801    0.722890
    3802    0.722890
    3803    0.726965
    3804    0.726965
    3805    0.731148
    3806    0.731148
    3807    0.735481
    3808    0.735481
    3809    0.740006
    3810    0.740006
    3811    0.744772
    3812    0.744772
    3813    0.749810
    3814    0.749810
    3815    0.755104
    3816    0.755104
    3817    0.760632
    3818    0.760632
    3819    0.766388
    3820    0.766388
    3821    0.772385
    3822    0.772385
    3823    0.778601
    3824    0.778601
    3825    0.784987
    3826    0.784987
    3827    0.791539
    3828    0.791539
    3829    0.798282
    3830    0.798282
    3831    0.805229
    3832    0.805229
    3833    0.812389
    3834    0.812389
    3835    0.819775
    3836    0.819775
    3837    0.827430
    3838    0.827430
    3839    0.835409
    3840    0.835409
    3841    0.843715
    3842    0.843715
    3843    0.852336
    3844    0.852336
    3845    0.861323
    3846    0.861323
    3847    0.870690
    3848    0.870690
    3849    0.880428
    3850    0.880428
    3851    0.890503
    3852    0.890503
    3853    0.900869
    3854    0.900869
    3855    0.911584
    3856    0.911584
    3857    0.922757
    3858    0.922757
    3859    0.934415
    3860    0.934415
    3861    0.946593
    3862    0.946593
    3863    0.959345
    3864    0.959345
    3865    0.972689
    3866    0.972689
    3867    0.986609
    3868    0.986609
    3869    1.000990
    3870    1.000990
    3871    1.015789
    3872    1.015789
    3873    1.031166
    3874    1.031166
    3875    1.047320
    3876    1.047320
    3877    1.064507
    3878    1.064507
    3879    1.083503
    3880    1.083503
    3881    1.105678
    3882    1.105678
    3883    1.131065
    3884    1.131065
    3885    1.158944
    3886    1.158944
    3887    1.188219
    3888    1.188219
    3889    1.218381
    3890    1.218381
    3891    1.250639
    3892    1.250639
    3893    1.284917
    3894    1.284917
    3895    1.320614
    3896    1.320614
    3897    1.357884
    3898    1.357884
    3899    1.396813
    3900    1.396813
    3901    1.437457
    3902    1.437457
    3903    1.479842
    3904    1.479842
    3905    1.523962
    3906    1.523962
    3907    1.569823
    3908    1.569823
    3909    1.617484
    3910    1.617484
    3911    1.666991
    3912    1.666991
    3913    1.718332
    3914    1.718332
    3915    1.771494
    3916    1.771494
    3917    1.826483
    3918    1.826483
    3919    1.883320
    3920    1.883320
    3921    1.942086
    3922    1.942086
    3923    2.002901
    3924    2.002901
    3925    2.065840
    3926    2.065840
    3927    2.130772
    3928    2.130772
    3929    2.197625
    3930    2.197625
    3931    2.266679
    3932    2.266679
    3933    2.337912
    3934    2.337912
    3935    2.411204
    3936    2.411204
    3937    2.486661
    3938    2.486661
    3939    2.564371
    3940    2.564371
    3941    2.644249
    3942    2.644249
    3943    2.725907
    3944    2.725907
    3945    2.808386
    3946    2.808386
    3947    2.890232
    3948    2.890232
    3949    2.968921
    3950    2.968921
    3951    3.038945
    3952    3.038945
    3953    3.089676
    3954    3.089676
    3955    3.107163
    3956    3.107163
    3957    3.071600
    3958    3.071600
    3959    3.003325
    3960    3.003325
