       1   -0.010765
       2   -0.010765
       3   -0.010697
       4   -0.010697
       5   -0.010609
       6   -0.010609
       7   -0.010585
       8   -0.010585
       9   -0.010602
      10   -0.010602
      11   -0.010607
      12   -0.010607
      13   -0.010602
      14   -0.010602
      15   -0.010596
      16   -0.010596
      17   -0.010591
      18   -0.010591
      19   -0.010586
      20   -0.010586
      21   -0.010581
      22   -0.010581
      23   -0.010575
      24   -0.010575
      25   -0.010565
      26   -0.010565
      27   -0.010554
      28   -0.010554
      29   -0.010541
      30   -0.010541
      31   -0.010524
      32   -0.010524
      33   -0.010505
      34   -0.010505
      35   -0.010483
      36   -0.010483
      37   -0.010460
      38   -0.010460
      39   -0.010440
      40   -0.010440
      41   -0.010423
      42   -0.010423
      43   -0.010409
      44   -0.010409
      45   -0.010393
      46   -0.010393
      47   -0.010374
      48   -0.010374
      49   -0.010353
      50   -0.010353
      51   -0.010333
      52   -0.010333
      53   -0.010312
      54   -0.010312
      55   -0.010289
      56   -0.010289
      57   -0.010264
      58   -0.010264
      59   -0.010238
      60   -0.010238
      61   -0.010210
      62   -0.010210
      63   -0.010182
      64   -0.010182
      65   -0.010154
      66   -0.010154
      67   -0.010124
      68   -0.010124
      69   -0.010095
      70   -0.010095
      71   -0.010064
      72   -0.010064
      73   -0.010031
      74   -0.010031
      75   -0.009994
      76   -0.009994
      77   -0.009954
      78   -0.009954
      79   -0.009912
      80   -0.009912
      81   -0.009869
      82   -0.009869
      83   -0.009826
      84   -0.009826
      85   -0.009780
      86   -0.009780
      87   -0.009729
      88   -0.009729
      89   -0.009676
      90   -0.009676
      91   -0.009620
      92   -0.009620
      93   -0.009561
      94   -0.009561
      95   -0.009501
      96   -0.009501
      97   -0.009437
      98   -0.009437
      99   -0.009362
     100   -0.009362
     101   -0.009280
     102   -0.009280
     103   -0.009193
     104   -0.009193
     105   -0.009092
     106   -0.009092
     107   -0.008974
     108   -0.008974
     109   -0.008839
     110   -0.008839
     111   -0.008682
     112   -0.008682
     113   -0.008504
     114   -0.008504
     115   -0.008302
     116   -0.008302
     117   -0.008082
     118   -0.008082
     119   -0.007923
     120   -0.007923
     121   -0.007885
     122   -0.007885
     123   -0.007904
     124   -0.007904
     125   -0.007924
     126   -0.007924
     127   -0.007933
     128   -0.007933
     129   -0.007924
     130   -0.007924
     131   -0.007897
     132   -0.007897
     133   -0.007855
     134   -0.007855
     135   -0.007806
     136   -0.007806
     137   -0.007746
     138   -0.007746
     139   -0.007680
     140   -0.007680
     141   -0.007608
     142   -0.007608
     143   -0.007528
     144   -0.007528
     145   -0.007444
     146   -0.007444
     147   -0.007359
     148   -0.007359
     149   -0.007261
     150   -0.007261
     151   -0.007150
     152   -0.007150
     153   -0.007035
     154   -0.007035
     155   -0.006910
     156   -0.006910
     157   -0.006773
     158   -0.006773
     159   -0.006626
     160   -0.006626
     161   -0.006471
     162   -0.006471
     163   -0.006314
     164   -0.006314
     165   -0.006132
     166   -0.006132
     167   -0.005917
     168   -0.005917
     169   -0.005690
     170   -0.005690
     171   -0.005455
     172   -0.005455
     173   -0.005192
     174   -0.005192
     175   -0.004886
     176   -0.004886
     177   -0.004540
     178   -0.004540
     179   -0.004152
     180   -0.004152
     181   -0.003702
     182   -0.003702
     183   -0.003226
     184   -0.003226
     185   -0.002758
     186   -0.002758
     187   -0.002282
     188   -0.002282
     189   -0.001792
     190   -0.001792
     191   -0.001407
     192   -0.001407
     193   -0.000968
     194   -0.000968
     195    0.000044
     196    0.000044
     197    0.001203
     198    0.001203
     199   -0.030654
     200   -0.030654
     201   -0.030530
     202   -0.030530
     203   -0.030387
     204   -0.030387
     205   -0.030367
     206   -0.030367
     207   -0.030403
     208   -0.030403
     209   -0.030409
     210   -0.030409
     211   -0.030397
     212   -0.030397
     213   -0.030381
     214   -0.030381
     215   -0.030368
     216   -0.030368
     217   -0.030353
     218   -0.030353
     219   -0.030337
     220   -0.030337
     221   -0.030319
     222   -0.030319
     223   -0.030294
     224   -0.030294
     225   -0.030263
     226   -0.030263
     227   -0.030227
     228   -0.030227
     229   -0.030183
     230   -0.030183
     231   -0.030132
     232   -0.030132
     233   -0.030073
     234   -0.030073
     235   -0.030011
     236   -0.030011
     237   -0.029955
     238   -0.029955
     239   -0.029907
     240   -0.029907
     241   -0.029862
     242   -0.029862
     243   -0.029814
     244   -0.029814
     245   -0.029759
     246   -0.029759
     247   -0.029702
     248   -0.029702
     249   -0.029643
     250   -0.029643
     251   -0.029583
     252   -0.029583
     253   -0.029517
     254   -0.029517
     255   -0.029447
     256   -0.029447
     257   -0.029373
     258   -0.029373
     259   -0.029296
     260   -0.029296
     261   -0.029217
     262   -0.029217
     263   -0.029136
     264   -0.029136
     265   -0.029053
     266   -0.029053
     267   -0.028970
     268   -0.028970
     269   -0.028885
     270   -0.028885
     271   -0.028794
     272   -0.028794
     273   -0.028690
     274   -0.028690
     275   -0.028576
     276   -0.028576
     277   -0.028457
     278   -0.028457
     279   -0.028335
     280   -0.028335
     281   -0.028212
     282   -0.028212
     283   -0.028083
     284   -0.028083
     285   -0.027940
     286   -0.027940
     287   -0.027793
     288   -0.027793
     289   -0.027640
     290   -0.027640
     291   -0.027474
     292   -0.027474
     293   -0.027304
     294   -0.027304
     295   -0.027120
     296   -0.027120
     297   -0.026910
     298   -0.026910
     299   -0.026684
     300   -0.026684
     301   -0.026443
     302   -0.026443
     303   -0.026166
     304   -0.026166
     305   -0.025844
     306   -0.025844
     307   -0.025472
     308   -0.025472
     309   -0.025043
     310   -0.025043
     311   -0.024560
     312   -0.024560
     313   -0.024014
     314   -0.024014
     315   -0.023417
     316   -0.023417
     317   -0.022985
     318   -0.022985
     319   -0.022872
     320   -0.022872
     321   -0.022920
     322   -0.022920
     323   -0.022978
     324   -0.022978
     325   -0.023005
     326   -0.023005
     327   -0.022984
     328   -0.022984
     329   -0.022911
     330   -0.022911
     331   -0.022804
     332   -0.022804
     333   -0.022676
     334   -0.022676
     335   -0.022519
     336   -0.022519
     337   -0.022341
     338   -0.022341
     339   -0.022144
     340   -0.022144
     341   -0.021926
     342   -0.021926
     343   -0.021693
     344   -0.021693
     345   -0.021451
     346   -0.021451
     347   -0.021175
     348   -0.021175
     349   -0.020867
     350   -0.020867
     351   -0.020547
     352   -0.020547
     353   -0.020200
     354   -0.020200
     355   -0.019819
     356   -0.019819
     357   -0.019406
     358   -0.019406
     359   -0.018973
     360   -0.018973
     361   -0.018527
     362   -0.018527
     363   -0.018018
     364   -0.018018
     365   -0.017431
     366   -0.017431
     367   -0.016807
     368   -0.016807
     369   -0.016154
     370   -0.016154
     371   -0.015423
     372   -0.015423
     373   -0.014574
     374   -0.014574
     375   -0.013619
     376   -0.013619
     377   -0.012553
     378   -0.012553
     379   -0.011329
     380   -0.011329
     381   -0.010035
     382   -0.010035
     383   -0.008761
     384   -0.008761
     385   -0.007483
     386   -0.007483
     387   -0.006191
     388   -0.006191
     389   -0.005084
     390   -0.005084
     391   -0.003895
     392   -0.003895
     393   -0.001844
     394   -0.001844
     395    0.000214
     396    0.000214
     397   -0.047834
     398   -0.047834
     399   -0.047740
     400   -0.047740
     401   -0.047663
     402   -0.047663
     403   -0.047694
     404   -0.047694
     405   -0.047740
     406   -0.047740
     407   -0.047744
     408   -0.047744
     409   -0.047731
     410   -0.047731
     411   -0.047712
     412   -0.047712
     413   -0.047693
     414   -0.047693
     415   -0.047670
     416   -0.047670
     417   -0.047643
     418   -0.047643
     419   -0.047612
     420   -0.047612
     421   -0.047574
     422   -0.047574
     423   -0.047529
     424   -0.047529
     425   -0.047475
     426   -0.047475
     427   -0.047412
     428   -0.047412
     429   -0.047339
     430   -0.047339
     431   -0.047256
     432   -0.047256
     433   -0.047169
     434   -0.047169
     435   -0.047085
     436   -0.047085
     437   -0.047006
     438   -0.047006
     439   -0.046929
     440   -0.046929
     441   -0.046849
     442   -0.046849
     443   -0.046764
     444   -0.046764
     445   -0.046675
     446   -0.046675
     447   -0.046585
     448   -0.046585
     449   -0.046489
     450   -0.046489
     451   -0.046387
     452   -0.046387
     453   -0.046279
     454   -0.046279
     455   -0.046166
     456   -0.046166
     457   -0.046048
     458   -0.046048
     459   -0.045927
     460   -0.045927
     461   -0.045803
     462   -0.045803
     463   -0.045677
     464   -0.045677
     465   -0.045550
     466   -0.045550
     467   -0.045423
     468   -0.045423
     469   -0.045288
     470   -0.045288
     471   -0.045130
     472   -0.045130
     473   -0.044954
     474   -0.044954
     475   -0.044769
     476   -0.044769
     477   -0.044580
     478   -0.044580
     479   -0.044389
     480   -0.044389
     481   -0.044190
     482   -0.044190
     483   -0.043977
     484   -0.043977
     485   -0.043757
     486   -0.043757
     487   -0.043527
     488   -0.043527
     489   -0.043278
     490   -0.043278
     491   -0.043014
     492   -0.043014
     493   -0.042726
     494   -0.042726
     495   -0.042409
     496   -0.042409
     497   -0.042072
     498   -0.042072
     499   -0.041713
     500   -0.041713
     501   -0.041307
     502   -0.041307
     503   -0.040833
     504   -0.040833
     505   -0.040289
     506   -0.040289
     507   -0.039669
     508   -0.039669
     509   -0.038978
     510   -0.038978
     511   -0.038202
     512   -0.038202
     513   -0.037379
     514   -0.037379
     515   -0.036769
     516   -0.036769
     517   -0.036568
     518   -0.036568
     519   -0.036612
     520   -0.036612
     521   -0.036697
     522   -0.036697
     523   -0.036741
     524   -0.036741
     525   -0.036714
     526   -0.036714
     527   -0.036612
     528   -0.036612
     529   -0.036463
     530   -0.036463
     531   -0.036283
     532   -0.036283
     533   -0.036062
     534   -0.036062
     535   -0.035808
     536   -0.035808
     537   -0.035523
     538   -0.035523
     539   -0.035206
     540   -0.035206
     541   -0.034861
     542   -0.034861
     543   -0.034489
     544   -0.034489
     545   -0.034072
     546   -0.034072
     547   -0.033620
     548   -0.033620
     549   -0.033146
     550   -0.033146
     551   -0.032630
     552   -0.032630
     553   -0.032061
     554   -0.032061
     555   -0.031443
     556   -0.031443
     557   -0.030788
     558   -0.030788
     559   -0.030103
     560   -0.030103
     561   -0.029346
     562   -0.029346
     563   -0.028507
     564   -0.028507
     565   -0.027609
     566   -0.027609
     567   -0.026659
     568   -0.026659
     569   -0.025596
     570   -0.025596
     571   -0.024367
     572   -0.024367
     573   -0.022992
     574   -0.022992
     575   -0.021452
     576   -0.021452
     577   -0.019711
     578   -0.019711
     579   -0.017871
     580   -0.017871
     581   -0.016027
     582   -0.016027
     583   -0.014173
     584   -0.014173
     585   -0.012261
     586   -0.012261
     587   -0.010154
     588   -0.010154
     589   -0.007810
     590   -0.007810
     591   -0.005543
     592   -0.005543
     593   -0.003992
     594   -0.003992
     595   -0.063824
     596   -0.063824
     597   -0.063725
     598   -0.063725
     599   -0.063651
     600   -0.063651
     601   -0.063693
     602   -0.063693
     603   -0.063749
     604   -0.063749
     605   -0.063762
     606   -0.063762
     607   -0.063755
     608   -0.063755
     609   -0.063735
     610   -0.063735
     611   -0.063710
     612   -0.063710
     613   -0.063678
     614   -0.063678
     615   -0.063639
     616   -0.063639
     617   -0.063593
     618   -0.063593
     619   -0.063540
     620   -0.063540
     621   -0.063480
     622   -0.063480
     623   -0.063411
     624   -0.063411
     625   -0.063332
     626   -0.063332
     627   -0.063242
     628   -0.063242
     629   -0.063142
     630   -0.063142
     631   -0.063036
     632   -0.063036
     633   -0.062928
     634   -0.062928
     635   -0.062820
     636   -0.062820
     637   -0.062712
     638   -0.062712
     639   -0.062602
     640   -0.062602
     641   -0.062489
     642   -0.062489
     643   -0.062371
     644   -0.062371
     645   -0.062249
     646   -0.062249
     647   -0.062122
     648   -0.062122
     649   -0.061988
     650   -0.061988
     651   -0.061847
     652   -0.061847
     653   -0.061700
     654   -0.061700
     655   -0.061547
     656   -0.061547
     657   -0.061389
     658   -0.061389
     659   -0.061227
     660   -0.061227
     661   -0.061062
     662   -0.061062
     663   -0.060897
     664   -0.060897
     665   -0.060732
     666   -0.060732
     667   -0.060559
     668   -0.060559
     669   -0.060357
     670   -0.060357
     671   -0.060128
     672   -0.060128
     673   -0.059887
     674   -0.059887
     675   -0.059642
     676   -0.059642
     677   -0.059394
     678   -0.059394
     679   -0.059135
     680   -0.059135
     681   -0.058864
     682   -0.058864
     683   -0.058581
     684   -0.058581
     685   -0.058284
     686   -0.058284
     687   -0.057964
     688   -0.057964
     689   -0.057618
     690   -0.057618
     691   -0.057244
     692   -0.057244
     693   -0.056841
     694   -0.056841
     695   -0.056411
     696   -0.056411
     697   -0.055945
     698   -0.055945
     699   -0.055428
     700   -0.055428
     701   -0.054838
     702   -0.054838
     703   -0.054170
     704   -0.054170
     705   -0.053424
     706   -0.053424
     707   -0.052595
     708   -0.052595
     709   -0.051688
     710   -0.051688
     711   -0.050773
     712   -0.050773
     713   -0.050070
     714   -0.050070
     715   -0.049770
     716   -0.049770
     717   -0.049771
     718   -0.049771
     719   -0.049853
     720   -0.049853
     721   -0.049901
     722   -0.049901
     723   -0.049870
     724   -0.049870
     725   -0.049754
     726   -0.049754
     727   -0.049579
     728   -0.049579
     729   -0.049358
     730   -0.049358
     731   -0.049089
     732   -0.049089
     733   -0.048776
     734   -0.048776
     735   -0.048425
     736   -0.048425
     737   -0.048036
     738   -0.048036
     739   -0.047605
     740   -0.047605
     741   -0.047128
     742   -0.047128
     743   -0.046607
     744   -0.046607
     745   -0.046049
     746   -0.046049
     747   -0.045452
     748   -0.045452
     749   -0.044798
     750   -0.044798
     751   -0.044083
     752   -0.044083
     753   -0.043307
     754   -0.043307
     755   -0.042478
     756   -0.042478
     757   -0.041601
     758   -0.041601
     759   -0.040666
     760   -0.040666
     761   -0.039669
     762   -0.039669
     763   -0.038598
     764   -0.038598
     765   -0.037461
     766   -0.037461
     767   -0.036198
     768   -0.036198
     769   -0.034751
     770   -0.034751
     771   -0.033132
     772   -0.033132
     773   -0.031310
     774   -0.031310
     775   -0.029285
     776   -0.029285
     777   -0.027116
     778   -0.027116
     779   -0.024899
     780   -0.024899
     781   -0.022620
     782   -0.022620
     783   -0.020086
     784   -0.020086
     785   -0.016661
     786   -0.016661
     787   -0.012593
     788   -0.012593
     789   -0.009528
     790   -0.009528
     791   -0.007878
     792   -0.007878
     793   -0.080210
     794   -0.080210
     795   -0.080051
     796   -0.080051
     797   -0.079898
     798   -0.079898
     799   -0.079918
     800   -0.079918
     801   -0.079999
     802   -0.079999
     803   -0.080035
     804   -0.080035
     805   -0.080034
     806   -0.080034
     807   -0.080009
     808   -0.080009
     809   -0.079973
     810   -0.079973
     811   -0.079927
     812   -0.079927
     813   -0.079873
     814   -0.079873
     815   -0.079810
     816   -0.079810
     817   -0.079739
     818   -0.079739
     819   -0.079659
     820   -0.079659
     821   -0.079571
     822   -0.079571
     823   -0.079475
     824   -0.079475
     825   -0.079368
     826   -0.079368
     827   -0.079252
     828   -0.079252
     829   -0.079126
     830   -0.079126
     831   -0.078995
     832   -0.078995
     833   -0.078860
     834   -0.078860
     835   -0.078723
     836   -0.078723
     837   -0.078585
     838   -0.078585
     839   -0.078443
     840   -0.078443
     841   -0.078296
     842   -0.078296
     843   -0.078145
     844   -0.078145
     845   -0.077987
     846   -0.077987
     847   -0.077823
     848   -0.077823
     849   -0.077650
     850   -0.077650
     851   -0.077471
     852   -0.077471
     853   -0.077284
     854   -0.077284
     855   -0.077091
     856   -0.077091
     857   -0.076892
     858   -0.076892
     859   -0.076690
     860   -0.076690
     861   -0.076485
     862   -0.076485
     863   -0.076279
     864   -0.076279
     865   -0.076062
     866   -0.076062
     867   -0.075818
     868   -0.075818
     869   -0.075547
     870   -0.075547
     871   -0.075261
     872   -0.075261
     873   -0.074968
     874   -0.074968
     875   -0.074669
     876   -0.074669
     877   -0.074356
     878   -0.074356
     879   -0.074029
     880   -0.074029
     881   -0.073685
     882   -0.073685
     883   -0.073321
     884   -0.073321
     885   -0.072930
     886   -0.072930
     887   -0.072509
     888   -0.072509
     889   -0.072059
     890   -0.072059
     891   -0.071577
     892   -0.071577
     893   -0.071054
     894   -0.071054
     895   -0.070480
     896   -0.070480
     897   -0.069850
     898   -0.069850
     899   -0.069158
     900   -0.069158
     901   -0.068398
     902   -0.068398
     903   -0.067558
     904   -0.067558
     905   -0.066631
     906   -0.066631
     907   -0.065639
     908   -0.065639
     909   -0.064673
     910   -0.064673
     911   -0.063911
     912   -0.063911
     913   -0.063525
     914   -0.063525
     915   -0.063456
     916   -0.063456
     917   -0.063491
     918   -0.063491
     919   -0.063513
     920   -0.063513
     921   -0.063470
     922   -0.063470
     923   -0.063341
     924   -0.063341
     925   -0.063142
     926   -0.063142
     927   -0.062878
     928   -0.062878
     929   -0.062550
     930   -0.062550
     931   -0.062174
     932   -0.062174
     933   -0.061757
     934   -0.061757
     935   -0.061293
     936   -0.061293
     937   -0.060779
     938   -0.060779
     939   -0.060210
     940   -0.060210
     941   -0.059591
     942   -0.059591
     943   -0.058928
     944   -0.058928
     945   -0.058209
     946   -0.058209
     947   -0.057417
     948   -0.057417
     949   -0.056557
     950   -0.056557
     951   -0.055640
     952   -0.055640
     953   -0.054662
     954   -0.054662
     955   -0.053615
     956   -0.053615
     957   -0.052512
     958   -0.052512
     959   -0.051357
     960   -0.051357
     961   -0.050122
     962   -0.050122
     963   -0.048814
     964   -0.048814
     965   -0.047379
     966   -0.047379
     967   -0.045766
     968   -0.045766
     969   -0.043966
     970   -0.043966
     971   -0.041946
     972   -0.041946
     973   -0.039701
     974   -0.039701
     975   -0.037219
     976   -0.037219
     977   -0.034743
     978   -0.034743
     979   -0.032207
     980   -0.032207
     981   -0.029052
     982   -0.029052
     983   -0.024715
     984   -0.024715
     985   -0.019617
     986   -0.019617
     987   -0.015484
     988   -0.015484
     989   -0.012949
     990   -0.012949
     991   -0.098185
     992   -0.098185
     993   -0.098018
     994   -0.098018
     995   -0.097854
     996   -0.097854
     997   -0.097862
     998   -0.097862
     999   -0.097922
    1000   -0.097922
    1001   -0.097928
    1002   -0.097928
    1003   -0.097901
    1004   -0.097901
    1005   -0.097854
    1006   -0.097854
    1007   -0.097795
    1008   -0.097795
    1009   -0.097728
    1010   -0.097728
    1011   -0.097653
    1012   -0.097653
    1013   -0.097570
    1014   -0.097570
    1015   -0.097477
    1016   -0.097477
    1017   -0.097374
    1018   -0.097374
    1019   -0.097263
    1020   -0.097263
    1021   -0.097144
    1022   -0.097144
    1023   -0.097017
    1024   -0.097017
    1025   -0.096881
    1026   -0.096881
    1027   -0.096734
    1028   -0.096734
    1029   -0.096578
    1030   -0.096578
    1031   -0.096416
    1032   -0.096416
    1033   -0.096251
    1034   -0.096251
    1035   -0.096085
    1036   -0.096085
    1037   -0.095916
    1038   -0.095916
    1039   -0.095742
    1040   -0.095742
    1041   -0.095562
    1042   -0.095562
    1043   -0.095375
    1044   -0.095375
    1045   -0.095180
    1046   -0.095180
    1047   -0.094976
    1048   -0.094976
    1049   -0.094764
    1050   -0.094764
    1051   -0.094543
    1052   -0.094543
    1053   -0.094313
    1054   -0.094313
    1055   -0.094076
    1056   -0.094076
    1057   -0.093835
    1058   -0.093835
    1059   -0.093590
    1060   -0.093590
    1061   -0.093338
    1062   -0.093338
    1063   -0.093074
    1064   -0.093074
    1065   -0.092788
    1066   -0.092788
    1067   -0.092479
    1068   -0.092479
    1069   -0.092154
    1070   -0.092154
    1071   -0.091816
    1072   -0.091816
    1073   -0.091464
    1074   -0.091464
    1075   -0.091096
    1076   -0.091096
    1077   -0.090713
    1078   -0.090713
    1079   -0.090307
    1080   -0.090307
    1081   -0.089875
    1082   -0.089875
    1083   -0.089416
    1084   -0.089416
    1085   -0.088925
    1086   -0.088925
    1087   -0.088403
    1088   -0.088403
    1089   -0.087842
    1090   -0.087842
    1091   -0.087232
    1092   -0.087232
    1093   -0.086563
    1094   -0.086563
    1095   -0.085836
    1096   -0.085836
    1097   -0.085055
    1098   -0.085055
    1099   -0.084208
    1100   -0.084208
    1101   -0.083279
    1102   -0.083279
    1103   -0.082261
    1104   -0.082261
    1105   -0.081186
    1106   -0.081186
    1107   -0.080137
    1108   -0.080137
    1109   -0.079271
    1110   -0.079271
    1111   -0.078763
    1112   -0.078763
    1113   -0.078580
    1114   -0.078580
    1115   -0.078527
    1116   -0.078527
    1117   -0.078474
    1118   -0.078474
    1119   -0.078364
    1120   -0.078364
    1121   -0.078173
    1122   -0.078173
    1123   -0.077912
    1124   -0.077912
    1125   -0.077589
    1126   -0.077589
    1127   -0.077198
    1128   -0.077198
    1129   -0.076750
    1130   -0.076750
    1131   -0.076245
    1132   -0.076245
    1133   -0.075682
    1134   -0.075682
    1135   -0.075065
    1136   -0.075065
    1137   -0.074390
    1138   -0.074390
    1139   -0.073657
    1140   -0.073657
    1141   -0.072866
    1142   -0.072866
    1143   -0.072004
    1144   -0.072004
    1145   -0.071058
    1146   -0.071058
    1147   -0.070036
    1148   -0.070036
    1149   -0.068955
    1150   -0.068955
    1151   -0.067800
    1152   -0.067800
    1153   -0.066553
    1154   -0.066553
    1155   -0.065235
    1156   -0.065235
    1157   -0.063849
    1158   -0.063849
    1159   -0.062375
    1160   -0.062375
    1161   -0.060813
    1162   -0.060813
    1163   -0.059132
    1164   -0.059132
    1165   -0.057280
    1166   -0.057280
    1167   -0.055234
    1168   -0.055234
    1169   -0.052957
    1170   -0.052957
    1171   -0.050398
    1172   -0.050398
    1173   -0.047479
    1174   -0.047479
    1175   -0.044648
    1176   -0.044648
    1177   -0.041803
    1178   -0.041803
    1179   -0.038022
    1180   -0.038022
    1181   -0.033289
    1182   -0.033289
    1183   -0.028044
    1184   -0.028044
    1185   -0.023057
    1186   -0.023057
    1187   -0.019447
    1188   -0.019447
    1189   -0.118792
    1190   -0.118792
    1191   -0.118684
    1192   -0.118684
    1193   -0.118584
    1194   -0.118584
    1195   -0.118554
    1196   -0.118554
    1197   -0.118503
    1198   -0.118503
    1199   -0.118419
    1200   -0.118419
    1201   -0.118335
    1202   -0.118335
    1203   -0.118246
    1204   -0.118246
    1205   -0.118151
    1206   -0.118151
    1207   -0.118052
    1208   -0.118052
    1209   -0.117948
    1210   -0.117948
    1211   -0.117837
    1212   -0.117837
    1213   -0.117717
    1214   -0.117717
    1215   -0.117587
    1216   -0.117587
    1217   -0.117449
    1218   -0.117449
    1219   -0.117302
    1220   -0.117302
    1221   -0.117148
    1222   -0.117148
    1223   -0.116984
    1224   -0.116984
    1225   -0.116809
    1226   -0.116809
    1227   -0.116623
    1228   -0.116623
    1229   -0.116430
    1230   -0.116430
    1231   -0.116237
    1232   -0.116237
    1233   -0.116045
    1234   -0.116045
    1235   -0.115850
    1236   -0.115850
    1237   -0.115648
    1238   -0.115648
    1239   -0.115439
    1240   -0.115439
    1241   -0.115223
    1242   -0.115223
    1243   -0.114996
    1244   -0.114996
    1245   -0.114759
    1246   -0.114759
    1247   -0.114511
    1248   -0.114511
    1249   -0.114252
    1250   -0.114252
    1251   -0.113982
    1252   -0.113982
    1253   -0.113702
    1254   -0.113702
    1255   -0.113420
    1256   -0.113420
    1257   -0.113134
    1258   -0.113134
    1259   -0.112839
    1260   -0.112839
    1261   -0.112529
    1262   -0.112529
    1263   -0.112201
    1264   -0.112201
    1265   -0.111854
    1266   -0.111854
    1267   -0.111487
    1268   -0.111487
    1269   -0.111099
    1270   -0.111099
    1271   -0.110691
    1272   -0.110691
    1273   -0.110266
    1274   -0.110266
    1275   -0.109822
    1276   -0.109822
    1277   -0.109354
    1278   -0.109354
    1279   -0.108857
    1280   -0.108857
    1281   -0.108334
    1282   -0.108334
    1283   -0.107779
    1284   -0.107779
    1285   -0.107188
    1286   -0.107188
    1287   -0.106555
    1288   -0.106555
    1289   -0.105871
    1290   -0.105871
    1291   -0.105130
    1292   -0.105130
    1293   -0.104333
    1294   -0.104333
    1295   -0.103472
    1296   -0.103472
    1297   -0.102537
    1298   -0.102537
    1299   -0.101515
    1300   -0.101515
    1301   -0.100405
    1302   -0.100405
    1303   -0.099242
    1304   -0.099242
    1305   -0.098086
    1306   -0.098086
    1307   -0.097066
    1308   -0.097066
    1309   -0.096378
    1310   -0.096378
    1311   -0.096051
    1312   -0.096051
    1313   -0.095887
    1314   -0.095887
    1315   -0.095717
    1316   -0.095717
    1317   -0.095480
    1318   -0.095480
    1319   -0.095165
    1320   -0.095165
    1321   -0.094786
    1322   -0.094786
    1323   -0.094366
    1324   -0.094366
    1325   -0.093894
    1326   -0.093894
    1327   -0.093348
    1328   -0.093348
    1329   -0.092723
    1330   -0.092723
    1331   -0.092028
    1332   -0.092028
    1333   -0.091275
    1334   -0.091275
    1335   -0.090466
    1336   -0.090466
    1337   -0.089592
    1338   -0.089592
    1339   -0.088640
    1340   -0.088640
    1341   -0.087604
    1342   -0.087604
    1343   -0.086484
    1344   -0.086484
    1345   -0.085279
    1346   -0.085279
    1347   -0.083993
    1348   -0.083993
    1349   -0.082613
    1350   -0.082613
    1351   -0.081127
    1352   -0.081127
    1353   -0.079548
    1354   -0.079548
    1355   -0.077875
    1356   -0.077875
    1357   -0.076100
    1358   -0.076100
    1359   -0.074218
    1360   -0.074218
    1361   -0.072209
    1362   -0.072209
    1363   -0.070033
    1364   -0.070033
    1365   -0.067655
    1366   -0.067655
    1367   -0.065036
    1368   -0.065036
    1369   -0.062128
    1370   -0.062128
    1371   -0.058792
    1372   -0.058792
    1373   -0.055301
    1374   -0.055301
    1375   -0.051703
    1376   -0.051703
    1377   -0.047300
    1378   -0.047300
    1379   -0.042188
    1380   -0.042188
    1381   -0.036581
    1382   -0.036581
    1383   -0.030668
    1384   -0.030668
    1385   -0.026028
    1386   -0.026028
    1387   -0.143127
    1388   -0.143127
    1389   -0.142979
    1390   -0.142979
    1391   -0.142783
    1392   -0.142783
    1393   -0.142602
    1394   -0.142602
    1395   -0.142411
    1396   -0.142411
    1397   -0.142221
    1398   -0.142221
    1399   -0.142049
    1400   -0.142049
    1401   -0.141884
    1402   -0.141884
    1403   -0.141722
    1404   -0.141722
    1405   -0.141568
    1406   -0.141568
    1407   -0.141421
    1408   -0.141421
    1409   -0.141273
    1410   -0.141273
    1411   -0.141118
    1412   -0.141118
    1413   -0.140958
    1414   -0.140958
    1415   -0.140789
    1416   -0.140789
    1417   -0.140611
    1418   -0.140611
    1419   -0.140424
    1420   -0.140424
    1421   -0.140226
    1422   -0.140226
    1423   -0.140018
    1424   -0.140018
    1425   -0.139797
    1426   -0.139797
    1427   -0.139567
    1428   -0.139567
    1429   -0.139341
    1430   -0.139341
    1431   -0.139120
    1432   -0.139120
    1433   -0.138894
    1434   -0.138894
    1435   -0.138661
    1436   -0.138661
    1437   -0.138420
    1438   -0.138420
    1439   -0.138171
    1440   -0.138171
    1441   -0.137909
    1442   -0.137909
    1443   -0.137636
    1444   -0.137636
    1445   -0.137349
    1446   -0.137349
    1447   -0.137048
    1448   -0.137048
    1449   -0.136732
    1450   -0.136732
    1451   -0.136405
    1452   -0.136405
    1453   -0.136077
    1454   -0.136077
    1455   -0.135747
    1456   -0.135747
    1457   -0.135407
    1458   -0.135407
    1459   -0.135051
    1460   -0.135051
    1461   -0.134679
    1462   -0.134679
    1463   -0.134291
    1464   -0.134291
    1465   -0.133875
    1466   -0.133875
    1467   -0.133433
    1468   -0.133433
    1469   -0.132970
    1470   -0.132970
    1471   -0.132485
    1472   -0.132485
    1473   -0.131980
    1474   -0.131980
    1475   -0.131449
    1476   -0.131449
    1477   -0.130889
    1478   -0.130889
    1479   -0.130300
    1480   -0.130300
    1481   -0.129679
    1482   -0.129679
    1483   -0.129017
    1484   -0.129017
    1485   -0.128310
    1486   -0.128310
    1487   -0.127554
    1488   -0.127554
    1489   -0.126743
    1490   -0.126743
    1491   -0.125873
    1492   -0.125873
    1493   -0.124938
    1494   -0.124938
    1495   -0.123926
    1496   -0.123926
    1497   -0.122828
    1498   -0.122828
    1499   -0.121653
    1500   -0.121653
    1501   -0.120428
    1502   -0.120428
    1503   -0.119202
    1504   -0.119202
    1505   -0.118092
    1506   -0.118092
    1507   -0.117310
    1508   -0.117310
    1509   -0.116896
    1510   -0.116896
    1511   -0.116643
    1512   -0.116643
    1513   -0.116370
    1514   -0.116370
    1515   -0.116021
    1516   -0.116021
    1517   -0.115584
    1518   -0.115584
    1519   -0.115065
    1520   -0.115065
    1521   -0.114492
    1522   -0.114492
    1523   -0.113864
    1524   -0.113864
    1525   -0.113157
    1526   -0.113157
    1527   -0.112369
    1528   -0.112369
    1529   -0.111510
    1530   -0.111510
    1531   -0.110584
    1532   -0.110584
    1533   -0.109600
    1534   -0.109600
    1535   -0.108547
    1536   -0.108547
    1537   -0.107406
    1538   -0.107406
    1539   -0.106175
    1540   -0.106175
    1541   -0.104862
    1542   -0.104862
    1543   -0.103454
    1544   -0.103454
    1545   -0.101939
    1546   -0.101939
    1547   -0.100318
    1548   -0.100318
    1549   -0.098584
    1550   -0.098584
    1551   -0.096738
    1552   -0.096738
    1553   -0.094780
    1554   -0.094780
    1555   -0.092706
    1556   -0.092706
    1557   -0.090496
    1558   -0.090496
    1559   -0.088132
    1560   -0.088132
    1561   -0.085590
    1562   -0.085590
    1563   -0.082820
    1564   -0.082820
    1565   -0.079773
    1566   -0.079773
    1567   -0.076495
    1568   -0.076495
    1569   -0.072816
    1570   -0.072816
    1571   -0.068523
    1572   -0.068523
    1573   -0.063870
    1574   -0.063870
    1575   -0.058773
    1576   -0.058773
    1577   -0.052960
    1578   -0.052960
    1579   -0.046316
    1580   -0.046316
    1581   -0.039090
    1582   -0.039090
    1583   -0.033276
    1584   -0.033276
    1585   -0.172584
    1586   -0.172584
    1587   -0.172258
    1588   -0.172258
    1589   -0.171788
    1590   -0.171788
    1591   -0.171370
    1592   -0.171370
    1593   -0.171008
    1594   -0.171008
    1595   -0.170679
    1596   -0.170679
    1597   -0.170375
    1598   -0.170375
    1599   -0.170089
    1600   -0.170089
    1601   -0.169828
    1602   -0.169828
    1603   -0.169595
    1604   -0.169595
    1605   -0.169383
    1606   -0.169383
    1607   -0.169182
    1608   -0.169182
    1609   -0.168985
    1610   -0.168985
    1611   -0.168789
    1612   -0.168789
    1613   -0.168587
    1614   -0.168587
    1615   -0.168375
    1616   -0.168375
    1617   -0.168150
    1618   -0.168150
    1619   -0.167915
    1620   -0.167915
    1621   -0.167672
    1622   -0.167672
    1623   -0.167415
    1624   -0.167415
    1625   -0.167148
    1626   -0.167148
    1627   -0.166881
    1628   -0.166881
    1629   -0.166617
    1630   -0.166617
    1631   -0.166350
    1632   -0.166350
    1633   -0.166078
    1634   -0.166078
    1635   -0.165801
    1636   -0.165801
    1637   -0.165517
    1638   -0.165517
    1639   -0.165219
    1640   -0.165219
    1641   -0.164906
    1642   -0.164906
    1643   -0.164576
    1644   -0.164576
    1645   -0.164230
    1646   -0.164230
    1647   -0.163866
    1648   -0.163866
    1649   -0.163490
    1650   -0.163490
    1651   -0.163109
    1652   -0.163109
    1653   -0.162723
    1654   -0.162723
    1655   -0.162327
    1656   -0.162327
    1657   -0.161919
    1658   -0.161919
    1659   -0.161497
    1660   -0.161497
    1661   -0.161056
    1662   -0.161056
    1663   -0.160590
    1664   -0.160590
    1665   -0.160095
    1666   -0.160095
    1667   -0.159575
    1668   -0.159575
    1669   -0.159032
    1670   -0.159032
    1671   -0.158465
    1672   -0.158465
    1673   -0.157873
    1674   -0.157873
    1675   -0.157248
    1676   -0.157248
    1677   -0.156586
    1678   -0.156586
    1679   -0.155886
    1680   -0.155886
    1681   -0.155141
    1682   -0.155141
    1683   -0.154348
    1684   -0.154348
    1685   -0.153506
    1686   -0.153506
    1687   -0.152609
    1688   -0.152609
    1689   -0.151654
    1690   -0.151654
    1691   -0.150640
    1692   -0.150640
    1693   -0.149558
    1694   -0.149558
    1695   -0.148402
    1696   -0.148402
    1697   -0.147183
    1698   -0.147183
    1699   -0.145917
    1700   -0.145917
    1701   -0.144656
    1702   -0.144656
    1703   -0.143538
    1704   -0.143538
    1705   -0.142761
    1706   -0.142761
    1707   -0.142324
    1708   -0.142324
    1709   -0.142011
    1710   -0.142011
    1711   -0.141667
    1712   -0.141667
    1713   -0.141246
    1714   -0.141246
    1715   -0.140722
    1716   -0.140722
    1717   -0.140084
    1718   -0.140084
    1719   -0.139354
    1720   -0.139354
    1721   -0.138540
    1722   -0.138540
    1723   -0.137649
    1724   -0.137649
    1725   -0.136686
    1726   -0.136686
    1727   -0.135643
    1728   -0.135643
    1729   -0.134521
    1730   -0.134521
    1731   -0.133334
    1732   -0.133334
    1733   -0.132073
    1734   -0.132073
    1735   -0.130728
    1736   -0.130728
    1737   -0.129292
    1738   -0.129292
    1739   -0.127758
    1740   -0.127758
    1741   -0.126121
    1742   -0.126121
    1743   -0.124370
    1744   -0.124370
    1745   -0.122507
    1746   -0.122507
    1747   -0.120521
    1748   -0.120521
    1749   -0.118405
    1750   -0.118405
    1751   -0.116158
    1752   -0.116158
    1753   -0.113778
    1754   -0.113778
    1755   -0.111230
    1756   -0.111230
    1757   -0.108489
    1758   -0.108489
    1759   -0.105530
    1760   -0.105530
    1761   -0.102294
    1762   -0.102294
    1763   -0.098740
    1764   -0.098740
    1765   -0.094952
    1766   -0.094952
    1767   -0.090786
    1768   -0.090786
    1769   -0.085810
    1770   -0.085810
    1771   -0.080202
    1772   -0.080202
    1773   -0.074101
    1774   -0.074101
    1775   -0.067065
    1776   -0.067065
    1777   -0.058810
    1778   -0.058810
    1779   -0.049735
    1780   -0.049735
    1781   -0.042321
    1782   -0.042321
    1783   -0.209036
    1784   -0.209036
    1785   -0.208547
    1786   -0.208547
    1787   -0.207862
    1788   -0.207862
    1789   -0.207269
    1790   -0.207269
    1791   -0.206752
    1792   -0.206752
    1793   -0.206281
    1794   -0.206281
    1795   -0.205840
    1796   -0.205840
    1797   -0.205429
    1798   -0.205429
    1799   -0.205064
    1800   -0.205064
    1801   -0.204743
    1802   -0.204743
    1803   -0.204452
    1804   -0.204452
    1805   -0.204182
    1806   -0.204182
    1807   -0.203929
    1808   -0.203929
    1809   -0.203683
    1810   -0.203683
    1811   -0.203437
    1812   -0.203437
    1813   -0.203182
    1814   -0.203182
    1815   -0.202913
    1816   -0.202913
    1817   -0.202636
    1818   -0.202636
    1819   -0.202353
    1820   -0.202353
    1821   -0.202057
    1822   -0.202057
    1823   -0.201748
    1824   -0.201748
    1825   -0.201434
    1826   -0.201434
    1827   -0.201117
    1828   -0.201117
    1829   -0.200799
    1830   -0.200799
    1831   -0.200481
    1832   -0.200481
    1833   -0.200163
    1834   -0.200163
    1835   -0.199840
    1836   -0.199840
    1837   -0.199504
    1838   -0.199504
    1839   -0.199148
    1840   -0.199148
    1841   -0.198772
    1842   -0.198772
    1843   -0.198376
    1844   -0.198376
    1845   -0.197964
    1846   -0.197964
    1847   -0.197536
    1848   -0.197536
    1849   -0.197094
    1850   -0.197094
    1851   -0.196642
    1852   -0.196642
    1853   -0.196181
    1854   -0.196181
    1855   -0.195711
    1856   -0.195711
    1857   -0.195227
    1858   -0.195227
    1859   -0.194724
    1860   -0.194724
    1861   -0.194198
    1862   -0.194198
    1863   -0.193645
    1864   -0.193645
    1865   -0.193065
    1866   -0.193065
    1867   -0.192459
    1868   -0.192459
    1869   -0.191828
    1870   -0.191828
    1871   -0.191168
    1872   -0.191168
    1873   -0.190470
    1874   -0.190470
    1875   -0.189725
    1876   -0.189725
    1877   -0.188934
    1878   -0.188934
    1879   -0.188096
    1880   -0.188096
    1881   -0.187206
    1882   -0.187206
    1883   -0.186267
    1884   -0.186267
    1885   -0.185275
    1886   -0.185275
    1887   -0.184225
    1888   -0.184225
    1889   -0.183120
    1890   -0.183120
    1891   -0.181955
    1892   -0.181955
    1893   -0.180729
    1894   -0.180729
    1895   -0.179445
    1896   -0.179445
    1897   -0.178110
    1898   -0.178110
    1899   -0.176782
    1900   -0.176782
    1901   -0.175610
    1902   -0.175610
    1903   -0.174786
    1904   -0.174786
    1905   -0.174289
    1906   -0.174289
    1907   -0.173903
    1908   -0.173903
    1909   -0.173479
    1910   -0.173479
    1911   -0.172975
    1912   -0.172975
    1913   -0.172370
    1914   -0.172370
    1915   -0.171646
    1916   -0.171646
    1917   -0.170800
    1918   -0.170800
    1919   -0.169841
    1920   -0.169841
    1921   -0.168793
    1922   -0.168793
    1923   -0.167659
    1924   -0.167659
    1925   -0.166431
    1926   -0.166431
    1927   -0.165110
    1928   -0.165110
    1929   -0.163701
    1930   -0.163701
    1931   -0.162203
    1932   -0.162203
    1933   -0.160611
    1934   -0.160611
    1935   -0.158917
    1936   -0.158917
    1937   -0.157109
    1938   -0.157109
    1939   -0.155198
    1940   -0.155198
    1941   -0.153182
    1942   -0.153182
    1943   -0.151041
    1944   -0.151041
    1945   -0.148762
    1946   -0.148762
    1947   -0.146326
    1948   -0.146326
    1949   -0.143732
    1950   -0.143732
    1951   -0.140983
    1952   -0.140983
    1953   -0.138041
    1954   -0.138041
    1955   -0.134855
    1956   -0.134855
    1957   -0.131385
    1958   -0.131385
    1959   -0.127590
    1960   -0.127590
    1961   -0.123443
    1962   -0.123443
    1963   -0.118969
    1964   -0.118969
    1965   -0.114088
    1966   -0.114088
    1967   -0.108466
    1968   -0.108466
    1969   -0.101963
    1970   -0.101963
    1971   -0.094521
    1972   -0.094521
    1973   -0.085773
    1974   -0.085773
    1975   -0.075429
    1976   -0.075429
    1977   -0.063961
    1978   -0.063961
    1979   -0.054461
    1980   -0.054461
    1981   -0.255154
    1982   -0.255154
    1983   -0.254577
    1984   -0.254577
    1985   -0.253781
    1986   -0.253781
    1987   -0.253109
    1988   -0.253109
    1989   -0.252504
    1990   -0.252504
    1991   -0.251928
    1992   -0.251928
    1993   -0.251385
    1994   -0.251385
    1995   -0.250885
    1996   -0.250885
    1997   -0.250437
    1998   -0.250437
    1999   -0.250032
    2000   -0.250032
    2001   -0.249660
    2002   -0.249660
    2003   -0.249315
    2004   -0.249315
    2005   -0.248992
    2006   -0.248992
    2007   -0.248683
    2008   -0.248683
    2009   -0.248378
    2010   -0.248378
    2011   -0.248068
    2012   -0.248068
    2013   -0.247749
    2014   -0.247749
    2015   -0.247422
    2016   -0.247422
    2017   -0.247088
    2018   -0.247088
    2019   -0.246741
    2020   -0.246741
    2021   -0.246382
    2022   -0.246382
    2023   -0.246013
    2024   -0.246013
    2025   -0.245640
    2026   -0.245640
    2027   -0.245269
    2028   -0.245269
    2029   -0.244900
    2030   -0.244900
    2031   -0.244533
    2032   -0.244533
    2033   -0.244160
    2034   -0.244160
    2035   -0.243775
    2036   -0.243775
    2037   -0.243370
    2038   -0.243370
    2039   -0.242946
    2040   -0.242946
    2041   -0.242501
    2042   -0.242501
    2043   -0.242036
    2044   -0.242036
    2045   -0.241549
    2046   -0.241549
    2047   -0.241044
    2048   -0.241044
    2049   -0.240522
    2050   -0.240522
    2051   -0.239989
    2052   -0.239989
    2053   -0.239445
    2054   -0.239445
    2055   -0.238887
    2056   -0.238887
    2057   -0.238310
    2058   -0.238310
    2059   -0.237713
    2060   -0.237713
    2061   -0.237089
    2062   -0.237089
    2063   -0.236437
    2064   -0.236437
    2065   -0.235763
    2066   -0.235763
    2067   -0.235062
    2068   -0.235062
    2069   -0.234326
    2070   -0.234326
    2071   -0.233536
    2072   -0.233536
    2073   -0.232689
    2074   -0.232689
    2075   -0.231794
    2076   -0.231794
    2077   -0.230855
    2078   -0.230855
    2079   -0.229866
    2080   -0.229866
    2081   -0.228826
    2082   -0.228826
    2083   -0.227733
    2084   -0.227733
    2085   -0.226584
    2086   -0.226584
    2087   -0.225380
    2088   -0.225380
    2089   -0.224120
    2090   -0.224120
    2091   -0.222802
    2092   -0.222802
    2093   -0.221420
    2094   -0.221420
    2095   -0.219981
    2096   -0.219981
    2097   -0.218539
    2098   -0.218539
    2099   -0.217255
    2100   -0.217255
    2101   -0.216328
    2102   -0.216328
    2103   -0.215730
    2104   -0.215730
    2105   -0.215244
    2106   -0.215244
    2107   -0.214718
    2108   -0.214718
    2109   -0.214098
    2110   -0.214098
    2111   -0.213370
    2112   -0.213370
    2113   -0.212519
    2114   -0.212519
    2115   -0.211523
    2116   -0.211523
    2117   -0.210385
    2118   -0.210385
    2119   -0.209128
    2120   -0.209128
    2121   -0.207763
    2122   -0.207763
    2123   -0.206295
    2124   -0.206295
    2125   -0.204722
    2126   -0.204722
    2127   -0.203029
    2128   -0.203029
    2129   -0.201216
    2130   -0.201216
    2131   -0.199280
    2132   -0.199280
    2133   -0.197225
    2134   -0.197225
    2135   -0.195053
    2136   -0.195053
    2137   -0.192775
    2138   -0.192775
    2139   -0.190379
    2140   -0.190379
    2141   -0.187843
    2142   -0.187843
    2143   -0.185150
    2144   -0.185150
    2145   -0.182269
    2146   -0.182269
    2147   -0.179207
    2148   -0.179207
    2149   -0.175965
    2150   -0.175965
    2151   -0.172482
    2152   -0.172482
    2153   -0.168713
    2154   -0.168713
    2155   -0.164613
    2156   -0.164613
    2157   -0.160138
    2158   -0.160138
    2159   -0.155238
    2160   -0.155238
    2161   -0.149890
    2162   -0.149890
    2163   -0.144117
    2164   -0.144117
    2165   -0.137677
    2166   -0.137677
    2167   -0.130138
    2168   -0.130138
    2169   -0.121211
    2170   -0.121211
    2171   -0.110525
    2172   -0.110525
    2173   -0.097741
    2174   -0.097741
    2175   -0.083392
    2176   -0.083392
    2177   -0.071346
    2178   -0.071346
    2179   -0.314861
    2180   -0.314861
    2181   -0.314389
    2182   -0.314389
    2183   -0.313734
    2184   -0.313734
    2185   -0.313152
    2186   -0.313152
    2187   -0.312569
    2188   -0.312569
    2189   -0.311969
    2190   -0.311969
    2191   -0.311400
    2192   -0.311400
    2193   -0.310876
    2194   -0.310876
    2195   -0.310385
    2196   -0.310385
    2197   -0.309916
    2198   -0.309916
    2199   -0.309472
    2200   -0.309472
    2201   -0.309054
    2202   -0.309054
    2203   -0.308661
    2204   -0.308661
    2205   -0.308282
    2206   -0.308282
    2207   -0.307909
    2208   -0.307909
    2209   -0.307536
    2210   -0.307536
    2211   -0.307160
    2212   -0.307160
    2213   -0.306775
    2214   -0.306775
    2215   -0.306378
    2216   -0.306378
    2217   -0.305967
    2218   -0.305967
    2219   -0.305546
    2220   -0.305546
    2221   -0.305116
    2222   -0.305116
    2223   -0.304683
    2224   -0.304683
    2225   -0.304253
    2226   -0.304253
    2227   -0.303825
    2228   -0.303825
    2229   -0.303394
    2230   -0.303394
    2231   -0.302957
    2232   -0.302957
    2233   -0.302508
    2234   -0.302508
    2235   -0.302044
    2236   -0.302044
    2237   -0.301562
    2238   -0.301562
    2239   -0.301059
    2240   -0.301059
    2241   -0.300530
    2242   -0.300530
    2243   -0.299975
    2244   -0.299975
    2245   -0.299397
    2246   -0.299397
    2247   -0.298797
    2248   -0.298797
    2249   -0.298179
    2250   -0.298179
    2251   -0.297544
    2252   -0.297544
    2253   -0.296894
    2254   -0.296894
    2255   -0.296227
    2256   -0.296227
    2257   -0.295536
    2258   -0.295536
    2259   -0.294821
    2260   -0.294821
    2261   -0.294081
    2262   -0.294081
    2263   -0.293319
    2264   -0.293319
    2265   -0.292536
    2266   -0.292536
    2267   -0.291709
    2268   -0.291709
    2269   -0.290804
    2270   -0.290804
    2271   -0.289827
    2272   -0.289827
    2273   -0.288807
    2274   -0.288807
    2275   -0.287749
    2276   -0.287749
    2277   -0.286648
    2278   -0.286648
    2279   -0.285495
    2280   -0.285495
    2281   -0.284290
    2282   -0.284290
    2283   -0.283034
    2284   -0.283034
    2285   -0.281716
    2286   -0.281716
    2287   -0.280333
    2288   -0.280333
    2289   -0.278876
    2290   -0.278876
    2291   -0.277340
    2292   -0.277340
    2293   -0.275736
    2294   -0.275736
    2295   -0.274116
    2296   -0.274116
    2297   -0.272662
    2298   -0.272662
    2299   -0.271592
    2300   -0.271592
    2301   -0.270849
    2302   -0.270849
    2303   -0.270214
    2304   -0.270214
    2305   -0.269535
    2306   -0.269535
    2307   -0.268729
    2308   -0.268729
    2309   -0.267778
    2310   -0.267778
    2311   -0.266680
    2312   -0.266680
    2313   -0.265414
    2314   -0.265414
    2315   -0.263975
    2316   -0.263975
    2317   -0.262382
    2318   -0.262382
    2319   -0.260658
    2320   -0.260658
    2321   -0.258819
    2322   -0.258819
    2323   -0.256848
    2324   -0.256848
    2325   -0.254730
    2326   -0.254730
    2327   -0.252464
    2328   -0.252464
    2329   -0.250049
    2330   -0.250049
    2331   -0.247497
    2332   -0.247497
    2333   -0.244812
    2334   -0.244812
    2335   -0.241983
    2336   -0.241983
    2337   -0.239002
    2338   -0.239002
    2339   -0.235857
    2340   -0.235857
    2341   -0.232535
    2342   -0.232535
    2343   -0.228994
    2344   -0.228994
    2345   -0.225223
    2346   -0.225223
    2347   -0.221210
    2348   -0.221210
    2349   -0.216909
    2350   -0.216909
    2351   -0.212319
    2352   -0.212319
    2353   -0.207397
    2354   -0.207397
    2355   -0.202069
    2356   -0.202069
    2357   -0.196271
    2358   -0.196271
    2359   -0.189883
    2360   -0.189883
    2361   -0.182925
    2362   -0.182925
    2363   -0.175275
    2364   -0.175275
    2365   -0.166403
    2366   -0.166403
    2367   -0.155883
    2368   -0.155883
    2369   -0.143202
    2370   -0.143202
    2371   -0.127808
    2372   -0.127808
    2373   -0.110195
    2374   -0.110195
    2375   -0.095140
    2376   -0.095140
    2377   -0.393086
    2378   -0.393086
    2379   -0.392927
    2380   -0.392927
    2381   -0.392665
    2382   -0.392665
    2383   -0.392321
    2384   -0.392321
    2385   -0.391866
    2386   -0.391866
    2387   -0.391337
    2388   -0.391337
    2389   -0.390814
    2390   -0.390814
    2391   -0.390314
    2392   -0.390314
    2393   -0.389817
    2394   -0.389817
    2395   -0.389319
    2396   -0.389319
    2397   -0.388825
    2398   -0.388825
    2399   -0.388346
    2400   -0.388346
    2401   -0.387882
    2402   -0.387882
    2403   -0.387430
    2404   -0.387430
    2405   -0.386983
    2406   -0.386983
    2407   -0.386539
    2408   -0.386539
    2409   -0.386093
    2410   -0.386093
    2411   -0.385639
    2412   -0.385639
    2413   -0.385169
    2414   -0.385169
    2415   -0.384683
    2416   -0.384683
    2417   -0.384186
    2418   -0.384186
    2419   -0.383682
    2420   -0.383682
    2421   -0.383176
    2422   -0.383176
    2423   -0.382669
    2424   -0.382669
    2425   -0.382160
    2426   -0.382160
    2427   -0.381645
    2428   -0.381645
    2429   -0.381124
    2430   -0.381124
    2431   -0.380594
    2432   -0.380594
    2433   -0.380049
    2434   -0.380049
    2435   -0.379485
    2436   -0.379485
    2437   -0.378898
    2438   -0.378898
    2439   -0.378282
    2440   -0.378282
    2441   -0.377638
    2442   -0.377638
    2443   -0.376964
    2444   -0.376964
    2445   -0.376261
    2446   -0.376261
    2447   -0.375532
    2448   -0.375532
    2449   -0.374780
    2450   -0.374780
    2451   -0.374008
    2452   -0.374008
    2453   -0.373216
    2454   -0.373216
    2455   -0.372398
    2456   -0.372398
    2457   -0.371556
    2458   -0.371556
    2459   -0.370689
    2460   -0.370689
    2461   -0.369796
    2462   -0.369796
    2463   -0.368878
    2464   -0.368878
    2465   -0.367913
    2466   -0.367913
    2467   -0.366863
    2468   -0.366863
    2469   -0.365736
    2470   -0.365736
    2471   -0.364564
    2472   -0.364564
    2473   -0.363356
    2474   -0.363356
    2475   -0.362103
    2476   -0.362103
    2477   -0.360796
    2478   -0.360796
    2479   -0.359437
    2480   -0.359437
    2481   -0.358020
    2482   -0.358020
    2483   -0.356525
    2484   -0.356525
    2485   -0.354941
    2486   -0.354941
    2487   -0.353254
    2488   -0.353254
    2489   -0.351463
    2490   -0.351463
    2491   -0.349586
    2492   -0.349586
    2493   -0.347664
    2494   -0.347664
    2495   -0.345898
    2496   -0.345898
    2497   -0.344544
    2498   -0.344544
    2499   -0.343533
    2500   -0.343533
    2501   -0.342615
    2502   -0.342615
    2503   -0.341629
    2504   -0.341629
    2505   -0.340480
    2506   -0.340480
    2507   -0.339150
    2508   -0.339150
    2509   -0.337647
    2510   -0.337647
    2511   -0.335957
    2512   -0.335957
    2513   -0.334064
    2514   -0.334064
    2515   -0.331979
    2516   -0.331979
    2517   -0.329743
    2518   -0.329743
    2519   -0.327358
    2520   -0.327358
    2521   -0.324803
    2522   -0.324803
    2523   -0.322073
    2524   -0.322073
    2525   -0.319169
    2526   -0.319169
    2527   -0.316095
    2528   -0.316095
    2529   -0.312856
    2530   -0.312856
    2531   -0.309442
    2532   -0.309442
    2533   -0.305828
    2534   -0.305828
    2535   -0.302019
    2536   -0.302019
    2537   -0.298009
    2538   -0.298009
    2539   -0.293784
    2540   -0.293784
    2541   -0.289313
    2542   -0.289313
    2543   -0.284535
    2544   -0.284535
    2545   -0.279430
    2546   -0.279430
    2547   -0.274013
    2548   -0.274013
    2549   -0.268298
    2550   -0.268298
    2551   -0.262240
    2552   -0.262240
    2553   -0.255768
    2554   -0.255768
    2555   -0.248824
    2556   -0.248824
    2557   -0.241179
    2558   -0.241179
    2559   -0.232725
    2560   -0.232725
    2561   -0.223413
    2562   -0.223413
    2563   -0.212828
    2564   -0.212828
    2565   -0.200568
    2566   -0.200568
    2567   -0.185887
    2568   -0.185887
    2569   -0.167909
    2570   -0.167909
    2571   -0.146898
    2572   -0.146898
    2573   -0.128531
    2574   -0.128531
    2575   -0.490788
    2576   -0.490788
    2577   -0.490910
    2578   -0.490910
    2579   -0.490932
    2580   -0.490932
    2581   -0.490671
    2582   -0.490671
    2583   -0.490260
    2584   -0.490260
    2585   -0.489807
    2586   -0.489807
    2587   -0.489346
    2588   -0.489346
    2589   -0.488878
    2590   -0.488878
    2591   -0.488389
    2592   -0.488389
    2593   -0.487879
    2594   -0.487879
    2595   -0.487354
    2596   -0.487354
    2597   -0.486819
    2598   -0.486819
    2599   -0.486280
    2600   -0.486280
    2601   -0.485744
    2602   -0.485744
    2603   -0.485211
    2604   -0.485211
    2605   -0.484678
    2606   -0.484678
    2607   -0.484141
    2608   -0.484141
    2609   -0.483596
    2610   -0.483596
    2611   -0.483037
    2612   -0.483037
    2613   -0.482459
    2614   -0.482459
    2615   -0.481864
    2616   -0.481864
    2617   -0.481261
    2618   -0.481261
    2619   -0.480654
    2620   -0.480654
    2621   -0.480038
    2622   -0.480038
    2623   -0.479413
    2624   -0.479413
    2625   -0.478782
    2626   -0.478782
    2627   -0.478143
    2628   -0.478143
    2629   -0.477493
    2630   -0.477493
    2631   -0.476826
    2632   -0.476826
    2633   -0.476135
    2634   -0.476135
    2635   -0.475418
    2636   -0.475418
    2637   -0.474672
    2638   -0.474672
    2639   -0.473894
    2640   -0.473894
    2641   -0.473079
    2642   -0.473079
    2643   -0.472227
    2644   -0.472227
    2645   -0.471342
    2646   -0.471342
    2647   -0.470427
    2648   -0.470427
    2649   -0.469483
    2650   -0.469483
    2651   -0.468510
    2652   -0.468510
    2653   -0.467509
    2654   -0.467509
    2655   -0.466480
    2656   -0.466480
    2657   -0.465418
    2658   -0.465418
    2659   -0.464317
    2660   -0.464317
    2661   -0.463176
    2662   -0.463176
    2663   -0.461985
    2664   -0.461985
    2665   -0.460730
    2666   -0.460730
    2667   -0.459409
    2668   -0.459409
    2669   -0.458034
    2670   -0.458034
    2671   -0.456607
    2672   -0.456607
    2673   -0.455125
    2674   -0.455125
    2675   -0.453582
    2676   -0.453582
    2677   -0.451972
    2678   -0.451972
    2679   -0.450280
    2680   -0.450280
    2681   -0.448488
    2682   -0.448488
    2683   -0.446579
    2684   -0.446579
    2685   -0.444541
    2686   -0.444541
    2687   -0.442374
    2688   -0.442374
    2689   -0.440087
    2690   -0.440087
    2691   -0.437707
    2692   -0.437707
    2693   -0.435437
    2694   -0.435437
    2695   -0.433582
    2696   -0.433582
    2697   -0.432081
    2698   -0.432081
    2699   -0.430629
    2700   -0.430629
    2701   -0.429049
    2702   -0.429049
    2703   -0.427274
    2704   -0.427274
    2705   -0.425303
    2706   -0.425303
    2707   -0.423139
    2708   -0.423139
    2709   -0.420789
    2710   -0.420789
    2711   -0.418223
    2712   -0.418223
    2713   -0.415432
    2714   -0.415432
    2715   -0.412461
    2716   -0.412461
    2717   -0.409296
    2718   -0.409296
    2719   -0.405914
    2720   -0.405914
    2721   -0.402322
    2722   -0.402322
    2723   -0.398518
    2724   -0.398518
    2725   -0.394508
    2726   -0.394508
    2727   -0.390278
    2728   -0.390278
    2729   -0.385810
    2730   -0.385810
    2731   -0.381093
    2732   -0.381093
    2733   -0.376131
    2734   -0.376131
    2735   -0.370908
    2736   -0.370908
    2737   -0.365407
    2738   -0.365407
    2739   -0.359631
    2740   -0.359631
    2741   -0.353508
    2742   -0.353508
    2743   -0.346995
    2744   -0.346995
    2745   -0.340119
    2746   -0.340119
    2747   -0.332862
    2748   -0.332862
    2749   -0.325186
    2750   -0.325186
    2751   -0.317050
    2752   -0.317050
    2753   -0.308374
    2754   -0.308374
    2755   -0.298959
    2756   -0.298959
    2757   -0.288651
    2758   -0.288651
    2759   -0.277285
    2760   -0.277285
    2761   -0.264666
    2762   -0.264666
    2763   -0.250470
    2764   -0.250470
    2765   -0.233640
    2766   -0.233640
    2767   -0.213228
    2768   -0.213228
    2769   -0.189296
    2770   -0.189296
    2771   -0.168069
    2772   -0.168069
    2773   -0.595548
    2774   -0.595548
    2775   -0.595876
    2776   -0.595876
    2777   -0.596055
    2778   -0.596055
    2779   -0.595664
    2780   -0.595664
    2781   -0.595103
    2782   -0.595103
    2783   -0.594642
    2784   -0.594642
    2785   -0.594215
    2786   -0.594215
    2787   -0.593758
    2788   -0.593758
    2789   -0.593254
    2790   -0.593254
    2791   -0.592713
    2792   -0.592713
    2793   -0.592139
    2794   -0.592139
    2795   -0.591532
    2796   -0.591532
    2797   -0.590898
    2798   -0.590898
    2799   -0.590252
    2800   -0.590252
    2801   -0.589600
    2802   -0.589600
    2803   -0.588945
    2804   -0.588945
    2805   -0.588283
    2806   -0.588283
    2807   -0.587609
    2808   -0.587609
    2809   -0.586920
    2810   -0.586920
    2811   -0.586213
    2812   -0.586213
    2813   -0.585489
    2814   -0.585489
    2815   -0.584748
    2816   -0.584748
    2817   -0.583991
    2818   -0.583991
    2819   -0.583217
    2820   -0.583217
    2821   -0.582429
    2822   -0.582429
    2823   -0.581627
    2824   -0.581627
    2825   -0.580806
    2826   -0.580806
    2827   -0.579964
    2828   -0.579964
    2829   -0.579096
    2830   -0.579096
    2831   -0.578202
    2832   -0.578202
    2833   -0.577279
    2834   -0.577279
    2835   -0.576325
    2836   -0.576325
    2837   -0.575335
    2838   -0.575335
    2839   -0.574304
    2840   -0.574304
    2841   -0.573229
    2842   -0.573229
    2843   -0.572111
    2844   -0.572111
    2845   -0.570951
    2846   -0.570951
    2847   -0.569749
    2848   -0.569749
    2849   -0.568509
    2850   -0.568509
    2851   -0.567230
    2852   -0.567230
    2853   -0.565913
    2854   -0.565913
    2855   -0.564546
    2856   -0.564546
    2857   -0.563120
    2858   -0.563120
    2859   -0.561636
    2860   -0.561636
    2861   -0.560099
    2862   -0.560099
    2863   -0.558519
    2864   -0.558519
    2865   -0.556888
    2866   -0.556888
    2867   -0.555188
    2868   -0.555188
    2869   -0.553412
    2870   -0.553412
    2871   -0.551565
    2872   -0.551565
    2873   -0.549638
    2874   -0.549638
    2875   -0.547612
    2876   -0.547612
    2877   -0.545474
    2878   -0.545474
    2879   -0.543209
    2880   -0.543209
    2881   -0.540803
    2882   -0.540803
    2883   -0.538247
    2884   -0.538247
    2885   -0.535528
    2886   -0.535528
    2887   -0.532641
    2888   -0.532641
    2889   -0.529625
    2890   -0.529625
    2891   -0.526657
    2892   -0.526657
    2893   -0.524021
    2894   -0.524021
    2895   -0.521686
    2896   -0.521686
    2897   -0.519336
    2898   -0.519336
    2899   -0.516784
    2900   -0.516784
    2901   -0.514001
    2902   -0.514001
    2903   -0.510998
    2904   -0.510998
    2905   -0.507782
    2906   -0.507782
    2907   -0.504389
    2908   -0.504389
    2909   -0.500799
    2910   -0.500799
    2911   -0.496957
    2912   -0.496957
    2913   -0.492860
    2914   -0.492860
    2915   -0.488493
    2916   -0.488493
    2917   -0.483850
    2918   -0.483850
    2919   -0.478934
    2920   -0.478934
    2921   -0.473751
    2922   -0.473751
    2923   -0.468303
    2924   -0.468303
    2925   -0.462552
    2926   -0.462552
    2927   -0.456483
    2928   -0.456483
    2929   -0.450096
    2930   -0.450096
    2931   -0.443388
    2932   -0.443388
    2933   -0.436349
    2934   -0.436349
    2935   -0.428957
    2936   -0.428957
    2937   -0.421216
    2938   -0.421216
    2939   -0.413083
    2940   -0.413083
    2941   -0.404501
    2942   -0.404501
    2943   -0.395451
    2944   -0.395451
    2945   -0.385884
    2946   -0.385884
    2947   -0.375775
    2948   -0.375775
    2949   -0.365096
    2950   -0.365096
    2951   -0.353754
    2952   -0.353754
    2953   -0.341614
    2954   -0.341614
    2955   -0.328537
    2956   -0.328537
    2957   -0.314327
    2958   -0.314327
    2959   -0.298983
    2960   -0.298983
    2961   -0.282082
    2962   -0.282082
    2963   -0.262496
    2964   -0.262496
    2965   -0.239829
    2966   -0.239829
    2967   -0.214212
    2968   -0.214212
    2969   -0.191759
    2970   -0.191759
    2971   -0.683804
    2972   -0.683804
    2973   -0.683964
    2974   -0.683964
    2975   -0.683841
    2976   -0.683841
    2977   -0.683131
    2978   -0.683131
    2979   -0.682424
    2980   -0.682424
    2981   -0.681922
    2982   -0.681922
    2983   -0.681439
    2984   -0.681439
    2985   -0.680917
    2986   -0.680917
    2987   -0.680336
    2988   -0.680336
    2989   -0.679702
    2990   -0.679702
    2991   -0.679018
    2992   -0.679018
    2993   -0.678285
    2994   -0.678285
    2995   -0.677505
    2996   -0.677505
    2997   -0.676690
    2998   -0.676690
    2999   -0.675853
    3000   -0.675853
    3001   -0.675007
    3002   -0.675007
    3003   -0.674153
    3004   -0.674153
    3005   -0.673276
    3006   -0.673276
    3007   -0.672377
    3008   -0.672377
    3009   -0.671466
    3010   -0.671466
    3011   -0.670540
    3012   -0.670540
    3013   -0.669585
    3014   -0.669585
    3015   -0.668595
    3016   -0.668595
    3017   -0.667578
    3018   -0.667578
    3019   -0.666532
    3020   -0.666532
    3021   -0.665455
    3022   -0.665455
    3023   -0.664342
    3024   -0.664342
    3025   -0.663185
    3026   -0.663185
    3027   -0.661988
    3028   -0.661988
    3029   -0.660760
    3030   -0.660760
    3031   -0.659501
    3032   -0.659501
    3033   -0.658201
    3034   -0.658201
    3035   -0.656858
    3036   -0.656858
    3037   -0.655471
    3038   -0.655471
    3039   -0.654035
    3040   -0.654035
    3041   -0.652540
    3042   -0.652540
    3043   -0.650984
    3044   -0.650984
    3045   -0.649367
    3046   -0.649367
    3047   -0.647695
    3048   -0.647695
    3049   -0.645967
    3050   -0.645967
    3051   -0.644178
    3052   -0.644178
    3053   -0.642318
    3054   -0.642318
    3055   -0.640377
    3056   -0.640377
    3057   -0.638350
    3058   -0.638350
    3059   -0.636258
    3060   -0.636258
    3061   -0.634135
    3062   -0.634135
    3063   -0.631968
    3064   -0.631968
    3065   -0.629708
    3066   -0.629708
    3067   -0.627339
    3068   -0.627339
    3069   -0.624864
    3070   -0.624864
    3071   -0.622274
    3072   -0.622274
    3073   -0.619552
    3074   -0.619552
    3075   -0.616688
    3076   -0.616688
    3077   -0.613669
    3078   -0.613669
    3079   -0.610485
    3080   -0.610485
    3081   -0.607130
    3082   -0.607130
    3083   -0.603573
    3084   -0.603573
    3085   -0.599786
    3086   -0.599786
    3087   -0.595837
    3088   -0.595837
    3089   -0.591881
    3090   -0.591881
    3091   -0.588113
    3092   -0.588113
    3093   -0.584511
    3094   -0.584511
    3095   -0.580783
    3096   -0.580783
    3097   -0.576773
    3098   -0.576773
    3099   -0.572486
    3100   -0.572486
    3101   -0.567925
    3102   -0.567925
    3103   -0.563083
    3104   -0.563083
    3105   -0.557976
    3106   -0.557976
    3107   -0.552632
    3108   -0.552632
    3109   -0.547006
    3110   -0.547006
    3111   -0.541002
    3112   -0.541002
    3113   -0.534616
    3114   -0.534616
    3115   -0.527871
    3116   -0.527871
    3117   -0.520760
    3118   -0.520760
    3119   -0.513292
    3120   -0.513292
    3121   -0.505458
    3122   -0.505458
    3123   -0.497223
    3124   -0.497223
    3125   -0.488581
    3126   -0.488581
    3127   -0.479519
    3128   -0.479519
    3129   -0.470007
    3130   -0.470007
    3131   -0.460055
    3132   -0.460055
    3133   -0.449647
    3134   -0.449647
    3135   -0.438755
    3136   -0.438755
    3137   -0.427348
    3138   -0.427348
    3139   -0.415371
    3140   -0.415371
    3141   -0.402766
    3142   -0.402766
    3143   -0.389475
    3144   -0.389475
    3145   -0.375462
    3146   -0.375462
    3147   -0.360687
    3148   -0.360687
    3149   -0.345076
    3150   -0.345076
    3151   -0.328488
    3152   -0.328488
    3153   -0.310788
    3154   -0.310788
    3155   -0.291894
    3156   -0.291894
    3157   -0.271842
    3158   -0.271842
    3159   -0.250225
    3160   -0.250225
    3161   -0.226555
    3162   -0.226555
    3163   -0.201367
    3164   -0.201367
    3165   -0.175382
    3166   -0.175382
    3167   -0.154035
    3168   -0.154035
    3169   -0.742831
    3170   -0.742831
    3171   -0.742210
    3172   -0.742210
    3173   -0.741139
    3174   -0.741139
    3175   -0.739970
    3176   -0.739970
    3177   -0.739155
    3178   -0.739155
    3179   -0.738552
    3180   -0.738552
    3181   -0.737910
    3182   -0.737910
    3183   -0.737210
    3184   -0.737210
    3185   -0.736443
    3186   -0.736443
    3187   -0.735601
    3188   -0.735601
    3189   -0.734685
    3190   -0.734685
    3191   -0.733699
    3192   -0.733699
    3193   -0.732647
    3194   -0.732647
    3195   -0.731535
    3196   -0.731535
    3197   -0.730378
    3198   -0.730378
    3199   -0.729194
    3200   -0.729194
    3201   -0.727986
    3202   -0.727986
    3203   -0.726743
    3204   -0.726743
    3205   -0.725471
    3206   -0.725471
    3207   -0.724185
    3208   -0.724185
    3209   -0.722882
    3210   -0.722882
    3211   -0.721538
    3212   -0.721538
    3213   -0.720142
    3214   -0.720142
    3215   -0.718694
    3216   -0.718694
    3217   -0.717191
    3218   -0.717191
    3219   -0.715628
    3220   -0.715628
    3221   -0.713999
    3222   -0.713999
    3223   -0.712301
    3224   -0.712301
    3225   -0.710540
    3226   -0.710540
    3227   -0.708726
    3228   -0.708726
    3229   -0.706864
    3230   -0.706864
    3231   -0.704945
    3232   -0.704945
    3233   -0.702970
    3234   -0.702970
    3235   -0.700937
    3236   -0.700937
    3237   -0.698841
    3238   -0.698841
    3239   -0.696667
    3240   -0.696667
    3241   -0.694408
    3242   -0.694408
    3243   -0.692057
    3244   -0.692057
    3245   -0.689619
    3246   -0.689619
    3247   -0.687095
    3248   -0.687095
    3249   -0.684475
    3250   -0.684475
    3251   -0.681750
    3252   -0.681750
    3253   -0.678912
    3254   -0.678912
    3255   -0.675950
    3256   -0.675950
    3257   -0.672893
    3258   -0.672893
    3259   -0.669791
    3260   -0.669791
    3261   -0.666625
    3262   -0.666625
    3263   -0.663328
    3264   -0.663328
    3265   -0.659871
    3266   -0.659871
    3267   -0.656251
    3268   -0.656251
    3269   -0.652462
    3270   -0.652462
    3271   -0.648495
    3272   -0.648495
    3273   -0.644348
    3274   -0.644348
    3275   -0.640013
    3276   -0.640013
    3277   -0.635478
    3278   -0.635478
    3279   -0.630732
    3280   -0.630732
    3281   -0.625730
    3282   -0.625730
    3283   -0.620412
    3284   -0.620412
    3285   -0.614799
    3286   -0.614799
    3287   -0.609033
    3288   -0.609033
    3289   -0.603359
    3290   -0.603359
    3291   -0.597725
    3292   -0.597725
    3293   -0.591756
    3294   -0.591756
    3295   -0.585359
    3296   -0.585359
    3297   -0.578621
    3298   -0.578621
    3299   -0.571506
    3300   -0.571506
    3301   -0.563947
    3302   -0.563947
    3303   -0.555919
    3304   -0.555919
    3305   -0.547477
    3306   -0.547477
    3307   -0.538634
    3308   -0.538634
    3309   -0.529263
    3310   -0.529263
    3311   -0.519357
    3312   -0.519357
    3313   -0.508952
    3314   -0.508952
    3315   -0.498030
    3316   -0.498030
    3317   -0.486581
    3318   -0.486581
    3319   -0.474584
    3320   -0.474584
    3321   -0.462035
    3322   -0.462035
    3323   -0.448937
    3324   -0.448937
    3325   -0.435247
    3326   -0.435247
    3327   -0.420898
    3328   -0.420898
    3329   -0.405893
    3330   -0.405893
    3331   -0.390235
    3332   -0.390235
    3333   -0.373872
    3334   -0.373872
    3335   -0.356751
    3336   -0.356751
    3337   -0.338825
    3338   -0.338825
    3339   -0.320014
    3340   -0.320014
    3341   -0.300229
    3342   -0.300229
    3343   -0.279399
    3344   -0.279399
    3345   -0.257459
    3346   -0.257459
    3347   -0.234342
    3348   -0.234342
    3349   -0.209891
    3350   -0.209891
    3351   -0.183974
    3352   -0.183974
    3353   -0.156587
    3354   -0.156587
    3355   -0.127764
    3356   -0.127764
    3357   -0.097558
    3358   -0.097558
    3359   -0.066672
    3360   -0.066672
    3361   -0.036608
    3362   -0.036608
    3363   -0.009699
    3364   -0.009699
    3365    0.009169
    3366    0.009169
    3367   -0.792716
    3368   -0.792716
    3369   -0.790742
    3370   -0.790742
    3371   -0.788239
    3372   -0.788239
    3373   -0.786517
    3374   -0.786517
    3375   -0.785445
    3376   -0.785445
    3377   -0.784516
    3378   -0.784516
    3379   -0.783543
    3380   -0.783543
    3381   -0.782486
    3382   -0.782486
    3383   -0.781330
    3384   -0.781330
    3385   -0.780059
    3386   -0.780059
    3387   -0.778671
    3388   -0.778671
    3389   -0.777176
    3390   -0.777176
    3391   -0.775580
    3392   -0.775580
    3393   -0.773894
    3394   -0.773894
    3395   -0.772127
    3396   -0.772127
    3397   -0.770285
    3398   -0.770285
    3399   -0.768376
    3400   -0.768376
    3401   -0.766419
    3402   -0.766419
    3403   -0.764428
    3404   -0.764428
    3405   -0.762412
    3406   -0.762412
    3407   -0.760361
    3408   -0.760361
    3409   -0.758255
    3410   -0.758255
    3411   -0.756074
    3412   -0.756074
    3413   -0.753799
    3414   -0.753799
    3415   -0.751418
    3416   -0.751418
    3417   -0.748925
    3418   -0.748925
    3419   -0.746320
    3420   -0.746320
    3421   -0.743605
    3422   -0.743605
    3423   -0.740785
    3424   -0.740785
    3425   -0.737866
    3426   -0.737866
    3427   -0.734854
    3428   -0.734854
    3429   -0.731756
    3430   -0.731756
    3431   -0.728572
    3432   -0.728572
    3433   -0.725298
    3434   -0.725298
    3435   -0.721925
    3436   -0.721925
    3437   -0.718445
    3438   -0.718445
    3439   -0.714843
    3440   -0.714843
    3441   -0.711098
    3442   -0.711098
    3443   -0.707204
    3444   -0.707204
    3445   -0.703166
    3446   -0.703166
    3447   -0.698975
    3448   -0.698975
    3449   -0.694617
    3450   -0.694617
    3451   -0.690082
    3452   -0.690082
    3453   -0.685362
    3454   -0.685362
    3455   -0.680494
    3456   -0.680494
    3457   -0.675524
    3458   -0.675524
    3459   -0.670423
    3460   -0.670423
    3461   -0.665114
    3462   -0.665114
    3463   -0.659559
    3464   -0.659559
    3465   -0.653747
    3466   -0.653747
    3467   -0.647674
    3468   -0.647674
    3469   -0.641341
    3470   -0.641341
    3471   -0.634748
    3472   -0.634748
    3473   -0.627893
    3474   -0.627893
    3475   -0.620759
    3476   -0.620759
    3477   -0.613314
    3478   -0.613314
    3479   -0.605500
    3480   -0.605500
    3481   -0.597233
    3482   -0.597233
    3483   -0.588376
    3484   -0.588376
    3485   -0.578941
    3486   -0.578941
    3487   -0.569434
    3488   -0.569434
    3489   -0.559933
    3490   -0.559933
    3491   -0.549915
    3492   -0.549915
    3493   -0.539278
    3494   -0.539278
    3495   -0.528102
    3496   -0.528102
    3497   -0.516296
    3498   -0.516296
    3499   -0.503776
    3500   -0.503776
    3501   -0.490506
    3502   -0.490506
    3503   -0.476519
    3504   -0.476519
    3505   -0.461824
    3506   -0.461824
    3507   -0.446334
    3508   -0.446334
    3509   -0.430038
    3510   -0.430038
    3511   -0.412948
    3512   -0.412948
    3513   -0.395041
    3514   -0.395041
    3515   -0.376280
    3516   -0.376280
    3517   -0.356640
    3518   -0.356640
    3519   -0.336134
    3520   -0.336134
    3521   -0.314750
    3522   -0.314750
    3523   -0.292430
    3524   -0.292430
    3525   -0.269086
    3526   -0.269086
    3527   -0.244679
    3528   -0.244679
    3529   -0.219200
    3530   -0.219200
    3531   -0.192594
    3532   -0.192594
    3533   -0.164787
    3534   -0.164787
    3535   -0.135711
    3536   -0.135711
    3537   -0.105254
    3538   -0.105254
    3539   -0.073279
    3540   -0.073279
    3541   -0.039649
    3542   -0.039649
    3543   -0.004236
    3544   -0.004236
    3545    0.033073
    3546    0.033073
    3547    0.072440
    3548    0.072440
    3549    0.113954
    3550    0.113954
    3551    0.157574
    3552    0.157574
    3553    0.203101
    3554    0.203101
    3555    0.249765
    3556    0.249765
    3557    0.295412
    3558    0.295412
    3559    0.337202
    3560    0.337202
    3561    0.369759
    3562    0.369759
    3563    0.387749
    3564    0.387749
    3565   -0.894369
    3566   -0.894369
    3567   -0.889871
    3568   -0.889871
    3569   -0.884654
    3570   -0.884654
    3571   -0.881955
    3572   -0.881955
    3573   -0.880473
    3574   -0.880473
    3575   -0.878940
    3576   -0.878940
    3577   -0.877312
    3578   -0.877312
    3579   -0.875542
    3580   -0.875542
    3581   -0.873606
    3582   -0.873606
    3583   -0.871480
    3584   -0.871480
    3585   -0.869161
    3586   -0.869161
    3587   -0.866657
    3588   -0.866657
    3589   -0.863985
    3590   -0.863985
    3591   -0.861161
    3592   -0.861161
    3593   -0.858190
    3594   -0.858190
    3595   -0.855053
    3596   -0.855053
    3597   -0.851768
    3598   -0.851768
    3599   -0.848407
    3600   -0.848407
    3601   -0.845011
    3602   -0.845011
    3603   -0.841566
    3604   -0.841566
    3605   -0.838052
    3606   -0.838052
    3607   -0.834448
    3608   -0.834448
    3609   -0.830720
    3610   -0.830720
    3611   -0.826829
    3612   -0.826829
    3613   -0.822742
    3614   -0.822742
    3615   -0.818444
    3616   -0.818444
    3617   -0.813944
    3618   -0.813944
    3619   -0.809255
    3620   -0.809255
    3621   -0.804382
    3622   -0.804382
    3623   -0.799319
    3624   -0.799319
    3625   -0.794082
    3626   -0.794082
    3627   -0.788701
    3628   -0.788701
    3629   -0.783178
    3630   -0.783178
    3631   -0.777499
    3632   -0.777499
    3633   -0.771650
    3634   -0.771650
    3635   -0.765626
    3636   -0.765626
    3637   -0.759408
    3638   -0.759408
    3639   -0.752960
    3640   -0.752960
    3641   -0.746248
    3642   -0.746248
    3643   -0.739275
    3644   -0.739275
    3645   -0.732042
    3646   -0.732042
    3647   -0.724518
    3648   -0.724518
    3649   -0.716687
    3650   -0.716687
    3651   -0.708556
    3652   -0.708556
    3653   -0.700171
    3654   -0.700171
    3655   -0.691589
    3656   -0.691589
    3657   -0.682750
    3658   -0.682750
    3659   -0.673538
    3660   -0.673538
    3661   -0.663903
    3662   -0.663903
    3663   -0.653830
    3664   -0.653830
    3665   -0.643325
    3666   -0.643325
    3667   -0.632396
    3668   -0.632396
    3669   -0.621038
    3670   -0.621038
    3671   -0.609254
    3672   -0.609254
    3673   -0.597017
    3674   -0.597017
    3675   -0.584264
    3676   -0.584264
    3677   -0.570911
    3678   -0.570911
    3679   -0.556837
    3680   -0.556837
    3681   -0.541657
    3682   -0.541657
    3683   -0.525066
    3684   -0.525066
    3685   -0.507909
    3686   -0.507909
    3687   -0.490666
    3688   -0.490666
    3689   -0.473005
    3690   -0.473005
    3691   -0.454685
    3692   -0.454685
    3693   -0.435178
    3694   -0.435178
    3695   -0.414386
    3696   -0.414386
    3697   -0.392452
    3698   -0.392452
    3699   -0.369304
    3700   -0.369304
    3701   -0.344904
    3702   -0.344904
    3703   -0.319211
    3704   -0.319211
    3705   -0.292175
    3706   -0.292175
    3707   -0.263782
    3708   -0.263782
    3709   -0.234018
    3710   -0.234018
    3711   -0.202830
    3712   -0.202830
    3713   -0.170158
    3714   -0.170158
    3715   -0.135979
    3716   -0.135979
    3717   -0.100287
    3718   -0.100287
    3719   -0.063050
    3720   -0.063050
    3721   -0.024201
    3722   -0.024201
    3723    0.016381
    3724    0.016381
    3725    0.058819
    3726    0.058819
    3727    0.103179
    3728    0.103179
    3729    0.149476
    3730    0.149476
    3731    0.197790
    3732    0.197790
    3733    0.248328
    3734    0.248328
    3735    0.301243
    3736    0.301243
    3737    0.356698
    3738    0.356698
    3739    0.414984
    3740    0.414984
    3741    0.476365
    3742    0.476365
    3743    0.541084
    3744    0.541084
    3745    0.609327
    3746    0.609327
    3747    0.681110
    3748    0.681110
    3749    0.756352
    3750    0.756352
    3751    0.834630
    3752    0.834630
    3753    0.914223
    3754    0.914223
    3755    0.990924
    3756    0.990924
    3757    1.059192
    3758    1.059192
    3759    1.107606
    3760    1.107606
    3761    1.129032
    3762    1.129032
    3763   -1.089096
    3764   -1.089096
    3765   -1.080720
    3766   -1.080720
    3767   -1.071277
    3768   -1.071277
    3769   -1.067173
    3770   -1.067173
    3771   -1.065129
    3772   -1.065129
    3773   -1.062703
    3774   -1.062703
    3775   -1.060074
    3776   -1.060074
    3777   -1.057193
    3778   -1.057193
    3779   -1.054038
    3780   -1.054038
    3781   -1.050584
    3782   -1.050584
    3783   -1.046819
    3784   -1.046819
    3785   -1.042746
    3786   -1.042746
    3787   -1.038395
    3788   -1.038395
    3789   -1.033798
    3790   -1.033798
    3791   -1.028955
    3792   -1.028955
    3793   -1.023809
    3794   -1.023809
    3795   -1.018386
    3796   -1.018386
    3797   -1.012851
    3798   -1.012851
    3799   -1.007278
    3800   -1.007278
    3801   -1.001626
    3802   -1.001626
    3803   -0.995854
    3804   -0.995854
    3805   -0.989931
    3806   -0.989931
    3807   -0.983805
    3808   -0.983805
    3809   -0.977419
    3810   -0.977419
    3811   -0.970706
    3812   -0.970706
    3813   -0.963625
    3814   -0.963625
    3815   -0.956202
    3816   -0.956202
    3817   -0.948466
    3818   -0.948466
    3819   -0.940423
    3820   -0.940423
    3821   -0.932054
    3822   -0.932054
    3823   -0.923389
    3824   -0.923389
    3825   -0.914494
    3826   -0.914494
    3827   -0.905371
    3828   -0.905371
    3829   -0.895990
    3830   -0.895990
    3831   -0.886329
    3832   -0.886329
    3833   -0.876381
    3834   -0.876381
    3835   -0.866126
    3836   -0.866126
    3837   -0.855511
    3838   -0.855511
    3839   -0.844454
    3840   -0.844454
    3841   -0.832956
    3842   -0.832956
    3843   -0.821035
    3844   -0.821035
    3845   -0.808624
    3846   -0.808624
    3847   -0.795705
    3848   -0.795705
    3849   -0.782301
    3850   -0.782301
    3851   -0.768481
    3852   -0.768481
    3853   -0.754337
    3854   -0.754337
    3855   -0.739762
    3856   -0.739762
    3857   -0.724543
    3858   -0.724543
    3859   -0.708620
    3860   -0.708620
    3861   -0.691977
    3862   -0.691977
    3863   -0.674631
    3864   -0.674631
    3865   -0.656608
    3866   -0.656608
    3867   -0.637886
    3868   -0.637886
    3869   -0.618475
    3870   -0.618475
    3871   -0.598339
    3872   -0.598339
    3873   -0.577368
    3874   -0.577368
    3875   -0.555438
    3876   -0.555438
    3877   -0.532360
    3878   -0.532360
    3879   -0.507390
    3880   -0.507390
    3881   -0.479767
    3882   -0.479767
    3883   -0.450778
    3884   -0.450778
    3885   -0.421439
    3886   -0.421439
    3887   -0.392090
    3888   -0.392090
    3889   -0.362324
    3890   -0.362324
    3891   -0.330127
    3892   -0.330127
    3893   -0.295485
    3894   -0.295485
    3895   -0.259141
    3896   -0.259141
    3897   -0.220860
    3898   -0.220860
    3899   -0.180505
    3900   -0.180505
    3901   -0.137989
    3902   -0.137989
    3903   -0.093266
    3904   -0.093266
    3905   -0.046322
    3906   -0.046322
    3907    0.002876
    3908    0.002876
    3909    0.054436
    3910    0.054436
    3911    0.108455
    3912    0.108455
    3913    0.164962
    3914    0.164962
    3915    0.223993
    3916    0.223993
    3917    0.285588
    3918    0.285588
    3919    0.349823
    3920    0.349823
    3921    0.416908
    3922    0.416908
    3923    0.487091
    3924    0.487091
    3925    0.560543
    3926    0.560543
    3927    0.637174
    3928    0.637174
    3929    0.717037
    3930    0.717037
    3931    0.800655
    3932    0.800655
    3933    0.888213
    3934    0.888213
    3935    0.979857
    3936    0.979857
    3937    1.076148
    3938    1.076148
    3939    1.177578
    3940    1.177578
    3941    1.284562
    3942    1.284562
    3943    1.397366
    3944    1.397366
    3945    1.515984
    3946    1.515984
    3947    1.640347
    3948    1.640347
    3949    1.769918
    3950    1.769918
    3951    1.901773
    3952    1.901773
    3953    2.028962
    3954    2.028962
    3955    2.141544
    3956    2.141544
    3957    2.217133
    3958    2.217133
    3959    2.245297
    3960    2.245297
