       1   -0.002234
       2   -0.002234
       3   -0.002222
       4   -0.002222
       5   -0.002205
       6   -0.002205
       7   -0.002199
       8   -0.002199
       9   -0.002199
      10   -0.002199
      11   -0.002198
      12   -0.002198
      13   -0.002196
      14   -0.002196
      15   -0.002194
      16   -0.002194
      17   -0.002193
      18   -0.002193
      19   -0.002192
      20   -0.002192
      21   -0.002192
      22   -0.002192
      23   -0.002193
      24   -0.002193
      25   -0.002192
      26   -0.002192
      27   -0.002191
      28   -0.002191
      29   -0.002190
      30   -0.002190
      31   -0.002188
      32   -0.002188
      33   -0.002186
      34   -0.002186
      35   -0.002184
      36   -0.002184
      37   -0.002182
      38   -0.002182
      39   -0.002180
      40   -0.002180
      41   -0.002178
      42   -0.002178
      43   -0.002175
      44   -0.002175
      45   -0.002171
      46   -0.002171
      47   -0.002167
      48   -0.002167
      49   -0.002162
      50   -0.002162
      51   -0.002158
      52   -0.002158
      53   -0.002154
      54   -0.002154
      55   -0.002149
      56   -0.002149
      57   -0.002144
      58   -0.002144
      59   -0.002139
      60   -0.002139
      61   -0.002133
      62   -0.002133
      63   -0.002128
      64   -0.002128
      65   -0.002122
      66   -0.002122
      67   -0.002115
      68   -0.002115
      69   -0.002108
      70   -0.002108
      71   -0.002101
      72   -0.002101
      73   -0.002093
      74   -0.002093
      75   -0.002084
      76   -0.002084
      77   -0.002074
      78   -0.002074
      79   -0.002064
      80   -0.002064
      81   -0.002054
      82   -0.002054
      83   -0.002043
      84   -0.002043
      85   -0.002032
      86   -0.002032
      87   -0.002019
      88   -0.002019
      89   -0.002005
      90   -0.002005
      91   -0.001990
      92   -0.001990
      93   -0.001973
      94   -0.001973
      95   -0.001957
      96   -0.001957
      97   -0.001940
      98   -0.001940
      99   -0.001921
     100   -0.001921
     101   -0.001903
     102   -0.001903
     103   -0.001885
     104   -0.001885
     105   -0.001862
     106   -0.001862
     107   -0.001829
     108   -0.001829
     109   -0.001787
     110   -0.001787
     111   -0.001737
     112   -0.001737
     113   -0.001681
     114   -0.001681
     115   -0.001621
     116   -0.001621
     117   -0.001558
     118   -0.001558
     119   -0.001511
     120   -0.001511
     121   -0.001490
     122   -0.001490
     123   -0.001472
     124   -0.001472
     125   -0.001451
     126   -0.001451
     127   -0.001433
     128   -0.001433
     129   -0.001421
     130   -0.001421
     131   -0.001418
     132   -0.001418
     133   -0.001420
     134   -0.001420
     135   -0.001434
     136   -0.001434
     137   -0.001457
     138   -0.001457
     139   -0.001478
     140   -0.001478
     141   -0.001499
     142   -0.001499
     143   -0.001523
     144   -0.001523
     145   -0.001541
     146   -0.001541
     147   -0.001542
     148   -0.001542
     149   -0.001519
     150   -0.001519
     151   -0.001475
     152   -0.001475
     153   -0.001421
     154   -0.001421
     155   -0.001361
     156   -0.001361
     157   -0.001297
     158   -0.001297
     159   -0.001234
     160   -0.001234
     161   -0.001172
     162   -0.001172
     163   -0.001113
     164   -0.001113
     165   -0.001054
     166   -0.001054
     167   -0.000998
     168   -0.000998
     169   -0.000950
     170   -0.000950
     171   -0.000910
     172   -0.000910
     173   -0.000880
     174   -0.000880
     175   -0.000864
     176   -0.000864
     177   -0.000867
     178   -0.000867
     179   -0.000889
     180   -0.000889
     181   -0.000931
     182   -0.000931
     183   -0.000989
     184   -0.000989
     185   -0.001056
     186   -0.001056
     187   -0.001122
     188   -0.001122
     189   -0.001177
     190   -0.001177
     191   -0.001160
     192   -0.001160
     193   -0.001265
     194   -0.001265
     195   -0.001768
     196   -0.001768
     197   -0.002288
     198   -0.002288
     199   -0.006341
     200   -0.006341
     201   -0.006317
     202   -0.006317
     203   -0.006288
     204   -0.006288
     205   -0.006277
     206   -0.006277
     207   -0.006278
     208   -0.006278
     209   -0.006276
     210   -0.006276
     211   -0.006271
     212   -0.006271
     213   -0.006266
     214   -0.006266
     215   -0.006262
     216   -0.006262
     217   -0.006260
     218   -0.006260
     219   -0.006259
     220   -0.006259
     221   -0.006259
     222   -0.006259
     223   -0.006258
     224   -0.006258
     225   -0.006256
     226   -0.006256
     227   -0.006253
     228   -0.006253
     229   -0.006248
     230   -0.006248
     231   -0.006242
     232   -0.006242
     233   -0.006236
     234   -0.006236
     235   -0.006230
     236   -0.006230
     237   -0.006224
     238   -0.006224
     239   -0.006218
     240   -0.006218
     241   -0.006210
     242   -0.006210
     243   -0.006198
     244   -0.006198
     245   -0.006186
     246   -0.006186
     247   -0.006174
     248   -0.006174
     249   -0.006162
     250   -0.006162
     251   -0.006150
     252   -0.006150
     253   -0.006136
     254   -0.006136
     255   -0.006122
     256   -0.006122
     257   -0.006107
     258   -0.006107
     259   -0.006092
     260   -0.006092
     261   -0.006076
     262   -0.006076
     263   -0.006058
     264   -0.006058
     265   -0.006040
     266   -0.006040
     267   -0.006021
     268   -0.006021
     269   -0.006000
     270   -0.006000
     271   -0.005978
     272   -0.005978
     273   -0.005953
     274   -0.005953
     275   -0.005926
     276   -0.005926
     277   -0.005897
     278   -0.005897
     279   -0.005867
     280   -0.005867
     281   -0.005836
     282   -0.005836
     283   -0.005803
     284   -0.005803
     285   -0.005766
     286   -0.005766
     287   -0.005727
     288   -0.005727
     289   -0.005685
     290   -0.005685
     291   -0.005639
     292   -0.005639
     293   -0.005591
     294   -0.005591
     295   -0.005541
     296   -0.005541
     297   -0.005487
     298   -0.005487
     299   -0.005434
     300   -0.005434
     301   -0.005382
     302   -0.005382
     303   -0.005318
     304   -0.005318
     305   -0.005227
     306   -0.005227
     307   -0.005110
     308   -0.005110
     309   -0.004973
     310   -0.004973
     311   -0.004822
     312   -0.004822
     313   -0.004658
     314   -0.004658
     315   -0.004485
     316   -0.004485
     317   -0.004358
     318   -0.004358
     319   -0.004296
     320   -0.004296
     321   -0.004249
     322   -0.004249
     323   -0.004196
     324   -0.004196
     325   -0.004147
     326   -0.004147
     327   -0.004112
     328   -0.004112
     329   -0.004092
     330   -0.004092
     331   -0.004086
     332   -0.004086
     333   -0.004106
     334   -0.004106
     335   -0.004145
     336   -0.004145
     337   -0.004180
     338   -0.004180
     339   -0.004214
     340   -0.004214
     341   -0.004250
     342   -0.004250
     343   -0.004272
     344   -0.004272
     345   -0.004254
     346   -0.004254
     347   -0.004180
     348   -0.004180
     349   -0.004059
     350   -0.004059
     351   -0.003911
     352   -0.003911
     353   -0.003749
     354   -0.003749
     355   -0.003576
     356   -0.003576
     357   -0.003403
     358   -0.003403
     359   -0.003235
     360   -0.003235
     361   -0.003074
     362   -0.003074
     363   -0.002913
     364   -0.002913
     365   -0.002761
     366   -0.002761
     367   -0.002634
     368   -0.002634
     369   -0.002528
     370   -0.002528
     371   -0.002447
     372   -0.002447
     373   -0.002403
     374   -0.002403
     375   -0.002409
     376   -0.002409
     377   -0.002467
     378   -0.002467
     379   -0.002582
     380   -0.002582
     381   -0.002735
     382   -0.002735
     383   -0.002907
     384   -0.002907
     385   -0.003061
     386   -0.003061
     387   -0.003168
     388   -0.003168
     389   -0.003108
     390   -0.003108
     391   -0.003274
     392   -0.003274
     393   -0.004082
     394   -0.004082
     395   -0.004753
     396   -0.004753
     397   -0.009845
     398   -0.009845
     399   -0.009824
     400   -0.009824
     401   -0.009802
     402   -0.009802
     403   -0.009795
     404   -0.009795
     405   -0.009797
     406   -0.009797
     407   -0.009795
     408   -0.009795
     409   -0.009788
     410   -0.009788
     411   -0.009781
     412   -0.009781
     413   -0.009775
     414   -0.009775
     415   -0.009771
     416   -0.009771
     417   -0.009767
     418   -0.009767
     419   -0.009765
     420   -0.009765
     421   -0.009763
     422   -0.009763
     423   -0.009759
     424   -0.009759
     425   -0.009754
     426   -0.009754
     427   -0.009748
     428   -0.009748
     429   -0.009739
     430   -0.009739
     431   -0.009730
     432   -0.009730
     433   -0.009721
     434   -0.009721
     435   -0.009713
     436   -0.009713
     437   -0.009704
     438   -0.009704
     439   -0.009690
     440   -0.009690
     441   -0.009671
     442   -0.009671
     443   -0.009652
     444   -0.009652
     445   -0.009633
     446   -0.009633
     447   -0.009615
     448   -0.009615
     449   -0.009596
     450   -0.009596
     451   -0.009575
     452   -0.009575
     453   -0.009553
     454   -0.009553
     455   -0.009530
     456   -0.009530
     457   -0.009506
     458   -0.009506
     459   -0.009481
     460   -0.009481
     461   -0.009454
     462   -0.009454
     463   -0.009426
     464   -0.009426
     465   -0.009396
     466   -0.009396
     467   -0.009365
     468   -0.009365
     469   -0.009330
     470   -0.009330
     471   -0.009292
     472   -0.009292
     473   -0.009251
     474   -0.009251
     475   -0.009207
     476   -0.009207
     477   -0.009160
     478   -0.009160
     479   -0.009111
     480   -0.009111
     481   -0.009059
     482   -0.009059
     483   -0.009002
     484   -0.009002
     485   -0.008941
     486   -0.008941
     487   -0.008877
     488   -0.008877
     489   -0.008807
     490   -0.008807
     491   -0.008731
     492   -0.008731
     493   -0.008650
     494   -0.008650
     495   -0.008564
     496   -0.008564
     497   -0.008480
     498   -0.008480
     499   -0.008395
     500   -0.008395
     501   -0.008291
     502   -0.008291
     503   -0.008150
     504   -0.008150
     505   -0.007975
     506   -0.007975
     507   -0.007776
     508   -0.007776
     509   -0.007559
     510   -0.007559
     511   -0.007325
     512   -0.007325
     513   -0.007083
     514   -0.007083
     515   -0.006897
     516   -0.006897
     517   -0.006794
     518   -0.006794
     519   -0.006720
     520   -0.006720
     521   -0.006645
     522   -0.006645
     523   -0.006571
     524   -0.006571
     525   -0.006504
     526   -0.006504
     527   -0.006449
     528   -0.006449
     529   -0.006410
     530   -0.006410
     531   -0.006399
     532   -0.006399
     533   -0.006405
     534   -0.006405
     535   -0.006409
     536   -0.006409
     537   -0.006410
     538   -0.006410
     539   -0.006410
     540   -0.006410
     541   -0.006387
     542   -0.006387
     543   -0.006319
     544   -0.006319
     545   -0.006189
     546   -0.006189
     547   -0.006009
     548   -0.006009
     549   -0.005796
     550   -0.005796
     551   -0.005561
     552   -0.005561
     553   -0.005313
     554   -0.005313
     555   -0.005065
     556   -0.005065
     557   -0.004824
     558   -0.004824
     559   -0.004591
     560   -0.004591
     561   -0.004360
     562   -0.004360
     563   -0.004147
     564   -0.004147
     565   -0.003968
     566   -0.003968
     567   -0.003817
     568   -0.003817
     569   -0.003697
     570   -0.003697
     571   -0.003628
     572   -0.003628
     573   -0.003621
     574   -0.003621
     575   -0.003680
     576   -0.003680
     577   -0.003817
     578   -0.003817
     579   -0.004006
     580   -0.004006
     581   -0.004203
     582   -0.004203
     583   -0.004355
     584   -0.004355
     585   -0.004442
     586   -0.004442
     587   -0.004481
     588   -0.004481
     589   -0.004724
     590   -0.004724
     591   -0.005084
     592   -0.005084
     593   -0.005040
     594   -0.005040
     595   -0.013074
     596   -0.013074
     597   -0.013055
     598   -0.013055
     599   -0.013032
     600   -0.013032
     601   -0.013021
     602   -0.013021
     603   -0.013019
     604   -0.013019
     605   -0.013015
     606   -0.013015
     607   -0.013008
     608   -0.013008
     609   -0.012999
     610   -0.012999
     611   -0.012991
     612   -0.012991
     613   -0.012983
     614   -0.012983
     615   -0.012976
     616   -0.012976
     617   -0.012970
     618   -0.012970
     619   -0.012964
     620   -0.012964
     621   -0.012958
     622   -0.012958
     623   -0.012951
     624   -0.012951
     625   -0.012942
     626   -0.012942
     627   -0.012931
     628   -0.012931
     629   -0.012918
     630   -0.012918
     631   -0.012906
     632   -0.012906
     633   -0.012895
     634   -0.012895
     635   -0.012883
     636   -0.012883
     637   -0.012865
     638   -0.012865
     639   -0.012839
     640   -0.012839
     641   -0.012813
     642   -0.012813
     643   -0.012788
     644   -0.012788
     645   -0.012764
     646   -0.012764
     647   -0.012738
     648   -0.012738
     649   -0.012711
     650   -0.012711
     651   -0.012682
     652   -0.012682
     653   -0.012652
     654   -0.012652
     655   -0.012620
     656   -0.012620
     657   -0.012587
     658   -0.012587
     659   -0.012551
     660   -0.012551
     661   -0.012514
     662   -0.012514
     663   -0.012475
     664   -0.012475
     665   -0.012434
     666   -0.012434
     667   -0.012390
     668   -0.012390
     669   -0.012341
     670   -0.012341
     671   -0.012287
     672   -0.012287
     673   -0.012228
     674   -0.012228
     675   -0.012166
     676   -0.012166
     677   -0.012101
     678   -0.012101
     679   -0.012032
     680   -0.012032
     681   -0.011957
     682   -0.011957
     683   -0.011877
     684   -0.011877
     685   -0.011793
     686   -0.011793
     687   -0.011701
     688   -0.011701
     689   -0.011600
     690   -0.011600
     691   -0.011491
     692   -0.011491
     693   -0.011375
     694   -0.011375
     695   -0.011256
     696   -0.011256
     697   -0.011130
     698   -0.011130
     699   -0.010976
     700   -0.010976
     701   -0.010786
     702   -0.010786
     703   -0.010569
     704   -0.010569
     705   -0.010331
     706   -0.010331
     707   -0.010072
     708   -0.010072
     709   -0.009796
     710   -0.009796
     711   -0.009522
     712   -0.009522
     713   -0.009295
     714   -0.009295
     715   -0.009143
     716   -0.009143
     717   -0.009032
     718   -0.009032
     719   -0.008928
     720   -0.008928
     721   -0.008823
     722   -0.008823
     723   -0.008717
     724   -0.008717
     725   -0.008616
     726   -0.008616
     727   -0.008527
     728   -0.008527
     729   -0.008458
     730   -0.008458
     731   -0.008405
     732   -0.008405
     733   -0.008353
     734   -0.008353
     735   -0.008298
     736   -0.008298
     737   -0.008239
     738   -0.008239
     739   -0.008154
     740   -0.008154
     741   -0.008023
     742   -0.008023
     743   -0.007838
     744   -0.007838
     745   -0.007608
     746   -0.007608
     747   -0.007343
     748   -0.007343
     749   -0.007054
     750   -0.007054
     751   -0.006753
     752   -0.006753
     753   -0.006456
     754   -0.006456
     755   -0.006166
     756   -0.006166
     757   -0.005884
     758   -0.005884
     759   -0.005611
     760   -0.005611
     761   -0.005362
     762   -0.005362
     763   -0.005146
     764   -0.005146
     765   -0.004957
     766   -0.004957
     767   -0.004799
     768   -0.004799
     769   -0.004691
     770   -0.004691
     771   -0.004641
     772   -0.004641
     773   -0.004656
     774   -0.004656
     775   -0.004750
     776   -0.004750
     777   -0.004901
     778   -0.004901
     779   -0.005027
     780   -0.005027
     781   -0.005073
     782   -0.005073
     783   -0.005102
     784   -0.005102
     785   -0.005382
     786   -0.005382
     787   -0.005881
     788   -0.005881
     789   -0.005916
     790   -0.005916
     791   -0.005460
     792   -0.005460
     793   -0.016407
     794   -0.016407
     795   -0.016380
     796   -0.016380
     797   -0.016346
     798   -0.016346
     799   -0.016325
     800   -0.016325
     801   -0.016317
     802   -0.016317
     803   -0.016309
     804   -0.016309
     805   -0.016300
     806   -0.016300
     807   -0.016288
     808   -0.016288
     809   -0.016277
     810   -0.016277
     811   -0.016265
     812   -0.016265
     813   -0.016253
     814   -0.016253
     815   -0.016242
     816   -0.016242
     817   -0.016230
     818   -0.016230
     819   -0.016218
     820   -0.016218
     821   -0.016205
     822   -0.016205
     823   -0.016191
     824   -0.016191
     825   -0.016176
     826   -0.016176
     827   -0.016159
     828   -0.016159
     829   -0.016141
     830   -0.016141
     831   -0.016124
     832   -0.016124
     833   -0.016105
     834   -0.016105
     835   -0.016079
     836   -0.016079
     837   -0.016048
     838   -0.016048
     839   -0.016016
     840   -0.016016
     841   -0.015985
     842   -0.015985
     843   -0.015954
     844   -0.015954
     845   -0.015921
     846   -0.015921
     847   -0.015886
     848   -0.015886
     849   -0.015849
     850   -0.015849
     851   -0.015811
     852   -0.015811
     853   -0.015770
     854   -0.015770
     855   -0.015727
     856   -0.015727
     857   -0.015683
     858   -0.015683
     859   -0.015636
     860   -0.015636
     861   -0.015588
     862   -0.015588
     863   -0.015538
     864   -0.015538
     865   -0.015484
     866   -0.015484
     867   -0.015424
     868   -0.015424
     869   -0.015357
     870   -0.015357
     871   -0.015284
     872   -0.015284
     873   -0.015207
     874   -0.015207
     875   -0.015127
     876   -0.015127
     877   -0.015041
     878   -0.015041
     879   -0.014949
     880   -0.014949
     881   -0.014851
     882   -0.014851
     883   -0.014746
     884   -0.014746
     885   -0.014632
     886   -0.014632
     887   -0.014507
     888   -0.014507
     889   -0.014372
     890   -0.014372
     891   -0.014227
     892   -0.014227
     893   -0.014068
     894   -0.014068
     895   -0.013890
     896   -0.013890
     897   -0.013686
     898   -0.013686
     899   -0.013459
     900   -0.013459
     901   -0.013215
     902   -0.013215
     903   -0.012951
     904   -0.012951
     905   -0.012664
     906   -0.012664
     907   -0.012361
     908   -0.012361
     909   -0.012064
     910   -0.012064
     911   -0.011806
     912   -0.011806
     913   -0.011609
     914   -0.011609
     915   -0.011455
     916   -0.011455
     917   -0.011310
     918   -0.011310
     919   -0.011166
     920   -0.011166
     921   -0.011018
     922   -0.011018
     923   -0.010867
     924   -0.010867
     925   -0.010719
     926   -0.010719
     927   -0.010581
     928   -0.010581
     929   -0.010449
     930   -0.010449
     931   -0.010318
     932   -0.010318
     933   -0.010185
     934   -0.010185
     935   -0.010045
     936   -0.010045
     937   -0.009879
     938   -0.009879
     939   -0.009672
     940   -0.009672
     941   -0.009421
     942   -0.009421
     943   -0.009131
     944   -0.009131
     945   -0.008811
     946   -0.008811
     947   -0.008471
     948   -0.008471
     949   -0.008121
     950   -0.008121
     951   -0.007776
     952   -0.007776
     953   -0.007440
     954   -0.007440
     955   -0.007111
     956   -0.007111
     957   -0.006799
     958   -0.006799
     959   -0.006516
     960   -0.006516
     961   -0.006263
     962   -0.006263
     963   -0.006035
     964   -0.006035
     965   -0.005833
     966   -0.005833
     967   -0.005672
     968   -0.005672
     969   -0.005565
     970   -0.005565
     971   -0.005525
     972   -0.005525
     973   -0.005567
     974   -0.005567
     975   -0.005681
     976   -0.005681
     977   -0.005697
     978   -0.005697
     979   -0.005565
     980   -0.005565
     981   -0.005533
     982   -0.005533
     983   -0.005877
     984   -0.005877
     985   -0.006340
     986   -0.006340
     987   -0.006180
     988   -0.006180
     989   -0.005630
     990   -0.005630
     991   -0.020151
     992   -0.020151
     993   -0.020120
     994   -0.020120
     995   -0.020081
     996   -0.020081
     997   -0.020057
     998   -0.020057
     999   -0.020044
    1000   -0.020044
    1001   -0.020031
    1002   -0.020031
    1003   -0.020017
    1004   -0.020017
    1005   -0.020001
    1006   -0.020001
    1007   -0.019984
    1008   -0.019984
    1009   -0.019967
    1010   -0.019967
    1011   -0.019949
    1012   -0.019949
    1013   -0.019930
    1014   -0.019930
    1015   -0.019910
    1016   -0.019910
    1017   -0.019889
    1018   -0.019889
    1019   -0.019867
    1020   -0.019867
    1021   -0.019845
    1022   -0.019845
    1023   -0.019821
    1024   -0.019821
    1025   -0.019797
    1026   -0.019797
    1027   -0.019770
    1028   -0.019770
    1029   -0.019741
    1030   -0.019741
    1031   -0.019710
    1032   -0.019710
    1033   -0.019675
    1034   -0.019675
    1035   -0.019637
    1036   -0.019637
    1037   -0.019598
    1038   -0.019598
    1039   -0.019558
    1040   -0.019558
    1041   -0.019518
    1042   -0.019518
    1043   -0.019476
    1044   -0.019476
    1045   -0.019431
    1046   -0.019431
    1047   -0.019384
    1048   -0.019384
    1049   -0.019334
    1050   -0.019334
    1051   -0.019282
    1052   -0.019282
    1053   -0.019227
    1054   -0.019227
    1055   -0.019171
    1056   -0.019171
    1057   -0.019113
    1058   -0.019113
    1059   -0.019054
    1060   -0.019054
    1061   -0.018993
    1062   -0.018993
    1063   -0.018928
    1064   -0.018928
    1065   -0.018855
    1066   -0.018855
    1067   -0.018773
    1068   -0.018773
    1069   -0.018686
    1070   -0.018686
    1071   -0.018595
    1072   -0.018595
    1073   -0.018498
    1074   -0.018498
    1075   -0.018396
    1076   -0.018396
    1077   -0.018287
    1078   -0.018287
    1079   -0.018170
    1080   -0.018170
    1081   -0.018044
    1082   -0.018044
    1083   -0.017909
    1084   -0.017909
    1085   -0.017764
    1086   -0.017764
    1087   -0.017606
    1088   -0.017606
    1089   -0.017433
    1090   -0.017433
    1091   -0.017239
    1092   -0.017239
    1093   -0.017021
    1094   -0.017021
    1095   -0.016785
    1096   -0.016785
    1097   -0.016538
    1098   -0.016538
    1099   -0.016275
    1100   -0.016275
    1101   -0.015989
    1102   -0.015989
    1103   -0.015676
    1104   -0.015676
    1105   -0.015344
    1106   -0.015344
    1107   -0.015014
    1108   -0.015014
    1109   -0.014712
    1110   -0.014712
    1111   -0.014466
    1112   -0.014466
    1113   -0.014263
    1114   -0.014263
    1115   -0.014068
    1116   -0.014068
    1117   -0.013869
    1118   -0.013869
    1119   -0.013662
    1120   -0.013662
    1121   -0.013444
    1122   -0.013444
    1123   -0.013223
    1124   -0.013223
    1125   -0.013002
    1126   -0.013002
    1127   -0.012777
    1128   -0.012777
    1129   -0.012548
    1130   -0.012548
    1131   -0.012311
    1132   -0.012311
    1133   -0.012061
    1134   -0.012061
    1135   -0.011790
    1136   -0.011790
    1137   -0.011486
    1138   -0.011486
    1139   -0.011146
    1140   -0.011146
    1141   -0.010776
    1142   -0.010776
    1143   -0.010383
    1144   -0.010383
    1145   -0.009973
    1146   -0.009973
    1147   -0.009555
    1148   -0.009555
    1149   -0.009141
    1150   -0.009141
    1151   -0.008735
    1152   -0.008735
    1153   -0.008338
    1154   -0.008338
    1155   -0.007965
    1156   -0.007965
    1157   -0.007629
    1158   -0.007629
    1159   -0.007323
    1160   -0.007323
    1161   -0.007045
    1162   -0.007045
    1163   -0.006796
    1164   -0.006796
    1165   -0.006587
    1166   -0.006587
    1167   -0.006438
    1168   -0.006438
    1169   -0.006371
    1170   -0.006371
    1171   -0.006395
    1172   -0.006395
    1173   -0.006508
    1174   -0.006508
    1175   -0.006469
    1176   -0.006469
    1177   -0.006250
    1178   -0.006250
    1179   -0.006228
    1180   -0.006228
    1181   -0.006401
    1182   -0.006401
    1183   -0.006439
    1184   -0.006439
    1185   -0.006027
    1186   -0.006027
    1187   -0.005420
    1188   -0.005420
    1189   -0.024569
    1190   -0.024569
    1191   -0.024535
    1192   -0.024535
    1193   -0.024494
    1194   -0.024494
    1195   -0.024464
    1196   -0.024464
    1197   -0.024441
    1198   -0.024441
    1199   -0.024418
    1200   -0.024418
    1201   -0.024396
    1202   -0.024396
    1203   -0.024372
    1204   -0.024372
    1205   -0.024348
    1206   -0.024348
    1207   -0.024323
    1208   -0.024323
    1209   -0.024296
    1210   -0.024296
    1211   -0.024268
    1212   -0.024268
    1213   -0.024239
    1214   -0.024239
    1215   -0.024208
    1216   -0.024208
    1217   -0.024176
    1218   -0.024176
    1219   -0.024143
    1220   -0.024143
    1221   -0.024108
    1222   -0.024108
    1223   -0.024073
    1224   -0.024073
    1225   -0.024034
    1226   -0.024034
    1227   -0.023993
    1228   -0.023993
    1229   -0.023949
    1230   -0.023949
    1231   -0.023903
    1232   -0.023903
    1233   -0.023856
    1234   -0.023856
    1235   -0.023808
    1236   -0.023808
    1237   -0.023759
    1238   -0.023759
    1239   -0.023710
    1240   -0.023710
    1241   -0.023658
    1242   -0.023658
    1243   -0.023602
    1244   -0.023602
    1245   -0.023542
    1246   -0.023542
    1247   -0.023478
    1248   -0.023478
    1249   -0.023412
    1250   -0.023412
    1251   -0.023344
    1252   -0.023344
    1253   -0.023273
    1254   -0.023273
    1255   -0.023202
    1256   -0.023202
    1257   -0.023130
    1258   -0.023130
    1259   -0.023057
    1260   -0.023057
    1261   -0.022979
    1262   -0.022979
    1263   -0.022893
    1264   -0.022893
    1265   -0.022798
    1266   -0.022798
    1267   -0.022697
    1268   -0.022697
    1269   -0.022590
    1270   -0.022590
    1271   -0.022477
    1272   -0.022477
    1273   -0.022358
    1274   -0.022358
    1275   -0.022231
    1276   -0.022231
    1277   -0.022095
    1278   -0.022095
    1279   -0.021950
    1280   -0.021950
    1281   -0.021797
    1282   -0.021797
    1283   -0.021633
    1284   -0.021633
    1285   -0.021456
    1286   -0.021456
    1287   -0.021262
    1288   -0.021262
    1289   -0.021047
    1290   -0.021047
    1291   -0.020810
    1292   -0.020810
    1293   -0.020561
    1294   -0.020561
    1295   -0.020299
    1296   -0.020299
    1297   -0.020015
    1298   -0.020015
    1299   -0.019701
    1300   -0.019701
    1301   -0.019356
    1302   -0.019356
    1303   -0.018989
    1304   -0.018989
    1305   -0.018615
    1306   -0.018615
    1307   -0.018255
    1308   -0.018255
    1309   -0.017942
    1310   -0.017942
    1311   -0.017674
    1312   -0.017674
    1313   -0.017412
    1314   -0.017412
    1315   -0.017135
    1316   -0.017135
    1317   -0.016840
    1318   -0.016840
    1319   -0.016530
    1320   -0.016530
    1321   -0.016212
    1322   -0.016212
    1323   -0.015890
    1324   -0.015890
    1325   -0.015560
    1326   -0.015560
    1327   -0.015217
    1328   -0.015217
    1329   -0.014857
    1330   -0.014857
    1331   -0.014482
    1332   -0.014482
    1333   -0.014088
    1334   -0.014088
    1335   -0.013667
    1336   -0.013667
    1337   -0.013216
    1338   -0.013216
    1339   -0.012739
    1340   -0.012739
    1341   -0.012247
    1342   -0.012247
    1343   -0.011744
    1344   -0.011744
    1345   -0.011235
    1346   -0.011235
    1347   -0.010734
    1348   -0.010734
    1349   -0.010241
    1350   -0.010241
    1351   -0.009758
    1352   -0.009758
    1353   -0.009307
    1354   -0.009307
    1355   -0.008897
    1356   -0.008897
    1357   -0.008522
    1358   -0.008522
    1359   -0.008185
    1360   -0.008185
    1361   -0.007893
    1362   -0.007893
    1363   -0.007651
    1364   -0.007651
    1365   -0.007485
    1366   -0.007485
    1367   -0.007418
    1368   -0.007418
    1369   -0.007417
    1370   -0.007417
    1371   -0.007486
    1372   -0.007486
    1373   -0.007502
    1374   -0.007502
    1375   -0.007407
    1376   -0.007407
    1377   -0.007410
    1378   -0.007410
    1379   -0.007344
    1380   -0.007344
    1381   -0.006979
    1382   -0.006979
    1383   -0.006319
    1384   -0.006319
    1385   -0.005597
    1386   -0.005597
    1387   -0.029962
    1388   -0.029962
    1389   -0.029904
    1390   -0.029904
    1391   -0.029828
    1392   -0.029828
    1393   -0.029766
    1394   -0.029766
    1395   -0.029713
    1396   -0.029713
    1397   -0.029665
    1398   -0.029665
    1399   -0.029620
    1400   -0.029620
    1401   -0.029579
    1402   -0.029579
    1403   -0.029539
    1404   -0.029539
    1405   -0.029500
    1406   -0.029500
    1407   -0.029461
    1408   -0.029461
    1409   -0.029423
    1410   -0.029423
    1411   -0.029385
    1412   -0.029385
    1413   -0.029345
    1414   -0.029345
    1415   -0.029304
    1416   -0.029304
    1417   -0.029261
    1418   -0.029261
    1419   -0.029216
    1420   -0.029216
    1421   -0.029169
    1422   -0.029169
    1423   -0.029120
    1424   -0.029120
    1425   -0.029068
    1426   -0.029068
    1427   -0.029013
    1428   -0.029013
    1429   -0.028957
    1430   -0.028957
    1431   -0.028902
    1432   -0.028902
    1433   -0.028846
    1434   -0.028846
    1435   -0.028789
    1436   -0.028789
    1437   -0.028731
    1438   -0.028731
    1439   -0.028671
    1440   -0.028671
    1441   -0.028606
    1442   -0.028606
    1443   -0.028534
    1444   -0.028534
    1445   -0.028458
    1446   -0.028458
    1447   -0.028380
    1448   -0.028380
    1449   -0.028298
    1450   -0.028298
    1451   -0.028213
    1452   -0.028213
    1453   -0.028129
    1454   -0.028129
    1455   -0.028044
    1456   -0.028044
    1457   -0.027957
    1458   -0.027957
    1459   -0.027866
    1460   -0.027866
    1461   -0.027767
    1462   -0.027767
    1463   -0.027662
    1464   -0.027662
    1465   -0.027547
    1466   -0.027547
    1467   -0.027425
    1468   -0.027425
    1469   -0.027296
    1470   -0.027296
    1471   -0.027159
    1472   -0.027159
    1473   -0.027015
    1474   -0.027015
    1475   -0.026862
    1476   -0.026862
    1477   -0.026699
    1478   -0.026699
    1479   -0.026528
    1480   -0.026528
    1481   -0.026347
    1482   -0.026347
    1483   -0.026151
    1484   -0.026151
    1485   -0.025939
    1486   -0.025939
    1487   -0.025708
    1488   -0.025708
    1489   -0.025459
    1490   -0.025459
    1491   -0.025194
    1492   -0.025194
    1493   -0.024911
    1494   -0.024911
    1495   -0.024601
    1496   -0.024601
    1497   -0.024257
    1498   -0.024257
    1499   -0.023880
    1500   -0.023880
    1501   -0.023479
    1502   -0.023479
    1503   -0.023064
    1504   -0.023064
    1505   -0.022654
    1506   -0.022654
    1507   -0.022284
    1508   -0.022284
    1509   -0.021952
    1510   -0.021952
    1511   -0.021615
    1512   -0.021615
    1513   -0.021251
    1514   -0.021251
    1515   -0.020862
    1516   -0.020862
    1517   -0.020446
    1518   -0.020446
    1519   -0.020010
    1520   -0.020010
    1521   -0.019561
    1522   -0.019561
    1523   -0.019100
    1524   -0.019100
    1525   -0.018620
    1526   -0.018620
    1527   -0.018115
    1528   -0.018115
    1529   -0.017591
    1530   -0.017591
    1531   -0.017046
    1532   -0.017046
    1533   -0.016479
    1534   -0.016479
    1535   -0.015891
    1536   -0.015891
    1537   -0.015284
    1538   -0.015284
    1539   -0.014670
    1540   -0.014670
    1541   -0.014056
    1542   -0.014056
    1543   -0.013446
    1544   -0.013446
    1545   -0.012849
    1546   -0.012849
    1547   -0.012265
    1548   -0.012265
    1549   -0.011703
    1550   -0.011703
    1551   -0.011176
    1552   -0.011176
    1553   -0.010685
    1554   -0.010685
    1555   -0.010233
    1556   -0.010233
    1557   -0.009832
    1558   -0.009832
    1559   -0.009491
    1560   -0.009491
    1561   -0.009217
    1562   -0.009217
    1563   -0.009032
    1564   -0.009032
    1565   -0.008951
    1566   -0.008951
    1567   -0.008890
    1568   -0.008890
    1569   -0.008884
    1570   -0.008884
    1571   -0.009012
    1572   -0.009012
    1573   -0.009112
    1574   -0.009112
    1575   -0.009076
    1576   -0.009076
    1577   -0.008797
    1578   -0.008797
    1579   -0.008201
    1580   -0.008201
    1581   -0.007333
    1582   -0.007333
    1583   -0.006444
    1584   -0.006444
    1585   -0.036766
    1586   -0.036766
    1587   -0.036652
    1588   -0.036652
    1589   -0.036498
    1590   -0.036498
    1591   -0.036374
    1592   -0.036374
    1593   -0.036272
    1594   -0.036272
    1595   -0.036180
    1596   -0.036180
    1597   -0.036099
    1598   -0.036099
    1599   -0.036026
    1600   -0.036026
    1601   -0.035960
    1602   -0.035960
    1603   -0.035900
    1604   -0.035900
    1605   -0.035845
    1606   -0.035845
    1607   -0.035794
    1608   -0.035794
    1609   -0.035745
    1610   -0.035745
    1611   -0.035696
    1612   -0.035696
    1613   -0.035647
    1614   -0.035647
    1615   -0.035596
    1616   -0.035596
    1617   -0.035542
    1618   -0.035542
    1619   -0.035486
    1620   -0.035486
    1621   -0.035428
    1622   -0.035428
    1623   -0.035367
    1624   -0.035367
    1625   -0.035302
    1626   -0.035302
    1627   -0.035237
    1628   -0.035237
    1629   -0.035173
    1630   -0.035173
    1631   -0.035107
    1632   -0.035107
    1633   -0.035041
    1634   -0.035041
    1635   -0.034975
    1636   -0.034975
    1637   -0.034907
    1638   -0.034907
    1639   -0.034833
    1640   -0.034833
    1641   -0.034754
    1642   -0.034754
    1643   -0.034670
    1644   -0.034670
    1645   -0.034581
    1646   -0.034581
    1647   -0.034488
    1648   -0.034488
    1649   -0.034392
    1650   -0.034392
    1651   -0.034294
    1652   -0.034294
    1653   -0.034195
    1654   -0.034195
    1655   -0.034094
    1656   -0.034094
    1657   -0.033988
    1658   -0.033988
    1659   -0.033877
    1660   -0.033877
    1661   -0.033759
    1662   -0.033759
    1663   -0.033632
    1664   -0.033632
    1665   -0.033495
    1666   -0.033495
    1667   -0.033350
    1668   -0.033350
    1669   -0.033197
    1670   -0.033197
    1671   -0.033035
    1672   -0.033035
    1673   -0.032865
    1674   -0.032865
    1675   -0.032685
    1676   -0.032685
    1677   -0.032495
    1678   -0.032495
    1679   -0.032293
    1680   -0.032293
    1681   -0.032076
    1682   -0.032076
    1683   -0.031841
    1684   -0.031841
    1685   -0.031589
    1686   -0.031589
    1687   -0.031320
    1688   -0.031320
    1689   -0.031032
    1690   -0.031032
    1691   -0.030725
    1692   -0.030725
    1693   -0.030393
    1694   -0.030393
    1695   -0.030026
    1696   -0.030026
    1697   -0.029626
    1698   -0.029626
    1699   -0.029197
    1700   -0.029197
    1701   -0.028751
    1702   -0.028751
    1703   -0.028311
    1704   -0.028311
    1705   -0.027908
    1706   -0.027908
    1707   -0.027531
    1708   -0.027531
    1709   -0.027131
    1710   -0.027131
    1711   -0.026696
    1712   -0.026696
    1713   -0.026223
    1714   -0.026223
    1715   -0.025708
    1716   -0.025708
    1717   -0.025152
    1718   -0.025152
    1719   -0.024563
    1720   -0.024563
    1721   -0.023946
    1722   -0.023946
    1723   -0.023305
    1724   -0.023305
    1725   -0.022638
    1726   -0.022638
    1727   -0.021939
    1728   -0.021939
    1729   -0.021209
    1730   -0.021209
    1731   -0.020463
    1732   -0.020463
    1733   -0.019708
    1734   -0.019708
    1735   -0.018946
    1736   -0.018946
    1737   -0.018183
    1738   -0.018183
    1739   -0.017424
    1740   -0.017424
    1741   -0.016672
    1742   -0.016672
    1743   -0.015933
    1744   -0.015933
    1745   -0.015218
    1746   -0.015218
    1747   -0.014543
    1748   -0.014543
    1749   -0.013906
    1750   -0.013906
    1751   -0.013297
    1752   -0.013297
    1753   -0.012726
    1754   -0.012726
    1755   -0.012218
    1756   -0.012218
    1757   -0.011785
    1758   -0.011785
    1759   -0.011437
    1760   -0.011437
    1761   -0.011184
    1762   -0.011184
    1763   -0.011024
    1764   -0.011024
    1765   -0.010894
    1766   -0.010894
    1767   -0.010854
    1768   -0.010854
    1769   -0.011036
    1770   -0.011036
    1771   -0.011235
    1772   -0.011235
    1773   -0.011211
    1774   -0.011211
    1775   -0.010881
    1776   -0.010881
    1777   -0.010216
    1778   -0.010216
    1779   -0.009219
    1780   -0.009219
    1781   -0.008182
    1782   -0.008182
    1783   -0.045582
    1784   -0.045582
    1785   -0.045421
    1786   -0.045421
    1787   -0.045205
    1788   -0.045205
    1789   -0.045034
    1790   -0.045034
    1791   -0.044886
    1792   -0.044886
    1793   -0.044752
    1794   -0.044752
    1795   -0.044635
    1796   -0.044635
    1797   -0.044533
    1798   -0.044533
    1799   -0.044442
    1800   -0.044442
    1801   -0.044358
    1802   -0.044358
    1803   -0.044283
    1804   -0.044283
    1805   -0.044214
    1806   -0.044214
    1807   -0.044150
    1808   -0.044150
    1809   -0.044089
    1810   -0.044089
    1811   -0.044029
    1812   -0.044029
    1813   -0.043968
    1814   -0.043968
    1815   -0.043904
    1816   -0.043904
    1817   -0.043838
    1818   -0.043838
    1819   -0.043771
    1820   -0.043771
    1821   -0.043700
    1822   -0.043700
    1823   -0.043626
    1824   -0.043626
    1825   -0.043550
    1826   -0.043550
    1827   -0.043473
    1828   -0.043473
    1829   -0.043395
    1830   -0.043395
    1831   -0.043317
    1832   -0.043317
    1833   -0.043239
    1834   -0.043239
    1835   -0.043161
    1836   -0.043161
    1837   -0.043079
    1838   -0.043079
    1839   -0.042993
    1840   -0.042993
    1841   -0.042901
    1842   -0.042901
    1843   -0.042803
    1844   -0.042803
    1845   -0.042699
    1846   -0.042699
    1847   -0.042590
    1848   -0.042590
    1849   -0.042477
    1850   -0.042477
    1851   -0.042362
    1852   -0.042362
    1853   -0.042243
    1854   -0.042243
    1855   -0.042122
    1856   -0.042122
    1857   -0.041995
    1858   -0.041995
    1859   -0.041861
    1860   -0.041861
    1861   -0.041719
    1862   -0.041719
    1863   -0.041567
    1864   -0.041567
    1865   -0.041404
    1866   -0.041404
    1867   -0.041232
    1868   -0.041232
    1869   -0.041049
    1870   -0.041049
    1871   -0.040859
    1872   -0.040859
    1873   -0.040660
    1874   -0.040660
    1875   -0.040451
    1876   -0.040451
    1877   -0.040228
    1878   -0.040228
    1879   -0.039987
    1880   -0.039987
    1881   -0.039728
    1882   -0.039728
    1883   -0.039449
    1884   -0.039449
    1885   -0.039153
    1886   -0.039153
    1887   -0.038838
    1888   -0.038838
    1889   -0.038506
    1890   -0.038506
    1891   -0.038152
    1892   -0.038152
    1893   -0.037773
    1894   -0.037773
    1895   -0.037365
    1896   -0.037365
    1897   -0.036926
    1898   -0.036926
    1899   -0.036468
    1900   -0.036468
    1901   -0.036014
    1902   -0.036014
    1903   -0.035594
    1904   -0.035594
    1905   -0.035191
    1906   -0.035191
    1907   -0.034751
    1908   -0.034751
    1909   -0.034256
    1910   -0.034256
    1911   -0.033703
    1912   -0.033703
    1913   -0.033087
    1914   -0.033087
    1915   -0.032413
    1916   -0.032413
    1917   -0.031681
    1918   -0.031681
    1919   -0.030895
    1920   -0.030895
    1921   -0.030073
    1922   -0.030073
    1923   -0.029221
    1924   -0.029221
    1925   -0.028332
    1926   -0.028332
    1927   -0.027410
    1928   -0.027410
    1929   -0.026465
    1930   -0.026465
    1931   -0.025513
    1932   -0.025513
    1933   -0.024554
    1934   -0.024554
    1935   -0.023586
    1936   -0.023586
    1937   -0.022615
    1938   -0.022615
    1939   -0.021648
    1940   -0.021648
    1941   -0.020691
    1942   -0.020691
    1943   -0.019759
    1944   -0.019759
    1945   -0.018868
    1946   -0.018868
    1947   -0.018015
    1948   -0.018015
    1949   -0.017199
    1950   -0.017199
    1951   -0.016432
    1952   -0.016432
    1953   -0.015732
    1954   -0.015732
    1955   -0.015121
    1956   -0.015121
    1957   -0.014618
    1958   -0.014618
    1959   -0.014217
    1960   -0.014217
    1961   -0.013916
    1962   -0.013916
    1963   -0.013721
    1964   -0.013721
    1965   -0.013687
    1966   -0.013687
    1967   -0.013868
    1968   -0.013868
    1969   -0.014143
    1970   -0.014143
    1971   -0.014308
    1972   -0.014308
    1973   -0.014181
    1974   -0.014181
    1975   -0.013629
    1976   -0.013629
    1977   -0.012565
    1978   -0.012565
    1979   -0.011361
    1980   -0.011361
    1981   -0.057202
    1982   -0.057202
    1983   -0.057066
    1984   -0.057066
    1985   -0.056875
    1986   -0.056875
    1987   -0.056723
    1988   -0.056723
    1989   -0.056587
    1990   -0.056587
    1991   -0.056453
    1992   -0.056453
    1993   -0.056331
    1994   -0.056331
    1995   -0.056221
    1996   -0.056221
    1997   -0.056119
    1998   -0.056119
    1999   -0.056020
    2000   -0.056020
    2001   -0.055925
    2002   -0.055925
    2003   -0.055837
    2004   -0.055837
    2005   -0.055754
    2006   -0.055754
    2007   -0.055676
    2008   -0.055676
    2009   -0.055601
    2010   -0.055601
    2011   -0.055526
    2012   -0.055526
    2013   -0.055449
    2014   -0.055449
    2015   -0.055371
    2016   -0.055371
    2017   -0.055292
    2018   -0.055292
    2019   -0.055209
    2020   -0.055209
    2021   -0.055122
    2022   -0.055122
    2023   -0.055032
    2024   -0.055032
    2025   -0.054941
    2026   -0.054941
    2027   -0.054849
    2028   -0.054849
    2029   -0.054758
    2030   -0.054758
    2031   -0.054668
    2032   -0.054668
    2033   -0.054577
    2034   -0.054577
    2035   -0.054484
    2036   -0.054484
    2037   -0.054388
    2038   -0.054388
    2039   -0.054286
    2040   -0.054286
    2041   -0.054177
    2042   -0.054177
    2043   -0.054061
    2044   -0.054061
    2045   -0.053938
    2046   -0.053938
    2047   -0.053810
    2048   -0.053810
    2049   -0.053677
    2050   -0.053677
    2051   -0.053540
    2052   -0.053540
    2053   -0.053400
    2054   -0.053400
    2055   -0.053254
    2056   -0.053254
    2057   -0.053102
    2058   -0.053102
    2059   -0.052942
    2060   -0.052942
    2061   -0.052770
    2062   -0.052770
    2063   -0.052587
    2064   -0.052587
    2065   -0.052392
    2066   -0.052392
    2067   -0.052183
    2068   -0.052183
    2069   -0.051963
    2070   -0.051963
    2071   -0.051742
    2072   -0.051742
    2073   -0.051515
    2074   -0.051515
    2075   -0.051273
    2076   -0.051273
    2077   -0.051011
    2078   -0.051011
    2079   -0.050729
    2080   -0.050729
    2081   -0.050425
    2082   -0.050425
    2083   -0.050101
    2084   -0.050101
    2085   -0.049756
    2086   -0.049756
    2087   -0.049390
    2088   -0.049390
    2089   -0.049001
    2090   -0.049001
    2091   -0.048595
    2092   -0.048595
    2093   -0.048168
    2094   -0.048168
    2095   -0.047711
    2096   -0.047711
    2097   -0.047223
    2098   -0.047223
    2099   -0.046727
    2100   -0.046727
    2101   -0.046258
    2102   -0.046258
    2103   -0.045792
    2104   -0.045792
    2105   -0.045264
    2106   -0.045264
    2107   -0.044652
    2108   -0.044652
    2109   -0.043953
    2110   -0.043953
    2111   -0.043168
    2112   -0.043168
    2113   -0.042311
    2114   -0.042311
    2115   -0.041379
    2116   -0.041379
    2117   -0.040372
    2118   -0.040372
    2119   -0.039311
    2120   -0.039311
    2121   -0.038215
    2122   -0.038215
    2123   -0.037089
    2124   -0.037089
    2125   -0.035929
    2126   -0.035929
    2127   -0.034737
    2128   -0.034737
    2129   -0.033522
    2130   -0.033522
    2131   -0.032288
    2132   -0.032288
    2133   -0.031035
    2134   -0.031035
    2135   -0.029773
    2136   -0.029773
    2137   -0.028515
    2138   -0.028515
    2139   -0.027262
    2140   -0.027262
    2141   -0.026024
    2142   -0.026024
    2143   -0.024812
    2144   -0.024812
    2145   -0.023634
    2146   -0.023634
    2147   -0.022514
    2148   -0.022514
    2149   -0.021468
    2150   -0.021468
    2151   -0.020494
    2152   -0.020494
    2153   -0.019620
    2154   -0.019620
    2155   -0.018880
    2156   -0.018880
    2157   -0.018273
    2158   -0.018273
    2159   -0.017817
    2160   -0.017817
    2161   -0.017580
    2162   -0.017580
    2163   -0.017576
    2164   -0.017576
    2165   -0.017794
    2166   -0.017794
    2167   -0.018257
    2168   -0.018257
    2169   -0.018802
    2170   -0.018802
    2171   -0.019127
    2172   -0.019127
    2173   -0.018940
    2174   -0.018940
    2175   -0.017947
    2176   -0.017947
    2177   -0.016575
    2178   -0.016575
    2179   -0.072515
    2180   -0.072515
    2181   -0.072588
    2182   -0.072588
    2183   -0.072684
    2184   -0.072684
    2185   -0.072739
    2186   -0.072739
    2187   -0.072728
    2188   -0.072728
    2189   -0.072675
    2190   -0.072675
    2191   -0.072600
    2192   -0.072600
    2193   -0.072513
    2194   -0.072513
    2195   -0.072420
    2196   -0.072420
    2197   -0.072320
    2198   -0.072320
    2199   -0.072219
    2200   -0.072219
    2201   -0.072118
    2202   -0.072118
    2203   -0.072018
    2204   -0.072018
    2205   -0.071921
    2206   -0.071921
    2207   -0.071828
    2208   -0.071828
    2209   -0.071738
    2210   -0.071738
    2211   -0.071648
    2212   -0.071648
    2213   -0.071557
    2214   -0.071557
    2215   -0.071462
    2216   -0.071462
    2217   -0.071364
    2218   -0.071364
    2219   -0.071262
    2220   -0.071262
    2221   -0.071159
    2222   -0.071159
    2223   -0.071054
    2224   -0.071054
    2225   -0.070949
    2226   -0.070949
    2227   -0.070844
    2228   -0.070844
    2229   -0.070740
    2230   -0.070740
    2231   -0.070636
    2232   -0.070636
    2233   -0.070531
    2234   -0.070531
    2235   -0.070422
    2236   -0.070422
    2237   -0.070307
    2238   -0.070307
    2239   -0.070186
    2240   -0.070186
    2241   -0.070057
    2242   -0.070057
    2243   -0.069919
    2244   -0.069919
    2245   -0.069775
    2246   -0.069775
    2247   -0.069624
    2248   -0.069624
    2249   -0.069467
    2250   -0.069467
    2251   -0.069306
    2252   -0.069306
    2253   -0.069139
    2254   -0.069139
    2255   -0.068966
    2256   -0.068966
    2257   -0.068784
    2258   -0.068784
    2259   -0.068590
    2260   -0.068590
    2261   -0.068385
    2262   -0.068385
    2263   -0.068164
    2264   -0.068164
    2265   -0.067925
    2266   -0.067925
    2267   -0.067673
    2268   -0.067673
    2269   -0.067424
    2270   -0.067424
    2271   -0.067177
    2272   -0.067177
    2273   -0.066914
    2274   -0.066914
    2275   -0.066630
    2276   -0.066630
    2277   -0.066327
    2278   -0.066327
    2279   -0.066002
    2280   -0.066002
    2281   -0.065649
    2282   -0.065649
    2283   -0.065271
    2284   -0.065271
    2285   -0.064862
    2286   -0.064862
    2287   -0.064418
    2288   -0.064418
    2289   -0.063946
    2290   -0.063946
    2291   -0.063436
    2292   -0.063436
    2293   -0.062874
    2294   -0.062874
    2295   -0.062243
    2296   -0.062243
    2297   -0.061563
    2298   -0.061563
    2299   -0.060889
    2300   -0.060889
    2301   -0.060199
    2302   -0.060199
    2303   -0.059418
    2304   -0.059418
    2305   -0.058519
    2306   -0.058519
    2307   -0.057504
    2308   -0.057504
    2309   -0.056388
    2310   -0.056388
    2311   -0.055183
    2312   -0.055183
    2313   -0.053905
    2314   -0.053905
    2315   -0.052552
    2316   -0.052552
    2317   -0.051123
    2318   -0.051123
    2319   -0.049640
    2320   -0.049640
    2321   -0.048125
    2322   -0.048125
    2323   -0.046585
    2324   -0.046585
    2325   -0.045015
    2326   -0.045015
    2327   -0.043410
    2328   -0.043410
    2329   -0.041776
    2330   -0.041776
    2331   -0.040121
    2332   -0.040121
    2333   -0.038455
    2334   -0.038455
    2335   -0.036782
    2336   -0.036782
    2337   -0.035102
    2338   -0.035102
    2339   -0.033426
    2340   -0.033426
    2341   -0.031773
    2342   -0.031773
    2343   -0.030156
    2344   -0.030156
    2345   -0.028597
    2346   -0.028597
    2347   -0.027119
    2348   -0.027119
    2349   -0.025743
    2350   -0.025743
    2351   -0.024508
    2352   -0.024508
    2353   -0.023442
    2354   -0.023442
    2355   -0.022578
    2356   -0.022578
    2357   -0.021969
    2358   -0.021969
    2359   -0.021737
    2360   -0.021737
    2361   -0.021879
    2362   -0.021879
    2363   -0.022275
    2364   -0.022275
    2365   -0.022969
    2366   -0.022969
    2367   -0.023984
    2368   -0.023984
    2369   -0.025096
    2370   -0.025096
    2371   -0.025798
    2372   -0.025798
    2373   -0.025392
    2374   -0.025392
    2375   -0.024172
    2376   -0.024172
    2377   -0.091107
    2378   -0.091107
    2379   -0.091487
    2380   -0.091487
    2381   -0.092000
    2382   -0.092000
    2383   -0.092302
    2384   -0.092302
    2385   -0.092429
    2386   -0.092429
    2387   -0.092474
    2388   -0.092474
    2389   -0.092455
    2390   -0.092455
    2391   -0.092396
    2392   -0.092396
    2393   -0.092317
    2394   -0.092317
    2395   -0.092225
    2396   -0.092225
    2397   -0.092125
    2398   -0.092125
    2399   -0.092018
    2400   -0.092018
    2401   -0.091908
    2402   -0.091908
    2403   -0.091797
    2404   -0.091797
    2405   -0.091689
    2406   -0.091689
    2407   -0.091583
    2408   -0.091583
    2409   -0.091479
    2410   -0.091479
    2411   -0.091373
    2412   -0.091373
    2413   -0.091263
    2414   -0.091263
    2415   -0.091148
    2416   -0.091148
    2417   -0.091031
    2418   -0.091031
    2419   -0.090912
    2420   -0.090912
    2421   -0.090793
    2422   -0.090793
    2423   -0.090674
    2424   -0.090674
    2425   -0.090554
    2426   -0.090554
    2427   -0.090434
    2428   -0.090434
    2429   -0.090314
    2430   -0.090314
    2431   -0.090192
    2432   -0.090192
    2433   -0.090066
    2434   -0.090066
    2435   -0.089936
    2436   -0.089936
    2437   -0.089799
    2438   -0.089799
    2439   -0.089653
    2440   -0.089653
    2441   -0.089498
    2442   -0.089498
    2443   -0.089335
    2444   -0.089335
    2445   -0.089163
    2446   -0.089163
    2447   -0.088984
    2448   -0.088984
    2449   -0.088797
    2450   -0.088797
    2451   -0.088605
    2452   -0.088605
    2453   -0.088405
    2454   -0.088405
    2455   -0.088196
    2456   -0.088196
    2457   -0.087977
    2458   -0.087977
    2459   -0.087746
    2460   -0.087746
    2461   -0.087498
    2462   -0.087498
    2463   -0.087232
    2464   -0.087232
    2465   -0.086950
    2466   -0.086950
    2467   -0.086670
    2468   -0.086670
    2469   -0.086388
    2470   -0.086388
    2471   -0.086089
    2472   -0.086089
    2473   -0.085771
    2474   -0.085771
    2475   -0.085436
    2476   -0.085436
    2477   -0.085079
    2478   -0.085079
    2479   -0.084689
    2480   -0.084689
    2481   -0.084262
    2482   -0.084262
    2483   -0.083796
    2484   -0.083796
    2485   -0.083286
    2486   -0.083286
    2487   -0.082723
    2488   -0.082723
    2489   -0.082087
    2490   -0.082087
    2491   -0.081359
    2492   -0.081359
    2493   -0.080508
    2494   -0.080508
    2495   -0.079539
    2496   -0.079539
    2497   -0.078520
    2498   -0.078520
    2499   -0.077448
    2500   -0.077448
    2501   -0.076253
    2502   -0.076253
    2503   -0.074901
    2504   -0.074901
    2505   -0.073403
    2506   -0.073403
    2507   -0.071788
    2508   -0.071788
    2509   -0.070075
    2510   -0.070075
    2511   -0.068294
    2512   -0.068294
    2513   -0.066442
    2514   -0.066442
    2515   -0.064491
    2516   -0.064491
    2517   -0.062457
    2518   -0.062457
    2519   -0.060387
    2520   -0.060387
    2521   -0.058299
    2522   -0.058299
    2523   -0.056187
    2524   -0.056187
    2525   -0.054035
    2526   -0.054035
    2527   -0.051847
    2528   -0.051847
    2529   -0.049636
    2530   -0.049636
    2531   -0.047406
    2532   -0.047406
    2533   -0.045153
    2534   -0.045153
    2535   -0.042876
    2536   -0.042876
    2537   -0.040589
    2538   -0.040589
    2539   -0.038332
    2540   -0.038332
    2541   -0.036123
    2542   -0.036123
    2543   -0.033955
    2544   -0.033955
    2545   -0.031861
    2546   -0.031861
    2547   -0.029923
    2548   -0.029923
    2549   -0.028184
    2550   -0.028184
    2551   -0.026664
    2552   -0.026664
    2553   -0.025431
    2554   -0.025431
    2555   -0.024582
    2556   -0.024582
    2557   -0.024271
    2558   -0.024271
    2559   -0.024583
    2560   -0.024583
    2561   -0.025313
    2562   -0.025313
    2563   -0.026316
    2564   -0.026316
    2565   -0.027952
    2566   -0.027952
    2567   -0.030421
    2568   -0.030421
    2569   -0.032968
    2570   -0.032968
    2571   -0.034238
    2572   -0.034238
    2573   -0.034047
    2574   -0.034047
    2575   -0.104242
    2576   -0.104242
    2577   -0.104579
    2578   -0.104579
    2579   -0.104928
    2580   -0.104928
    2581   -0.104983
    2582   -0.104983
    2583   -0.104975
    2584   -0.104975
    2585   -0.104996
    2586   -0.104996
    2587   -0.104968
    2588   -0.104968
    2589   -0.104907
    2590   -0.104907
    2591   -0.104825
    2592   -0.104825
    2593   -0.104733
    2594   -0.104733
    2595   -0.104629
    2596   -0.104629
    2597   -0.104515
    2598   -0.104515
    2599   -0.104398
    2600   -0.104398
    2601   -0.104279
    2602   -0.104279
    2603   -0.104157
    2604   -0.104157
    2605   -0.104035
    2606   -0.104035
    2607   -0.103912
    2608   -0.103912
    2609   -0.103788
    2610   -0.103788
    2611   -0.103661
    2612   -0.103661
    2613   -0.103528
    2614   -0.103528
    2615   -0.103392
    2616   -0.103392
    2617   -0.103254
    2618   -0.103254
    2619   -0.103117
    2620   -0.103117
    2621   -0.102978
    2622   -0.102978
    2623   -0.102838
    2624   -0.102838
    2625   -0.102696
    2626   -0.102696
    2627   -0.102552
    2628   -0.102552
    2629   -0.102405
    2630   -0.102405
    2631   -0.102256
    2632   -0.102256
    2633   -0.102101
    2634   -0.102101
    2635   -0.101939
    2636   -0.101939
    2637   -0.101768
    2638   -0.101768
    2639   -0.101589
    2640   -0.101589
    2641   -0.101399
    2642   -0.101399
    2643   -0.101198
    2644   -0.101198
    2645   -0.100988
    2646   -0.100988
    2647   -0.100768
    2648   -0.100768
    2649   -0.100541
    2650   -0.100541
    2651   -0.100305
    2652   -0.100305
    2653   -0.100060
    2654   -0.100060
    2655   -0.099805
    2656   -0.099805
    2657   -0.099538
    2658   -0.099538
    2659   -0.099256
    2660   -0.099256
    2661   -0.098957
    2662   -0.098957
    2663   -0.098641
    2664   -0.098641
    2665   -0.098314
    2666   -0.098314
    2667   -0.097975
    2668   -0.097975
    2669   -0.097619
    2670   -0.097619
    2671   -0.097244
    2672   -0.097244
    2673   -0.096845
    2674   -0.096845
    2675   -0.096423
    2676   -0.096423
    2677   -0.095971
    2678   -0.095971
    2679   -0.095474
    2680   -0.095474
    2681   -0.094928
    2682   -0.094928
    2683   -0.094337
    2684   -0.094337
    2685   -0.093681
    2686   -0.093681
    2687   -0.092932
    2688   -0.092932
    2689   -0.092067
    2690   -0.092067
    2691   -0.091036
    2692   -0.091036
    2693   -0.089824
    2694   -0.089824
    2695   -0.088460
    2696   -0.088460
    2697   -0.086916
    2698   -0.086916
    2699   -0.085168
    2700   -0.085168
    2701   -0.083232
    2702   -0.083232
    2703   -0.081136
    2704   -0.081136
    2705   -0.078912
    2706   -0.078912
    2707   -0.076584
    2708   -0.076584
    2709   -0.074173
    2710   -0.074173
    2711   -0.071675
    2712   -0.071675
    2713   -0.069081
    2714   -0.069081
    2715   -0.066406
    2716   -0.066406
    2717   -0.063668
    2718   -0.063668
    2719   -0.060878
    2720   -0.060878
    2721   -0.058039
    2722   -0.058039
    2723   -0.055150
    2724   -0.055150
    2725   -0.052216
    2726   -0.052216
    2727   -0.049245
    2728   -0.049245
    2729   -0.046243
    2730   -0.046243
    2731   -0.043214
    2732   -0.043214
    2733   -0.040165
    2734   -0.040165
    2735   -0.037111
    2736   -0.037111
    2737   -0.034078
    2738   -0.034078
    2739   -0.031096
    2740   -0.031096
    2741   -0.028176
    2742   -0.028176
    2743   -0.025357
    2744   -0.025357
    2745   -0.022715
    2746   -0.022715
    2747   -0.020289
    2748   -0.020289
    2749   -0.018126
    2750   -0.018126
    2751   -0.016328
    2752   -0.016328
    2753   -0.015011
    2754   -0.015011
    2755   -0.014324
    2756   -0.014324
    2757   -0.014398
    2758   -0.014398
    2759   -0.015338
    2760   -0.015338
    2761   -0.017193
    2762   -0.017193
    2763   -0.020238
    2764   -0.020238
    2765   -0.024918
    2766   -0.024918
    2767   -0.030677
    2768   -0.030677
    2769   -0.035601
    2770   -0.035601
    2771   -0.038346
    2772   -0.038346
    2773   -0.081591
    2774   -0.081591
    2775   -0.081589
    2776   -0.081589
    2777   -0.081370
    2778   -0.081370
    2779   -0.080865
    2780   -0.080865
    2781   -0.080489
    2782   -0.080489
    2783   -0.080343
    2784   -0.080343
    2785   -0.080242
    2786   -0.080242
    2787   -0.080141
    2788   -0.080141
    2789   -0.080033
    2790   -0.080033
    2791   -0.079921
    2792   -0.079921
    2793   -0.079801
    2794   -0.079801
    2795   -0.079672
    2796   -0.079672
    2797   -0.079543
    2798   -0.079543
    2799   -0.079409
    2800   -0.079409
    2801   -0.079268
    2802   -0.079268
    2803   -0.079122
    2804   -0.079122
    2805   -0.078975
    2806   -0.078975
    2807   -0.078825
    2808   -0.078825
    2809   -0.078671
    2810   -0.078671
    2811   -0.078514
    2812   -0.078514
    2813   -0.078354
    2814   -0.078354
    2815   -0.078190
    2816   -0.078190
    2817   -0.078024
    2818   -0.078024
    2819   -0.077856
    2820   -0.077856
    2821   -0.077684
    2822   -0.077684
    2823   -0.077508
    2824   -0.077508
    2825   -0.077327
    2826   -0.077327
    2827   -0.077142
    2828   -0.077142
    2829   -0.076952
    2830   -0.076952
    2831   -0.076756
    2832   -0.076756
    2833   -0.076553
    2834   -0.076553
    2835   -0.076342
    2836   -0.076342
    2837   -0.076122
    2838   -0.076122
    2839   -0.075890
    2840   -0.075890
    2841   -0.075646
    2842   -0.075646
    2843   -0.075390
    2844   -0.075390
    2845   -0.075122
    2846   -0.075122
    2847   -0.074842
    2848   -0.074842
    2849   -0.074552
    2850   -0.074552
    2851   -0.074252
    2852   -0.074252
    2853   -0.073941
    2854   -0.073941
    2855   -0.073616
    2856   -0.073616
    2857   -0.073275
    2858   -0.073275
    2859   -0.072920
    2860   -0.072920
    2861   -0.072545
    2862   -0.072545
    2863   -0.072144
    2864   -0.072144
    2865   -0.071716
    2866   -0.071716
    2867   -0.071272
    2868   -0.071272
    2869   -0.070807
    2870   -0.070807
    2871   -0.070310
    2872   -0.070310
    2873   -0.069783
    2874   -0.069783
    2875   -0.069230
    2876   -0.069230
    2877   -0.068634
    2878   -0.068634
    2879   -0.067985
    2880   -0.067985
    2881   -0.067281
    2882   -0.067281
    2883   -0.066507
    2884   -0.066507
    2885   -0.065641
    2886   -0.065641
    2887   -0.064644
    2888   -0.064644
    2889   -0.063445
    2890   -0.063445
    2891   -0.061981
    2892   -0.061981
    2893   -0.060169
    2894   -0.060169
    2895   -0.057937
    2896   -0.057937
    2897   -0.055367
    2898   -0.055367
    2899   -0.052583
    2900   -0.052583
    2901   -0.049637
    2902   -0.049637
    2903   -0.046560
    2904   -0.046560
    2905   -0.043368
    2906   -0.043368
    2907   -0.040056
    2908   -0.040056
    2909   -0.036636
    2910   -0.036636
    2911   -0.033137
    2912   -0.033137
    2913   -0.029563
    2914   -0.029563
    2915   -0.025877
    2916   -0.025877
    2917   -0.022072
    2918   -0.022072
    2919   -0.018175
    2920   -0.018175
    2921   -0.014204
    2922   -0.014204
    2923   -0.010173
    2924   -0.010173
    2925   -0.006085
    2926   -0.006085
    2927   -0.001949
    2928   -0.001949
    2929    0.002215
    2930    0.002215
    2931    0.006379
    2932    0.006379
    2933    0.010530
    2934    0.010530
    2935    0.014674
    2936    0.014674
    2937    0.018775
    2938    0.018775
    2939    0.022771
    2940    0.022771
    2941    0.026618
    2942    0.026618
    2943    0.030292
    2944    0.030292
    2945    0.033750
    2946    0.033750
    2947    0.036894
    2948    0.036894
    2949    0.039596
    2950    0.039596
    2951    0.041722
    2952    0.041722
    2953    0.043126
    2954    0.043126
    2955    0.043674
    2956    0.043674
    2957    0.042743
    2958    0.042743
    2959    0.039608
    2960    0.039608
    2961    0.034241
    2962    0.034241
    2963    0.026282
    2964    0.026282
    2965    0.015441
    2966    0.015441
    2967    0.003459
    2968    0.003459
    2969   -0.005861
    2970   -0.005861
    2971    0.036186
    2972    0.036186
    2973    0.036556
    2974    0.036556
    2975    0.037195
    2976    0.037195
    2977    0.037913
    2978    0.037913
    2979    0.038417
    2980    0.038417
    2981    0.038687
    2982    0.038687
    2983    0.038882
    2984    0.038882
    2985    0.039049
    2986    0.039049
    2987    0.039207
    2988    0.039207
    2989    0.039362
    2990    0.039362
    2991    0.039519
    2992    0.039519
    2993    0.039679
    2994    0.039679
    2995    0.039842
    2996    0.039842
    2997    0.040014
    2998    0.040014
    2999    0.040194
    3000    0.040194
    3001    0.040379
    3002    0.040379
    3003    0.040567
    3004    0.040567
    3005    0.040760
    3006    0.040760
    3007    0.040958
    3008    0.040958
    3009    0.041156
    3010    0.041156
    3011    0.041356
    3012    0.041356
    3013    0.041562
    3014    0.041562
    3015    0.041775
    3016    0.041775
    3017    0.041993
    3018    0.041993
    3019    0.042217
    3020    0.042217
    3021    0.042448
    3022    0.042448
    3023    0.042689
    3024    0.042689
    3025    0.042939
    3026    0.042939
    3027    0.043198
    3028    0.043198
    3029    0.043464
    3030    0.043464
    3031    0.043735
    3032    0.043735
    3033    0.044016
    3034    0.044016
    3035    0.044308
    3036    0.044308
    3037    0.044611
    3038    0.044611
    3039    0.044926
    3040    0.044926
    3041    0.045258
    3042    0.045258
    3043    0.045606
    3044    0.045606
    3045    0.045971
    3046    0.045971
    3047    0.046349
    3048    0.046349
    3049    0.046742
    3050    0.046742
    3051    0.047150
    3052    0.047150
    3053    0.047574
    3054    0.047574
    3055    0.048017
    3056    0.048017
    3057    0.048476
    3058    0.048476
    3059    0.048961
    3060    0.048961
    3061    0.049491
    3062    0.049491
    3063    0.050062
    3064    0.050062
    3065    0.050656
    3066    0.050656
    3067    0.051270
    3068    0.051270
    3069    0.051915
    3070    0.051915
    3071    0.052596
    3072    0.052596
    3073    0.053309
    3074    0.053309
    3075    0.054062
    3076    0.054062
    3077    0.054867
    3078    0.054867
    3079    0.055739
    3080    0.055739
    3081    0.056687
    3082    0.056687
    3083    0.057732
    3084    0.057732
    3085    0.058927
    3086    0.058927
    3087    0.060366
    3088    0.060366
    3089    0.062235
    3090    0.062235
    3091    0.064785
    3092    0.064785
    3093    0.068087
    3094    0.068087
    3095    0.071914
    3096    0.071914
    3097    0.076040
    3098    0.076040
    3099    0.080374
    3100    0.080374
    3101    0.084867
    3102    0.084867
    3103    0.089513
    3104    0.089513
    3105    0.094321
    3106    0.094321
    3107    0.099258
    3108    0.099258
    3109    0.104291
    3110    0.104291
    3111    0.109443
    3112    0.109443
    3113    0.114751
    3114    0.114751
    3115    0.120215
    3116    0.120215
    3117    0.125812
    3118    0.125812
    3119    0.131515
    3120    0.131515
    3121    0.137308
    3122    0.137308
    3123    0.143183
    3124    0.143183
    3125    0.149125
    3126    0.149125
    3127    0.155106
    3128    0.155106
    3129    0.161096
    3130    0.161096
    3131    0.167075
    3132    0.167075
    3133    0.173044
    3134    0.173044
    3135    0.178967
    3136    0.178967
    3137    0.184768
    3138    0.184768
    3139    0.190395
    3140    0.190395
    3141    0.195820
    3142    0.195820
    3143    0.200969
    3144    0.200969
    3145    0.205711
    3146    0.205711
    3147    0.209895
    3148    0.209895
    3149    0.213339
    3150    0.213339
    3151    0.215813
    3152    0.215813
    3153    0.217020
    3154    0.217020
    3155    0.216120
    3156    0.216120
    3157    0.212020
    3158    0.212020
    3159    0.204055
    3160    0.204055
    3161    0.191336
    3162    0.191336
    3163    0.172510
    3164    0.172510
    3165    0.148265
    3166    0.148265
    3167    0.126644
    3168    0.126644
    3169    0.338129
    3170    0.338129
    3171    0.339020
    3172    0.339020
    3173    0.340163
    3174    0.340163
    3175    0.340822
    3176    0.340822
    3177    0.341167
    3178    0.341167
    3179    0.341495
    3180    0.341495
    3181    0.341799
    3182    0.341799
    3183    0.342067
    3184    0.342067
    3185    0.342311
    3186    0.342311
    3187    0.342542
    3188    0.342542
    3189    0.342770
    3190    0.342770
    3191    0.342996
    3192    0.342996
    3193    0.343230
    3194    0.343230
    3195    0.343474
    3196    0.343474
    3197    0.343727
    3198    0.343727
    3199    0.343987
    3200    0.343987
    3201    0.344252
    3202    0.344252
    3203    0.344524
    3204    0.344524
    3205    0.344801
    3206    0.344801
    3207    0.345078
    3208    0.345078
    3209    0.345355
    3210    0.345355
    3211    0.345640
    3212    0.345640
    3213    0.345936
    3214    0.345936
    3215    0.346243
    3216    0.346243
    3217    0.346561
    3218    0.346561
    3219    0.346892
    3220    0.346892
    3221    0.347239
    3222    0.347239
    3223    0.347601
    3224    0.347601
    3225    0.347979
    3226    0.347979
    3227    0.348366
    3228    0.348366
    3229    0.348764
    3230    0.348764
    3231    0.349173
    3232    0.349173
    3233    0.349595
    3234    0.349595
    3235    0.350030
    3236    0.350030
    3237    0.350480
    3238    0.350480
    3239    0.350949
    3240    0.350949
    3241    0.351441
    3242    0.351441
    3243    0.351957
    3244    0.351957
    3245    0.352494
    3246    0.352494
    3247    0.353053
    3248    0.353053
    3249    0.353635
    3250    0.353635
    3251    0.354241
    3252    0.354241
    3253    0.354873
    3254    0.354873
    3255    0.355532
    3256    0.355532
    3257    0.356230
    3258    0.356230
    3259    0.356995
    3260    0.356995
    3261    0.357818
    3262    0.357818
    3263    0.358674
    3264    0.358674
    3265    0.359557
    3266    0.359557
    3267    0.360469
    3268    0.360469
    3269    0.361421
    3270    0.361421
    3271    0.362417
    3272    0.362417
    3273    0.363452
    3274    0.363452
    3275    0.364539
    3276    0.364539
    3277    0.365700
    3278    0.365700
    3279    0.366955
    3280    0.366955
    3281    0.368334
    3282    0.368334
    3283    0.369904
    3284    0.369904
    3285    0.371810
    3286    0.371810
    3287    0.374441
    3288    0.374441
    3289    0.378247
    3290    0.378247
    3291    0.383261
    3292    0.383261
    3293    0.389139
    3294    0.389139
    3295    0.395524
    3296    0.395524
    3297    0.402219
    3298    0.402219
    3299    0.409146
    3300    0.409146
    3301    0.416303
    3302    0.416303
    3303    0.423683
    3304    0.423683
    3305    0.431246
    3306    0.431246
    3307    0.438974
    3308    0.438974
    3309    0.446899
    3310    0.446899
    3311    0.455029
    3312    0.455029
    3313    0.463352
    3314    0.463352
    3315    0.471858
    3316    0.471858
    3317    0.480524
    3318    0.480524
    3319    0.489330
    3320    0.489330
    3321    0.498255
    3322    0.498255
    3323    0.507275
    3324    0.507275
    3325    0.516363
    3326    0.516363
    3327    0.525491
    3328    0.525491
    3329    0.534628
    3330    0.534628
    3331    0.543746
    3332    0.543746
    3333    0.552804
    3334    0.552804
    3335    0.561731
    3336    0.561731
    3337    0.570453
    3338    0.570453
    3339    0.578893
    3340    0.578893
    3341    0.586931
    3342    0.586931
    3343    0.594392
    3344    0.594392
    3345    0.601082
    3346    0.601082
    3347    0.606732
    3348    0.606732
    3349    0.610948
    3350    0.610948
    3351    0.613139
    3352    0.613139
    3353    0.612323
    3354    0.612323
    3355    0.607168
    3356    0.607168
    3357    0.595675
    3358    0.595675
    3359    0.575402
    3360    0.575402
    3361    0.543566
    3362    0.543566
    3363    0.499416
    3364    0.499416
    3365    0.457420
    3366    0.457420
    3367    0.965424
    3368    0.965424
    3369    0.966675
    3370    0.966675
    3371    0.968102
    3372    0.968102
    3373    0.968656
    3374    0.968656
    3375    0.969022
    3376    0.969022
    3377    0.969603
    3378    0.969603
    3379    0.970126
    3380    0.970126
    3381    0.970579
    3382    0.970579
    3383    0.970981
    3384    0.970981
    3385    0.971355
    3386    0.971355
    3387    0.971717
    3388    0.971717
    3389    0.972077
    3390    0.972077
    3391    0.972447
    3392    0.972447
    3393    0.972828
    3394    0.972828
    3395    0.973219
    3396    0.973219
    3397    0.973623
    3398    0.973623
    3399    0.974039
    3400    0.974039
    3401    0.974464
    3402    0.974464
    3403    0.974892
    3404    0.974892
    3405    0.975320
    3406    0.975320
    3407    0.975752
    3408    0.975752
    3409    0.976192
    3410    0.976192
    3411    0.976646
    3412    0.976646
    3413    0.977120
    3414    0.977120
    3415    0.977616
    3416    0.977616
    3417    0.978136
    3418    0.978136
    3419    0.978681
    3420    0.978681
    3421    0.979252
    3422    0.979252
    3423    0.979846
    3424    0.979846
    3425    0.980463
    3426    0.980463
    3427    0.981098
    3428    0.981098
    3429    0.981751
    3430    0.981751
    3431    0.982421
    3432    0.982421
    3433    0.983110
    3434    0.983110
    3435    0.983821
    3436    0.983821
    3437    0.984557
    3438    0.984557
    3439    0.985323
    3440    0.985323
    3441    0.986124
    3442    0.986124
    3443    0.986962
    3444    0.986962
    3445    0.987836
    3446    0.987836
    3447    0.988747
    3448    0.988747
    3449    0.989699
    3450    0.989699
    3451    0.990695
    3452    0.990695
    3453    0.991742
    3454    0.991742
    3455    0.992857
    3456    0.992857
    3457    0.994064
    3458    0.994064
    3459    0.995357
    3460    0.995357
    3461    0.996706
    3462    0.996706
    3463    0.998094
    3464    0.998094
    3465    0.999523
    3466    0.999523
    3467    1.001001
    3468    1.001001
    3469    1.002533
    3470    1.002533
    3471    1.004116
    3472    1.004116
    3473    1.005763
    3474    1.005763
    3475    1.007506
    3476    1.007506
    3477    1.009384
    3478    1.009384
    3479    1.011452
    3480    1.011452
    3481    1.013833
    3482    1.013833
    3483    1.016804
    3484    1.016804
    3485    1.021069
    3486    1.021069
    3487    1.027307
    3488    1.027307
    3489    1.035513
    3490    1.035513
    3491    1.045177
    3492    1.045177
    3493    1.055683
    3494    1.055683
    3495    1.066667
    3496    1.066667
    3497    1.078026
    3498    1.078026
    3499    1.089740
    3500    1.089740
    3501    1.101791
    3502    1.101791
    3503    1.114146
    3504    1.114146
    3505    1.126793
    3506    1.126793
    3507    1.139753
    3508    1.139753
    3509    1.153020
    3510    1.153020
    3511    1.166578
    3512    1.166578
    3513    1.180413
    3514    1.180413
    3515    1.194506
    3516    1.194506
    3517    1.208826
    3518    1.208826
    3519    1.223337
    3520    1.223337
    3521    1.238006
    3522    1.238006
    3523    1.252798
    3524    1.252798
    3525    1.267670
    3526    1.267670
    3527    1.282577
    3528    1.282577
    3529    1.297466
    3530    1.297466
    3531    1.312272
    3532    1.312272
    3533    1.326901
    3534    1.326901
    3535    1.341247
    3536    1.341247
    3537    1.355169
    3538    1.355169
    3539    1.368468
    3540    1.368468
    3541    1.380873
    3542    1.380873
    3543    1.392094
    3544    1.392094
    3545    1.401717
    3546    1.401717
    3547    1.409106
    3548    1.409106
    3549    1.413263
    3550    1.413263
    3551    1.412703
    3552    1.412703
    3553    1.405230
    3554    1.405230
    3555    1.387184
    3556    1.387184
    3557    1.353449
    3558    1.353449
    3559    1.298747
    3560    1.298747
    3561    1.221230
    3562    1.221230
    3563    1.145465
    3564    1.145465
    3565    2.169896
    3566    2.169896
    3567    2.171165
    3568    2.171165
    3569    2.172563
    3570    2.172563
    3571    2.173147
    3572    2.173147
    3573    2.173910
    3574    2.173910
    3575    2.175066
    3576    2.175066
    3577    2.176031
    3578    2.176031
    3579    2.176840
    3580    2.176840
    3581    2.177545
    3582    2.177545
    3583    2.178193
    3584    2.178193
    3585    2.178816
    3586    2.178816
    3587    2.179439
    3588    2.179439
    3589    2.180076
    3590    2.180076
    3591    2.180726
    3592    2.180726
    3593    2.181387
    3594    2.181387
    3595    2.182075
    3596    2.182075
    3597    2.182791
    3598    2.182791
    3599    2.183516
    3600    2.183516
    3601    2.184239
    3602    2.184239
    3603    2.184965
    3604    2.184965
    3605    2.185698
    3606    2.185698
    3607    2.186444
    3608    2.186444
    3609    2.187212
    3610    2.187212
    3611    2.188012
    3612    2.188012
    3613    2.188853
    3614    2.188853
    3615    2.189739
    3616    2.189739
    3617    2.190669
    3618    2.190669
    3619    2.191643
    3620    2.191643
    3621    2.192659
    3622    2.192659
    3623    2.193718
    3624    2.193718
    3625    2.194815
    3626    2.194815
    3627    2.195940
    3628    2.195940
    3629    2.197091
    3630    2.197091
    3631    2.198274
    3632    2.198274
    3633    2.199493
    3634    2.199493
    3635    2.200752
    3636    2.200752
    3637    2.202057
    3638    2.202057
    3639    2.203417
    3640    2.203417
    3641    2.204841
    3642    2.204841
    3643    2.206329
    3644    2.206329
    3645    2.207882
    3646    2.207882
    3647    2.209508
    3648    2.209508
    3649    2.211215
    3650    2.211215
    3651    2.213015
    3652    2.213015
    3653    2.214934
    3654    2.214934
    3655    2.217003
    3656    2.217003
    3657    2.219215
    3658    2.219215
    3659    2.221524
    3660    2.221524
    3661    2.223896
    3662    2.223896
    3663    2.226329
    3664    2.226329
    3665    2.228836
    3666    2.228836
    3667    2.231425
    3668    2.231425
    3669    2.234097
    3670    2.234097
    3671    2.236875
    3672    2.236875
    3673    2.239804
    3674    2.239804
    3675    2.242944
    3676    2.242944
    3677    2.246396
    3678    2.246396
    3679    2.250398
    3680    2.250398
    3681    2.255494
    3682    2.255494
    3683    2.262987
    3684    2.262987
    3685    2.274045
    3686    2.274045
    3687    2.288609
    3688    2.288609
    3689    2.305634
    3690    2.305634
    3691    2.323961
    3692    2.323961
    3693    2.343121
    3694    2.343121
    3695    2.362960
    3696    2.362960
    3697    2.383373
    3698    2.383373
    3699    2.404340
    3700    2.404340
    3701    2.425840
    3702    2.425840
    3703    2.447868
    3704    2.447868
    3705    2.470431
    3706    2.470431
    3707    2.493510
    3708    2.493510
    3709    2.517082
    3710    2.517082
    3711    2.541127
    3712    2.541127
    3713    2.565616
    3714    2.565616
    3715    2.590495
    3716    2.590495
    3717    2.615711
    3718    2.615711
    3719    2.641212
    3720    2.641212
    3721    2.666943
    3722    2.666943
    3723    2.692821
    3724    2.692821
    3725    2.718773
    3726    2.718773
    3727    2.744721
    3728    2.744721
    3729    2.770545
    3730    2.770545
    3731    2.796078
    3732    2.796078
    3733    2.821174
    3734    2.821174
    3735    2.845583
    3736    2.845583
    3737    2.868939
    3738    2.868939
    3739    2.890782
    3740    2.890782
    3741    2.910654
    3742    2.910654
    3743    2.927874
    3744    2.927874
    3745    2.941387
    3746    2.941387
    3747    2.949483
    3748    2.949483
    3749    2.949657
    3750    2.949657
    3751    2.937983
    3752    2.937983
    3753    2.908028
    3754    2.908028
    3755    2.849763
    3756    2.849763
    3757    2.752299
    3758    2.752299
    3759    2.610589
    3760    2.610589
    3761    2.469199
    3762    2.469199
    3763    3.991345
    3764    3.991345
    3765    3.992694
    3766    3.992694
    3767    3.994396
    3768    3.994396
    3769    3.995411
    3770    3.995411
    3771    3.996846
    3772    3.996846
    3773    3.998831
    3774    3.998831
    3775    4.000460
    3776    4.000460
    3777    4.001810
    3778    4.001810
    3779    4.002979
    3780    4.002979
    3781    4.004047
    3782    4.004047
    3783    4.005074
    3784    4.005074
    3785    4.006102
    3786    4.006102
    3787    4.007155
    3788    4.007155
    3789    4.008223
    3790    4.008223
    3791    4.009307
    3792    4.009307
    3793    4.010439
    3794    4.010439
    3795    4.011623
    3796    4.011623
    3797    4.012820
    3798    4.012820
    3799    4.014008
    3800    4.014008
    3801    4.015197
    3802    4.015197
    3803    4.016401
    3804    4.016401
    3805    4.017626
    3806    4.017626
    3807    4.018887
    3808    4.018887
    3809    4.020197
    3810    4.020197
    3811    4.021574
    3812    4.021574
    3813    4.023030
    3814    4.023030
    3815    4.024563
    3816    4.024563
    3817    4.026167
    3818    4.026167
    3819    4.027842
    3820    4.027842
    3821    4.029592
    3822    4.029592
    3823    4.031407
    3824    4.031407
    3825    4.033267
    3826    4.033267
    3827    4.035166
    3828    4.035166
    3829    4.037118
    3830    4.037118
    3831    4.039130
    3832    4.039130
    3833    4.041206
    3834    4.041206
    3835    4.043354
    3836    4.043354
    3837    4.045589
    3838    4.045589
    3839    4.047928
    3840    4.047928
    3841    4.050375
    3842    4.050375
    3843    4.052929
    3844    4.052929
    3845    4.055609
    3846    4.055609
    3847    4.058423
    3848    4.058423
    3849    4.061391
    3850    4.061391
    3851    4.064557
    3852    4.064557
    3853    4.067970
    3854    4.067970
    3855    4.071624
    3856    4.071624
    3857    4.075438
    3858    4.075438
    3859    4.079346
    3860    4.079346
    3861    4.083345
    3862    4.083345
    3863    4.087464
    3864    4.087464
    3865    4.091715
    3866    4.091715
    3867    4.096103
    3868    4.096103
    3869    4.100663
    3870    4.100663
    3871    4.105460
    3872    4.105460
    3873    4.110582
    3874    4.110582
    3875    4.116175
    3876    4.116175
    3877    4.122606
    3878    4.122606
    3879    4.130786
    3880    4.130786
    3881    4.143093
    3882    4.143093
    3883    4.161664
    3884    4.161664
    3885    4.186315
    3886    4.186315
    3887    4.214877
    3888    4.214877
    3889    4.245287
    3890    4.245287
    3891    4.277120
    3892    4.277120
    3893    4.310132
    3894    4.310132
    3895    4.344028
    3896    4.344028
    3897    4.378817
    3898    4.378817
    3899    4.414492
    3900    4.414492
    3901    4.451050
    3902    4.451050
    3903    4.488496
    3904    4.488496
    3905    4.526794
    3906    4.526794
    3907    4.565906
    3908    4.565906
    3909    4.605800
    3910    4.605800
    3911    4.646433
    3912    4.646433
    3913    4.687716
    3914    4.687716
    3915    4.729563
    3916    4.729563
    3917    4.771896
    3918    4.771896
    3919    4.814624
    3920    4.814624
    3921    4.857601
    3922    4.857601
    3923    4.900717
    3924    4.900717
    3925    4.943863
    3926    4.943863
    3927    4.986821
    3928    4.986821
    3929    5.029301
    3930    5.029301
    3931    5.071119
    3932    5.071119
    3933    5.111853
    3934    5.111853
    3935    5.150864
    3936    5.150864
    3937    5.187401
    3938    5.187401
    3939    5.220765
    3940    5.220765
    3941    5.249876
    3942    5.249876
    3943    5.273070
    3944    5.273070
    3945    5.287574
    3946    5.287574
    3947    5.289397
    3948    5.289397
    3949    5.272167
    3950    5.272167
    3951    5.225323
    3952    5.225323
    3953    5.131403
    3954    5.131403
    3955    4.968619
    3956    4.968619
    3957    4.721202
    3958    4.721202
    3959    4.468190
    3960    4.468190
