       1   -0.043516
       2   -0.043516
       3   -0.043170
       4   -0.043170
       5   -0.042748
       6   -0.042748
       7   -0.042649
       8   -0.042649
       9   -0.042726
      10   -0.042726
      11   -0.042750
      12   -0.042750
      13   -0.042737
      14   -0.042737
      15   -0.042719
      16   -0.042719
      17   -0.042706
      18   -0.042706
      19   -0.042687
      20   -0.042687
      21   -0.042663
      22   -0.042663
      23   -0.042635
      24   -0.042635
      25   -0.042598
      26   -0.042598
      27   -0.042555
      28   -0.042555
      29   -0.042506
      30   -0.042506
      31   -0.042450
      32   -0.042450
      33   -0.042390
      34   -0.042390
      35   -0.042326
      36   -0.042326
      37   -0.042258
      38   -0.042258
      39   -0.042186
      40   -0.042186
      41   -0.042113
      42   -0.042113
      43   -0.042042
      44   -0.042042
      45   -0.041969
      46   -0.041969
      47   -0.041892
      48   -0.041892
      49   -0.041813
      50   -0.041813
      51   -0.041730
      52   -0.041730
      53   -0.041641
      54   -0.041641
      55   -0.041547
      56   -0.041547
      57   -0.041449
      58   -0.041449
      59   -0.041350
      60   -0.041350
      61   -0.041248
      62   -0.041248
      63   -0.041143
      64   -0.041143
      65   -0.041035
      66   -0.041035
      67   -0.040926
      68   -0.040926
      69   -0.040816
      70   -0.040816
      71   -0.040703
      72   -0.040703
      73   -0.040580
      74   -0.040580
      75   -0.040442
      76   -0.040442
      77   -0.040291
      78   -0.040291
      79   -0.040135
      80   -0.040135
      81   -0.039977
      82   -0.039977
      83   -0.039818
      84   -0.039818
      85   -0.039651
      86   -0.039651
      87   -0.039470
      88   -0.039470
      89   -0.039284
      90   -0.039284
      91   -0.039085
      92   -0.039085
      93   -0.038865
      94   -0.038865
      95   -0.038644
      96   -0.038644
      97   -0.038410
      98   -0.038410
      99   -0.038138
     100   -0.038138
     101   -0.037844
     102   -0.037844
     103   -0.037534
     104   -0.037534
     105   -0.037184
     106   -0.037184
     107   -0.036782
     108   -0.036782
     109   -0.036322
     110   -0.036322
     111   -0.035780
     112   -0.035780
     113   -0.035154
     114   -0.035154
     115   -0.034440
     116   -0.034440
     117   -0.033646
     118   -0.033646
     119   -0.033075
     120   -0.033075
     121   -0.032986
     122   -0.032986
     123   -0.033167
     124   -0.033167
     125   -0.033380
     126   -0.033380
     127   -0.033549
     128   -0.033549
     129   -0.033643
     130   -0.033643
     131   -0.033658
     132   -0.033658
     133   -0.033614
     134   -0.033614
     135   -0.033539
     136   -0.033539
     137   -0.033424
     138   -0.033424
     139   -0.033283
     140   -0.033283
     141   -0.033118
     142   -0.033118
     143   -0.032925
     144   -0.032925
     145   -0.032715
     146   -0.032715
     147   -0.032496
     148   -0.032496
     149   -0.032229
     150   -0.032229
     151   -0.031910
     152   -0.031910
     153   -0.031573
     154   -0.031573
     155   -0.031194
     156   -0.031194
     157   -0.030755
     158   -0.030755
     159   -0.030264
     160   -0.030264
     161   -0.029734
     162   -0.029734
     163   -0.029190
     164   -0.029190
     165   -0.028539
     166   -0.028539
     167   -0.027722
     168   -0.027722
     169   -0.026797
     170   -0.026797
     171   -0.025785
     172   -0.025785
     173   -0.024619
     174   -0.024619
     175   -0.023245
     176   -0.023245
     177   -0.021672
     178   -0.021672
     179   -0.019822
     180   -0.019822
     181   -0.017484
     182   -0.017484
     183   -0.014618
     184   -0.014618
     185   -0.011228
     186   -0.011228
     187   -0.007541
     188   -0.007541
     189   -0.003136
     190   -0.003136
     191    0.002682
     192    0.002682
     193    0.012371
     194    0.012371
     195    0.028829
     196    0.028829
     197    0.044901
     198    0.044901
     199   -0.124007
     200   -0.124007
     201   -0.123358
     202   -0.123358
     203   -0.122648
     204   -0.122648
     205   -0.122556
     206   -0.122556
     207   -0.122712
     208   -0.122712
     209   -0.122743
     210   -0.122743
     211   -0.122708
     212   -0.122708
     213   -0.122662
     214   -0.122662
     215   -0.122622
     216   -0.122622
     217   -0.122567
     218   -0.122567
     219   -0.122496
     220   -0.122496
     221   -0.122414
     222   -0.122414
     223   -0.122313
     224   -0.122313
     225   -0.122195
     226   -0.122195
     227   -0.122060
     228   -0.122060
     229   -0.121905
     230   -0.121905
     231   -0.121737
     232   -0.121737
     233   -0.121557
     234   -0.121557
     235   -0.121365
     236   -0.121365
     237   -0.121164
     238   -0.121164
     239   -0.120958
     240   -0.120958
     241   -0.120752
     242   -0.120752
     243   -0.120543
     244   -0.120543
     245   -0.120326
     246   -0.120326
     247   -0.120104
     248   -0.120104
     249   -0.119873
     250   -0.119873
     251   -0.119622
     252   -0.119622
     253   -0.119359
     254   -0.119359
     255   -0.119087
     256   -0.119087
     257   -0.118808
     258   -0.118808
     259   -0.118523
     260   -0.118523
     261   -0.118228
     262   -0.118228
     263   -0.117926
     264   -0.117926
     265   -0.117620
     266   -0.117620
     267   -0.117311
     268   -0.117311
     269   -0.116998
     270   -0.116998
     271   -0.116660
     272   -0.116660
     273   -0.116273
     274   -0.116273
     275   -0.115850
     276   -0.115850
     277   -0.115412
     278   -0.115412
     279   -0.114962
     280   -0.114962
     281   -0.114510
     282   -0.114510
     283   -0.114043
     284   -0.114043
     285   -0.113539
     286   -0.113539
     287   -0.113024
     288   -0.113024
     289   -0.112478
     290   -0.112478
     291   -0.111876
     292   -0.111876
     293   -0.111255
     294   -0.111255
     295   -0.110589
     296   -0.110589
     297   -0.109830
     298   -0.109830
     299   -0.109020
     300   -0.109020
     301   -0.108161
     302   -0.108161
     303   -0.107191
     304   -0.107191
     305   -0.106083
     306   -0.106083
     307   -0.104818
     308   -0.104818
     309   -0.103340
     310   -0.103340
     311   -0.101646
     312   -0.101646
     313   -0.099708
     314   -0.099708
     315   -0.097556
     316   -0.097556
     317   -0.096015
     318   -0.096015
     319   -0.095764
     320   -0.095764
     321   -0.096253
     322   -0.096253
     323   -0.096856
     324   -0.096856
     325   -0.097339
     326   -0.097339
     327   -0.097615
     328   -0.097615
     329   -0.097678
     330   -0.097678
     331   -0.097598
     332   -0.097598
     333   -0.097432
     334   -0.097432
     335   -0.097154
     336   -0.097154
     337   -0.096796
     338   -0.096796
     339   -0.096367
     340   -0.096367
     341   -0.095856
     342   -0.095856
     343   -0.095291
     344   -0.095291
     345   -0.094685
     346   -0.094685
     347   -0.093943
     348   -0.093943
     349   -0.093077
     350   -0.093077
     351   -0.092166
     352   -0.092166
     353   -0.091138
     354   -0.091138
     355   -0.089940
     356   -0.089940
     357   -0.088581
     358   -0.088581
     359   -0.087114
     360   -0.087114
     361   -0.085592
     362   -0.085592
     363   -0.083804
     364   -0.083804
     365   -0.081625
     366   -0.081625
     367   -0.079171
     368   -0.079171
     369   -0.076481
     370   -0.076481
     371   -0.073382
     372   -0.073382
     373   -0.069708
     374   -0.069708
     375   -0.065502
     376   -0.065502
     377   -0.060579
     378   -0.060579
     379   -0.054453
     380   -0.054453
     381   -0.047098
     382   -0.047098
     383   -0.038625
     384   -0.038625
     385   -0.029729
     386   -0.029729
     387   -0.019620
     388   -0.019620
     389   -0.006410
     390   -0.006410
     391    0.014906
     392    0.014906
     393    0.049297
     394    0.049297
     395    0.082057
     396    0.082057
     397   -0.193749
     398   -0.193749
     399   -0.193229
     400   -0.193229
     401   -0.192800
     402   -0.192800
     403   -0.192915
     404   -0.192915
     405   -0.193105
     406   -0.193105
     407   -0.193123
     408   -0.193123
     409   -0.193082
     410   -0.193082
     411   -0.193021
     412   -0.193021
     413   -0.192956
     414   -0.192956
     415   -0.192865
     416   -0.192865
     417   -0.192748
     418   -0.192748
     419   -0.192614
     420   -0.192614
     421   -0.192458
     422   -0.192458
     423   -0.192279
     424   -0.192279
     425   -0.192076
     426   -0.192076
     427   -0.191846
     428   -0.191846
     429   -0.191590
     430   -0.191590
     431   -0.191313
     432   -0.191313
     433   -0.191019
     434   -0.191019
     435   -0.190711
     436   -0.190711
     437   -0.190393
     438   -0.190393
     439   -0.190070
     440   -0.190070
     441   -0.189743
     442   -0.189743
     443   -0.189410
     444   -0.189410
     445   -0.189071
     446   -0.189071
     447   -0.188715
     448   -0.188715
     449   -0.188333
     450   -0.188333
     451   -0.187931
     452   -0.187931
     453   -0.187517
     454   -0.187517
     455   -0.187092
     456   -0.187092
     457   -0.186656
     458   -0.186656
     459   -0.186206
     460   -0.186206
     461   -0.185746
     462   -0.185746
     463   -0.185280
     464   -0.185280
     465   -0.184812
     466   -0.184812
     467   -0.184344
     468   -0.184344
     469   -0.183842
     470   -0.183842
     471   -0.183258
     472   -0.183258
     473   -0.182609
     474   -0.182609
     475   -0.181933
     476   -0.181933
     477   -0.181239
     478   -0.181239
     479   -0.180543
     480   -0.180543
     481   -0.179830
     482   -0.179830
     483   -0.179077
     484   -0.179077
     485   -0.178303
     486   -0.178303
     487   -0.177489
     488   -0.177489
     489   -0.176598
     490   -0.176598
     491   -0.175649
     492   -0.175649
     493   -0.174622
     494   -0.174622
     495   -0.173487
     496   -0.173487
     497   -0.172280
     498   -0.172280
     499   -0.170979
     500   -0.170979
     501   -0.169515
     502   -0.169515
     503   -0.167861
     504   -0.167861
     505   -0.165989
     506   -0.165989
     507   -0.163848
     508   -0.163848
     509   -0.161425
     510   -0.161425
     511   -0.158671
     512   -0.158671
     513   -0.155705
     514   -0.155705
     515   -0.153559
     516   -0.153559
     517   -0.153094
     518   -0.153094
     519   -0.153731
     520   -0.153731
     521   -0.154610
     522   -0.154610
     523   -0.155330
     524   -0.155330
     525   -0.155749
     526   -0.155749
     527   -0.155864
     528   -0.155864
     529   -0.155785
     530   -0.155785
     531   -0.155574
     532   -0.155574
     533   -0.155208
     534   -0.155208
     535   -0.154712
     536   -0.154712
     537   -0.154098
     538   -0.154098
     539   -0.153361
     540   -0.153361
     541   -0.152514
     542   -0.152514
     543   -0.151559
     544   -0.151559
     545   -0.150420
     546   -0.150420
     547   -0.149133
     548   -0.149133
     549   -0.147761
     550   -0.147761
     551   -0.146201
     552   -0.146201
     553   -0.144386
     554   -0.144386
     555   -0.142310
     556   -0.142310
     557   -0.140039
     558   -0.140039
     559   -0.137634
     560   -0.137634
     561   -0.134916
     562   -0.134916
     563   -0.131768
     564   -0.131768
     565   -0.128217
     566   -0.128217
     567   -0.124313
     568   -0.124313
     569   -0.119829
     570   -0.119829
     571   -0.114502
     572   -0.114502
     573   -0.108411
     574   -0.108411
     575   -0.101331
     576   -0.101331
     577   -0.092822
     578   -0.092822
     579   -0.083000
     580   -0.083000
     581   -0.072290
     582   -0.072290
     583   -0.061650
     584   -0.061650
     585   -0.050124
     586   -0.050124
     587   -0.033630
     588   -0.033630
     589   -0.008782
     590   -0.008782
     591    0.023325
     592    0.023325
     593    0.051205
     594    0.051205
     595   -0.258855
     596   -0.258855
     597   -0.258332
     598   -0.258332
     599   -0.257932
     600   -0.257932
     601   -0.258094
     602   -0.258094
     603   -0.258329
     604   -0.258329
     605   -0.258385
     606   -0.258385
     607   -0.258362
     608   -0.258362
     609   -0.258290
     610   -0.258290
     611   -0.258194
     612   -0.258194
     613   -0.258064
     614   -0.258064
     615   -0.257899
     616   -0.257899
     617   -0.257707
     618   -0.257707
     619   -0.257488
     620   -0.257488
     621   -0.257244
     622   -0.257244
     623   -0.256973
     624   -0.256973
     625   -0.256674
     626   -0.256674
     627   -0.256342
     628   -0.256342
     629   -0.255980
     630   -0.255980
     631   -0.255595
     632   -0.255595
     633   -0.255190
     634   -0.255190
     635   -0.254771
     636   -0.254771
     637   -0.254342
     638   -0.254342
     639   -0.253909
     640   -0.253909
     641   -0.253470
     642   -0.253470
     643   -0.253021
     644   -0.253021
     645   -0.252551
     646   -0.252551
     647   -0.252053
     648   -0.252053
     649   -0.251532
     650   -0.251532
     651   -0.250993
     652   -0.250993
     653   -0.250440
     654   -0.250440
     655   -0.249870
     656   -0.249870
     657   -0.249283
     658   -0.249283
     659   -0.248683
     660   -0.248683
     661   -0.248075
     662   -0.248075
     663   -0.247464
     664   -0.247464
     665   -0.246857
     666   -0.246857
     667   -0.246214
     668   -0.246214
     669   -0.245468
     670   -0.245468
     671   -0.244628
     672   -0.244628
     673   -0.243746
     674   -0.243746
     675   -0.242852
     676   -0.242852
     677   -0.241952
     678   -0.241952
     679   -0.241028
     680   -0.241028
     681   -0.240066
     682   -0.240066
     683   -0.239067
     684   -0.239067
     685   -0.238014
     686   -0.238014
     687   -0.236876
     688   -0.236876
     689   -0.235647
     690   -0.235647
     691   -0.234323
     692   -0.234323
     693   -0.232894
     694   -0.232894
     695   -0.231353
     696   -0.231353
     697   -0.229662
     698   -0.229662
     699   -0.227770
     700   -0.227770
     701   -0.225663
     702   -0.225663
     703   -0.223320
     704   -0.223320
     705   -0.220703
     706   -0.220703
     707   -0.217776
     708   -0.217776
     709   -0.214538
     710   -0.214538
     711   -0.211254
     712   -0.211254
     713   -0.208821
     714   -0.208821
     715   -0.208080
     716   -0.208080
     717   -0.208665
     718   -0.208665
     719   -0.209629
     720   -0.209629
     721   -0.210457
     722   -0.210457
     723   -0.210956
     724   -0.210956
     725   -0.211106
     726   -0.211106
     727   -0.211014
     728   -0.211014
     729   -0.210730
     730   -0.210730
     731   -0.210254
     732   -0.210254
     733   -0.209604
     734   -0.209604
     735   -0.208802
     736   -0.208802
     737   -0.207846
     738   -0.207846
     739   -0.206714
     740   -0.206714
     741   -0.205392
     742   -0.205392
     743   -0.203873
     744   -0.203873
     745   -0.202181
     746   -0.202181
     747   -0.200315
     748   -0.200315
     749   -0.198178
     750   -0.198178
     751   -0.195729
     752   -0.195729
     753   -0.192948
     754   -0.192948
     755   -0.189876
     756   -0.189876
     757   -0.186554
     758   -0.186554
     759   -0.182928
     760   -0.182928
     761   -0.178892
     762   -0.178892
     763   -0.174328
     764   -0.174328
     765   -0.169314
     766   -0.169314
     767   -0.163603
     768   -0.163603
     769   -0.156913
     770   -0.156913
     771   -0.149335
     772   -0.149335
     773   -0.140647
     774   -0.140647
     775   -0.130690
     776   -0.130690
     777   -0.119671
     778   -0.119671
     779   -0.108549
     780   -0.108549
     781   -0.098147
     782   -0.098147
     783   -0.086756
     784   -0.086756
     785   -0.067845
     786   -0.067845
     787   -0.041071
     788   -0.041071
     789   -0.015494
     790   -0.015494
     791    0.003779
     792    0.003779
     793   -0.325692
     794   -0.325692
     795   -0.324929
     796   -0.324929
     797   -0.324203
     798   -0.324203
     799   -0.324285
     800   -0.324285
     801   -0.324644
     802   -0.324644
     803   -0.324799
     804   -0.324799
     805   -0.324797
     806   -0.324797
     807   -0.324699
     808   -0.324699
     809   -0.324549
     810   -0.324549
     811   -0.324359
     812   -0.324359
     813   -0.324134
     814   -0.324134
     815   -0.323873
     816   -0.323873
     817   -0.323580
     818   -0.323580
     819   -0.323256
     820   -0.323256
     821   -0.322903
     822   -0.322903
     823   -0.322526
     824   -0.322526
     825   -0.322116
     826   -0.322116
     827   -0.321673
     828   -0.321673
     829   -0.321197
     830   -0.321197
     831   -0.320694
     832   -0.320694
     833   -0.320172
     834   -0.320172
     835   -0.319639
     836   -0.319639
     837   -0.319100
     838   -0.319100
     839   -0.318555
     840   -0.318555
     841   -0.317993
     842   -0.317993
     843   -0.317409
     844   -0.317409
     845   -0.316800
     846   -0.316800
     847   -0.316165
     848   -0.316165
     849   -0.315506
     850   -0.315506
     851   -0.314826
     852   -0.314826
     853   -0.314125
     854   -0.314125
     855   -0.313403
     856   -0.313403
     857   -0.312663
     858   -0.312663
     859   -0.311912
     860   -0.311912
     861   -0.311152
     862   -0.311152
     863   -0.310388
     864   -0.310388
     865   -0.309583
     866   -0.309583
     867   -0.308682
     868   -0.308682
     869   -0.307685
     870   -0.307685
     871   -0.306635
     872   -0.306635
     873   -0.305568
     874   -0.305568
     875   -0.304480
     876   -0.304480
     877   -0.303357
     878   -0.303357
     879   -0.302191
     880   -0.302191
     881   -0.300966
     882   -0.300966
     883   -0.299669
     884   -0.299669
     885   -0.298284
     886   -0.298284
     887   -0.296796
     888   -0.296796
     889   -0.295211
     890   -0.295211
     891   -0.293512
     892   -0.293512
     893   -0.291661
     894   -0.291661
     895   -0.289615
     896   -0.289615
     897   -0.287351
     898   -0.287351
     899   -0.284865
     900   -0.284865
     901   -0.282139
     902   -0.282139
     903   -0.279136
     904   -0.279136
     905   -0.275817
     906   -0.275817
     907   -0.272256
     908   -0.272256
     909   -0.268798
     910   -0.268798
     911   -0.266196
     912   -0.266196
     913   -0.265208
     914   -0.265208
     915   -0.265592
     916   -0.265592
     917   -0.266436
     918   -0.266436
     919   -0.267222
     920   -0.267222
     921   -0.267739
     922   -0.267739
     923   -0.267912
     924   -0.267912
     925   -0.267804
     926   -0.267804
     927   -0.267428
     928   -0.267428
     929   -0.266796
     930   -0.266796
     931   -0.265969
     932   -0.265969
     933   -0.264968
     934   -0.264968
     935   -0.263771
     936   -0.263771
     937   -0.262354
     938   -0.262354
     939   -0.260693
     940   -0.260693
     941   -0.258805
     942   -0.258805
     943   -0.256699
     944   -0.256699
     945   -0.254319
     946   -0.254319
     947   -0.251577
     948   -0.251577
     949   -0.248471
     950   -0.248471
     951   -0.245017
     952   -0.245017
     953   -0.241199
     954   -0.241199
     955   -0.237006
     956   -0.237006
     957   -0.232457
     958   -0.232457
     959   -0.227451
     960   -0.227451
     961   -0.221835
     962   -0.221835
     963   -0.215683
     964   -0.215683
     965   -0.208805
     966   -0.208805
     967   -0.200968
     968   -0.200968
     969   -0.192177
     970   -0.192177
     971   -0.182263
     972   -0.182263
     973   -0.171179
     974   -0.171179
     975   -0.159002
     976   -0.159002
     977   -0.147854
     978   -0.147854
     979   -0.137898
     980   -0.137898
     981   -0.125313
     982   -0.125313
     983   -0.105240
     984   -0.105240
     985   -0.079421
     986   -0.079421
     987   -0.056861
     988   -0.056861
     989   -0.040386
     990   -0.040386
     991   -0.398986
     992   -0.398986
     993   -0.398206
     994   -0.398206
     995   -0.397443
     996   -0.397443
     997   -0.397472
     998   -0.397472
     999   -0.397730
    1000   -0.397730
    1001   -0.397751
    1002   -0.397751
    1003   -0.397633
    1004   -0.397633
    1005   -0.397435
    1006   -0.397435
    1007   -0.397192
    1008   -0.397192
    1009   -0.396915
    1010   -0.396915
    1011   -0.396609
    1012   -0.396609
    1013   -0.396266
    1014   -0.396266
    1015   -0.395887
    1016   -0.395887
    1017   -0.395473
    1018   -0.395473
    1019   -0.395026
    1020   -0.395026
    1021   -0.394552
    1022   -0.394552
    1023   -0.394049
    1024   -0.394049
    1025   -0.393512
    1026   -0.393512
    1027   -0.392936
    1028   -0.392936
    1029   -0.392326
    1030   -0.392326
    1031   -0.391695
    1032   -0.391695
    1033   -0.391053
    1034   -0.391053
    1035   -0.390406
    1036   -0.390406
    1037   -0.389749
    1038   -0.389749
    1039   -0.389074
    1040   -0.389074
    1041   -0.388379
    1042   -0.388379
    1043   -0.387658
    1044   -0.387658
    1045   -0.386905
    1046   -0.386905
    1047   -0.386122
    1048   -0.386122
    1049   -0.385311
    1050   -0.385311
    1051   -0.384472
    1052   -0.384472
    1053   -0.383604
    1054   -0.383604
    1055   -0.382714
    1056   -0.382714
    1057   -0.381809
    1058   -0.381809
    1059   -0.380890
    1060   -0.380890
    1061   -0.379950
    1062   -0.379950
    1063   -0.378964
    1064   -0.378964
    1065   -0.377901
    1066   -0.377901
    1067   -0.376760
    1068   -0.376760
    1069   -0.375561
    1070   -0.375561
    1071   -0.374323
    1072   -0.374323
    1073   -0.373040
    1074   -0.373040
    1075   -0.371709
    1076   -0.371709
    1077   -0.370324
    1078   -0.370324
    1079   -0.368860
    1080   -0.368860
    1081   -0.367310
    1082   -0.367310
    1083   -0.365673
    1084   -0.365673
    1085   -0.363933
    1086   -0.363933
    1087   -0.362087
    1088   -0.362087
    1089   -0.360112
    1090   -0.360112
    1091   -0.357968
    1092   -0.357968
    1093   -0.355623
    1094   -0.355623
    1095   -0.353069
    1096   -0.353069
    1097   -0.350282
    1098   -0.350282
    1099   -0.347234
    1100   -0.347234
    1101   -0.343891
    1102   -0.343891
    1103   -0.340230
    1104   -0.340230
    1105   -0.336371
    1106   -0.336371
    1107   -0.332638
    1108   -0.332638
    1109   -0.329708
    1110   -0.329708
    1111   -0.328329
    1112   -0.328329
    1113   -0.328367
    1114   -0.328367
    1115   -0.328975
    1116   -0.328975
    1117   -0.329589
    1118   -0.329589
    1119   -0.329989
    1120   -0.329989
    1121   -0.330074
    1122   -0.330074
    1123   -0.329885
    1124   -0.329885
    1125   -0.329442
    1126   -0.329442
    1127   -0.328734
    1128   -0.328734
    1129   -0.327800
    1130   -0.327800
    1131   -0.326633
    1132   -0.326633
    1133   -0.325209
    1134   -0.325209
    1135   -0.323547
    1136   -0.323547
    1137   -0.321631
    1138   -0.321631
    1139   -0.319452
    1140   -0.319452
    1141   -0.316996
    1142   -0.316996
    1143   -0.314193
    1144   -0.314193
    1145   -0.310972
    1146   -0.310972
    1147   -0.307344
    1148   -0.307344
    1149   -0.303339
    1150   -0.303339
    1151   -0.298883
    1152   -0.298883
    1153   -0.293930
    1154   -0.293930
    1155   -0.288510
    1156   -0.288510
    1157   -0.282519
    1158   -0.282519
    1159   -0.275864
    1160   -0.275864
    1161   -0.268605
    1162   -0.268605
    1163   -0.260639
    1164   -0.260639
    1165   -0.251773
    1166   -0.251773
    1167   -0.241889
    1168   -0.241889
    1169   -0.230807
    1170   -0.230807
    1171   -0.218333
    1172   -0.218333
    1173   -0.204239
    1174   -0.204239
    1175   -0.191733
    1176   -0.191733
    1177   -0.180346
    1178   -0.180346
    1179   -0.164073
    1180   -0.164073
    1181   -0.142611
    1182   -0.142611
    1183   -0.118475
    1184   -0.118475
    1185   -0.094733
    1186   -0.094733
    1187   -0.076145
    1188   -0.076145
    1189   -0.482633
    1190   -0.482633
    1191   -0.482145
    1192   -0.482145
    1193   -0.481687
    1194   -0.481687
    1195   -0.481540
    1196   -0.481540
    1197   -0.481310
    1198   -0.481310
    1199   -0.480930
    1200   -0.480930
    1201   -0.480566
    1202   -0.480566
    1203   -0.480192
    1204   -0.480192
    1205   -0.479803
    1206   -0.479803
    1207   -0.479401
    1208   -0.479401
    1209   -0.478986
    1210   -0.478986
    1211   -0.478540
    1212   -0.478540
    1213   -0.478055
    1214   -0.478055
    1215   -0.477534
    1216   -0.477534
    1217   -0.476979
    1218   -0.476979
    1219   -0.476390
    1220   -0.476390
    1221   -0.475771
    1222   -0.475771
    1223   -0.475117
    1224   -0.475117
    1225   -0.474421
    1226   -0.474421
    1227   -0.473685
    1228   -0.473685
    1229   -0.472924
    1230   -0.472924
    1231   -0.472165
    1232   -0.472165
    1233   -0.471411
    1234   -0.471411
    1235   -0.470643
    1236   -0.470643
    1237   -0.469852
    1238   -0.469852
    1239   -0.469041
    1240   -0.469041
    1241   -0.468201
    1242   -0.468201
    1243   -0.467323
    1244   -0.467323
    1245   -0.466408
    1246   -0.466408
    1247   -0.465455
    1248   -0.465455
    1249   -0.464463
    1250   -0.464463
    1251   -0.463430
    1252   -0.463430
    1253   -0.462368
    1254   -0.462368
    1255   -0.461297
    1256   -0.461297
    1257   -0.460215
    1258   -0.460215
    1259   -0.459101
    1260   -0.459101
    1261   -0.457936
    1262   -0.457936
    1263   -0.456712
    1264   -0.456712
    1265   -0.455423
    1266   -0.455423
    1267   -0.454064
    1268   -0.454064
    1269   -0.452634
    1270   -0.452634
    1271   -0.451137
    1272   -0.451137
    1273   -0.449581
    1274   -0.449581
    1275   -0.447958
    1276   -0.447958
    1277   -0.446245
    1278   -0.446245
    1279   -0.444440
    1280   -0.444440
    1281   -0.442551
    1282   -0.442551
    1283   -0.440560
    1284   -0.440560
    1285   -0.438447
    1286   -0.438447
    1287   -0.436195
    1288   -0.436195
    1289   -0.433778
    1290   -0.433778
    1291   -0.431175
    1292   -0.431175
    1293   -0.428374
    1294   -0.428374
    1295   -0.425326
    1296   -0.425326
    1297   -0.421993
    1298   -0.421993
    1299   -0.418341
    1300   -0.418341
    1301   -0.414378
    1302   -0.414378
    1303   -0.410244
    1304   -0.410244
    1305   -0.406187
    1306   -0.406187
    1307   -0.402768
    1308   -0.402768
    1309   -0.400827
    1310   -0.400827
    1311   -0.400472
    1312   -0.400472
    1313   -0.400856
    1314   -0.400856
    1315   -0.401248
    1316   -0.401248
    1317   -0.401400
    1318   -0.401400
    1319   -0.401261
    1320   -0.401261
    1321   -0.400881
    1322   -0.400881
    1323   -0.400343
    1324   -0.400343
    1325   -0.399604
    1326   -0.399604
    1327   -0.398582
    1328   -0.398582
    1329   -0.397246
    1330   -0.397246
    1331   -0.395608
    1332   -0.395608
    1333   -0.393713
    1334   -0.393713
    1335   -0.391584
    1336   -0.391584
    1337   -0.389174
    1338   -0.389174
    1339   -0.386412
    1340   -0.386412
    1341   -0.383241
    1342   -0.383241
    1343   -0.379648
    1344   -0.379648
    1345   -0.375609
    1346   -0.375609
    1347   -0.371091
    1348   -0.371091
    1349   -0.366034
    1350   -0.366034
    1351   -0.360381
    1352   -0.360381
    1353   -0.354119
    1354   -0.354119
    1355   -0.347174
    1356   -0.347174
    1357   -0.339535
    1358   -0.339535
    1359   -0.331213
    1360   -0.331213
    1361   -0.322127
    1362   -0.322127
    1363   -0.312127
    1364   -0.312127
    1365   -0.301014
    1366   -0.301014
    1367   -0.288554
    1368   -0.288554
    1369   -0.274701
    1370   -0.274701
    1371   -0.258803
    1372   -0.258803
    1373   -0.242692
    1374   -0.242692
    1375   -0.226706
    1376   -0.226706
    1377   -0.206479
    1378   -0.206479
    1379   -0.182993
    1380   -0.182993
    1381   -0.157753
    1382   -0.157753
    1383   -0.130538
    1384   -0.130538
    1385   -0.108417
    1386   -0.108417
    1387   -0.580591
    1388   -0.580591
    1389   -0.580009
    1390   -0.580009
    1391   -0.579208
    1392   -0.579208
    1393   -0.578438
    1394   -0.578438
    1395   -0.577622
    1396   -0.577622
    1397   -0.576806
    1398   -0.576806
    1399   -0.576085
    1400   -0.576085
    1401   -0.575412
    1402   -0.575412
    1403   -0.574768
    1404   -0.574768
    1405   -0.574164
    1406   -0.574164
    1407   -0.573585
    1408   -0.573585
    1409   -0.572998
    1410   -0.572998
    1411   -0.572383
    1412   -0.572383
    1413   -0.571739
    1414   -0.571739
    1415   -0.571062
    1416   -0.571062
    1417   -0.570345
    1418   -0.570345
    1419   -0.569591
    1420   -0.569591
    1421   -0.568799
    1422   -0.568799
    1423   -0.567965
    1424   -0.567965
    1425   -0.567086
    1426   -0.567086
    1427   -0.566178
    1428   -0.566178
    1429   -0.565282
    1430   -0.565282
    1431   -0.564404
    1432   -0.564404
    1433   -0.563510
    1434   -0.563510
    1435   -0.562589
    1436   -0.562589
    1437   -0.561648
    1438   -0.561648
    1439   -0.560675
    1440   -0.560675
    1441   -0.559661
    1442   -0.559661
    1443   -0.558601
    1444   -0.558601
    1445   -0.557492
    1446   -0.557492
    1447   -0.556333
    1448   -0.556333
    1449   -0.555119
    1450   -0.555119
    1451   -0.553868
    1452   -0.553868
    1453   -0.552614
    1454   -0.552614
    1455   -0.551355
    1456   -0.551355
    1457   -0.550060
    1458   -0.550060
    1459   -0.548714
    1460   -0.548714
    1461   -0.547320
    1462   -0.547320
    1463   -0.545867
    1464   -0.545867
    1465   -0.544325
    1466   -0.544325
    1467   -0.542688
    1468   -0.542688
    1469   -0.540976
    1470   -0.540976
    1471   -0.539190
    1472   -0.539190
    1473   -0.537320
    1474   -0.537320
    1475   -0.535356
    1476   -0.535356
    1477   -0.533295
    1478   -0.533295
    1479   -0.531143
    1480   -0.531143
    1481   -0.528886
    1482   -0.528886
    1483   -0.526489
    1484   -0.526489
    1485   -0.523943
    1486   -0.523943
    1487   -0.521238
    1488   -0.521238
    1489   -0.518352
    1490   -0.518352
    1491   -0.515269
    1492   -0.515269
    1493   -0.511952
    1494   -0.511952
    1495   -0.508365
    1496   -0.508365
    1497   -0.504484
    1498   -0.504484
    1499   -0.500347
    1500   -0.500347
    1501   -0.496070
    1502   -0.496070
    1503   -0.491857
    1504   -0.491857
    1505   -0.488236
    1506   -0.488236
    1507   -0.486113
    1508   -0.486113
    1509   -0.485651
    1510   -0.485651
    1511   -0.485952
    1512   -0.485952
    1513   -0.486230
    1514   -0.486230
    1515   -0.486248
    1516   -0.486248
    1517   -0.485955
    1518   -0.485955
    1519   -0.485363
    1520   -0.485363
    1521   -0.484585
    1522   -0.484585
    1523   -0.483595
    1524   -0.483595
    1525   -0.482306
    1526   -0.482306
    1527   -0.480720
    1528   -0.480720
    1529   -0.478845
    1530   -0.478845
    1531   -0.476695
    1532   -0.476695
    1533   -0.474309
    1534   -0.474309
    1535   -0.471620
    1536   -0.471620
    1537   -0.468528
    1538   -0.468528
    1539   -0.464981
    1540   -0.464981
    1541   -0.460992
    1542   -0.460992
    1543   -0.456498
    1544   -0.456498
    1545   -0.451413
    1546   -0.451413
    1547   -0.445733
    1548   -0.445733
    1549   -0.439364
    1550   -0.439364
    1551   -0.432255
    1552   -0.432255
    1553   -0.424428
    1554   -0.424428
    1555   -0.415891
    1556   -0.415891
    1557   -0.406515
    1558   -0.406515
    1559   -0.396204
    1560   -0.396204
    1561   -0.384857
    1562   -0.384857
    1563   -0.372175
    1564   -0.372175
    1565   -0.357898
    1566   -0.357898
    1567   -0.342566
    1568   -0.342566
    1569   -0.325185
    1570   -0.325185
    1571   -0.304411
    1572   -0.304411
    1573   -0.282103
    1574   -0.282103
    1575   -0.258128
    1576   -0.258128
    1577   -0.231440
    1578   -0.231440
    1579   -0.201556
    1580   -0.201556
    1581   -0.168856
    1582   -0.168856
    1583   -0.142261
    1584   -0.142261
    1585   -0.698201
    1586   -0.698201
    1587   -0.697004
    1588   -0.697004
    1589   -0.695180
    1590   -0.695180
    1591   -0.693460
    1592   -0.693460
    1593   -0.691954
    1594   -0.691954
    1595   -0.690578
    1596   -0.690578
    1597   -0.689333
    1598   -0.689333
    1599   -0.688208
    1600   -0.688208
    1601   -0.687205
    1602   -0.687205
    1603   -0.686311
    1604   -0.686311
    1605   -0.685491
    1606   -0.685491
    1607   -0.684701
    1608   -0.684701
    1609   -0.683919
    1610   -0.683919
    1611   -0.683131
    1612   -0.683131
    1613   -0.682317
    1614   -0.682317
    1615   -0.681456
    1616   -0.681456
    1617   -0.680547
    1618   -0.680547
    1619   -0.679601
    1620   -0.679601
    1621   -0.678621
    1622   -0.678621
    1623   -0.677593
    1624   -0.677593
    1625   -0.676528
    1626   -0.676528
    1627   -0.675468
    1628   -0.675468
    1629   -0.674419
    1630   -0.674419
    1631   -0.673358
    1632   -0.673358
    1633   -0.672280
    1634   -0.672280
    1635   -0.671189
    1636   -0.671189
    1637   -0.670072
    1638   -0.670072
    1639   -0.668909
    1640   -0.668909
    1641   -0.667688
    1642   -0.667688
    1643   -0.666407
    1644   -0.666407
    1645   -0.665063
    1646   -0.665063
    1647   -0.663661
    1648   -0.663661
    1649   -0.662213
    1650   -0.662213
    1651   -0.660749
    1652   -0.660749
    1653   -0.659269
    1654   -0.659269
    1655   -0.657758
    1656   -0.657758
    1657   -0.656206
    1658   -0.656206
    1659   -0.654608
    1660   -0.654608
    1661   -0.652949
    1662   -0.652949
    1663   -0.651202
    1664   -0.651202
    1665   -0.649358
    1666   -0.649358
    1667   -0.647428
    1668   -0.647428
    1669   -0.645411
    1670   -0.645411
    1671   -0.643299
    1672   -0.643299
    1673   -0.641085
    1674   -0.641085
    1675   -0.638760
    1676   -0.638760
    1677   -0.636316
    1678   -0.636316
    1679   -0.633742
    1680   -0.633742
    1681   -0.631015
    1682   -0.631015
    1683   -0.628125
    1684   -0.628125
    1685   -0.625074
    1686   -0.625074
    1687   -0.621843
    1688   -0.621843
    1689   -0.618415
    1690   -0.618415
    1691   -0.614781
    1692   -0.614781
    1693   -0.610920
    1694   -0.610920
    1695   -0.606836
    1696   -0.606836
    1697   -0.602576
    1698   -0.602576
    1699   -0.598210
    1700   -0.598210
    1701   -0.593948
    1702   -0.593948
    1703   -0.590413
    1704   -0.590413
    1705   -0.588474
    1706   -0.588474
    1707   -0.588117
    1708   -0.588117
    1709   -0.588405
    1710   -0.588405
    1711   -0.588645
    1712   -0.588645
    1713   -0.588650
    1714   -0.588650
    1715   -0.588330
    1716   -0.588330
    1717   -0.587628
    1718   -0.587628
    1719   -0.586617
    1720   -0.586617
    1721   -0.585316
    1722   -0.585316
    1723   -0.583736
    1724   -0.583736
    1725   -0.581905
    1726   -0.581905
    1727   -0.579799
    1728   -0.579799
    1729   -0.577407
    1730   -0.577407
    1731   -0.574731
    1732   -0.574731
    1733   -0.571705
    1734   -0.571705
    1735   -0.568262
    1736   -0.568262
    1737   -0.564352
    1738   -0.564352
    1739   -0.559926
    1740   -0.559926
    1741   -0.554946
    1742   -0.554946
    1743   -0.549354
    1744   -0.549354
    1745   -0.543102
    1746   -0.543102
    1747   -0.536056
    1748   -0.536056
    1749   -0.528172
    1750   -0.528172
    1751   -0.519532
    1752   -0.519532
    1753   -0.510106
    1754   -0.510106
    1755   -0.499647
    1756   -0.499647
    1757   -0.487994
    1758   -0.487994
    1759   -0.475000
    1760   -0.475000
    1761   -0.460361
    1762   -0.460361
    1763   -0.443886
    1764   -0.443886
    1765   -0.426208
    1766   -0.426208
    1767   -0.406332
    1768   -0.406332
    1769   -0.381627
    1770   -0.381627
    1771   -0.353764
    1772   -0.353764
    1773   -0.324343
    1774   -0.324343
    1775   -0.291464
    1776   -0.291464
    1777   -0.253738
    1778   -0.253738
    1779   -0.212657
    1780   -0.212657
    1781   -0.179285
    1782   -0.179285
    1783   -0.843046
    1784   -0.843046
    1785   -0.841290
    1786   -0.841290
    1787   -0.838687
    1788   -0.838687
    1789   -0.836280
    1790   -0.836280
    1791   -0.834152
    1792   -0.834152
    1793   -0.832218
    1794   -0.832218
    1795   -0.830450
    1796   -0.830450
    1797   -0.828857
    1798   -0.828857
    1799   -0.827466
    1800   -0.827466
    1801   -0.826235
    1802   -0.826235
    1803   -0.825107
    1804   -0.825107
    1805   -0.824042
    1806   -0.824042
    1807   -0.823026
    1808   -0.823026
    1809   -0.822035
    1810   -0.822035
    1811   -0.821034
    1812   -0.821034
    1813   -0.819991
    1814   -0.819991
    1815   -0.818895
    1816   -0.818895
    1817   -0.817769
    1818   -0.817769
    1819   -0.816619
    1820   -0.816619
    1821   -0.815424
    1822   -0.815424
    1823   -0.814185
    1824   -0.814185
    1825   -0.812926
    1826   -0.812926
    1827   -0.811659
    1828   -0.811659
    1829   -0.810387
    1830   -0.810387
    1831   -0.809117
    1832   -0.809117
    1833   -0.807849
    1834   -0.807849
    1835   -0.806564
    1836   -0.806564
    1837   -0.805228
    1838   -0.805228
    1839   -0.803824
    1840   -0.803824
    1841   -0.802349
    1842   -0.802349
    1843   -0.800805
    1844   -0.800805
    1845   -0.799200
    1846   -0.799200
    1847   -0.797540
    1848   -0.797540
    1849   -0.795834
    1850   -0.795834
    1851   -0.794088
    1852   -0.794088
    1853   -0.792315
    1854   -0.792315
    1855   -0.790510
    1856   -0.790510
    1857   -0.788657
    1858   -0.788657
    1859   -0.786742
    1860   -0.786742
    1861   -0.784752
    1862   -0.784752
    1863   -0.782669
    1864   -0.782669
    1865   -0.780490
    1866   -0.780490
    1867   -0.778224
    1868   -0.778224
    1869   -0.775856
    1870   -0.775856
    1871   -0.773367
    1872   -0.773367
    1873   -0.770739
    1874   -0.770739
    1875   -0.767945
    1876   -0.767945
    1877   -0.764989
    1878   -0.764989
    1879   -0.761875
    1880   -0.761875
    1881   -0.758590
    1882   -0.758590
    1883   -0.755142
    1884   -0.755142
    1885   -0.751515
    1886   -0.751515
    1887   -0.747684
    1888   -0.747684
    1889   -0.743661
    1890   -0.743661
    1891   -0.739435
    1892   -0.739435
    1893   -0.735019
    1894   -0.735019
    1895   -0.730439
    1896   -0.730439
    1897   -0.725744
    1898   -0.725744
    1899   -0.721175
    1900   -0.721175
    1901   -0.717413
    1902   -0.717413
    1903   -0.715317
    1904   -0.715317
    1905   -0.714784
    1906   -0.714784
    1907   -0.714877
    1908   -0.714877
    1909   -0.714955
    1910   -0.714955
    1911   -0.714860
    1912   -0.714860
    1913   -0.714526
    1914   -0.714526
    1915   -0.713843
    1916   -0.713843
    1917   -0.712795
    1918   -0.712795
    1919   -0.711414
    1920   -0.711414
    1921   -0.709737
    1922   -0.709737
    1923   -0.707750
    1924   -0.707750
    1925   -0.705431
    1926   -0.705431
    1927   -0.702784
    1928   -0.702784
    1929   -0.699771
    1930   -0.699771
    1931   -0.696331
    1932   -0.696331
    1933   -0.692435
    1934   -0.692435
    1935   -0.688054
    1936   -0.688054
    1937   -0.683110
    1938   -0.683110
    1939   -0.677631
    1940   -0.677631
    1941   -0.671577
    1942   -0.671577
    1943   -0.664802
    1944   -0.664802
    1945   -0.657161
    1946   -0.657161
    1947   -0.648563
    1948   -0.648563
    1949   -0.639045
    1950   -0.639045
    1951   -0.628566
    1952   -0.628566
    1953   -0.616883
    1954   -0.616883
    1955   -0.603678
    1956   -0.603678
    1957   -0.588678
    1958   -0.588678
    1959   -0.571711
    1960   -0.571711
    1961   -0.552648
    1962   -0.552648
    1963   -0.531557
    1964   -0.531557
    1965   -0.507796
    1966   -0.507796
    1967   -0.479512
    1968   -0.479512
    1969   -0.446517
    1970   -0.446517
    1971   -0.409354
    1972   -0.409354
    1973   -0.366981
    1974   -0.366981
    1975   -0.318474
    1976   -0.318474
    1977   -0.266213
    1978   -0.266213
    1979   -0.223824
    1980   -0.223824
    1981   -1.026576
    1982   -1.026576
    1983   -1.024378
    1984   -1.024378
    1985   -1.021208
    1986   -1.021208
    1987   -1.018349
    1988   -1.018349
    1989   -1.015774
    1990   -1.015774
    1991   -1.013367
    1992   -1.013367
    1993   -1.011137
    1994   -1.011137
    1995   -1.009104
    1996   -1.009104
    1997   -1.007286
    1998   -1.007286
    1999   -1.005646
    2000   -1.005646
    2001   -1.004139
    2002   -1.004139
    2003   -1.002734
    2004   -1.002734
    2005   -1.001417
    2006   -1.001417
    2007   -1.000150
    2008   -1.000150
    2009   -0.998893
    2010   -0.998893
    2011   -0.997614
    2012   -0.997614
    2013   -0.996298
    2014   -0.996298
    2015   -0.994953
    2016   -0.994953
    2017   -0.993582
    2018   -0.993582
    2019   -0.992168
    2020   -0.992168
    2021   -0.990708
    2022   -0.990708
    2023   -0.989215
    2024   -0.989215
    2025   -0.987703
    2026   -0.987703
    2027   -0.986197
    2028   -0.986197
    2029   -0.984703
    2030   -0.984703
    2031   -0.983210
    2032   -0.983210
    2033   -0.981701
    2034   -0.981701
    2035   -0.980145
    2036   -0.980145
    2037   -0.978525
    2038   -0.978525
    2039   -0.976835
    2040   -0.976835
    2041   -0.975074
    2042   -0.975074
    2043   -0.973239
    2044   -0.973239
    2045   -0.971330
    2046   -0.971330
    2047   -0.969352
    2048   -0.969352
    2049   -0.967313
    2050   -0.967313
    2051   -0.965230
    2052   -0.965230
    2053   -0.963110
    2054   -0.963110
    2055   -0.960943
    2056   -0.960943
    2057   -0.958715
    2058   -0.958715
    2059   -0.956416
    2060   -0.956416
    2061   -0.954028
    2062   -0.954028
    2063   -0.951550
    2064   -0.951550
    2065   -0.949000
    2066   -0.949000
    2067   -0.946363
    2068   -0.946363
    2069   -0.943573
    2070   -0.943573
    2071   -0.940547
    2072   -0.940547
    2073   -0.937281
    2074   -0.937281
    2075   -0.933853
    2076   -0.933853
    2077   -0.930291
    2078   -0.930291
    2079   -0.926565
    2080   -0.926565
    2081   -0.922675
    2082   -0.922675
    2083   -0.918608
    2084   -0.918608
    2085   -0.914346
    2086   -0.914346
    2087   -0.909907
    2088   -0.909907
    2089   -0.905289
    2090   -0.905289
    2091   -0.900467
    2092   -0.900467
    2093   -0.895429
    2094   -0.895429
    2095   -0.890245
    2096   -0.890245
    2097   -0.885190
    2098   -0.885190
    2099   -0.881021
    2100   -0.881021
    2101   -0.878619
    2102   -0.878619
    2103   -0.877846
    2104   -0.877846
    2105   -0.877793
    2106   -0.877793
    2107   -0.877829
    2108   -0.877829
    2109   -0.877733
    2110   -0.877733
    2111   -0.877437
    2112   -0.877437
    2113   -0.876830
    2114   -0.876830
    2115   -0.875801
    2116   -0.875801
    2117   -0.874364
    2118   -0.874364
    2119   -0.872553
    2120   -0.872553
    2121   -0.870339
    2122   -0.870339
    2123   -0.867731
    2124   -0.867731
    2125   -0.864717
    2126   -0.864717
    2127   -0.861231
    2128   -0.861231
    2129   -0.857221
    2130   -0.857221
    2131   -0.852664
    2132   -0.852664
    2133   -0.847575
    2134   -0.847575
    2135   -0.841924
    2136   -0.841924
    2137   -0.835722
    2138   -0.835722
    2139   -0.828900
    2140   -0.828900
    2141   -0.821300
    2142   -0.821300
    2143   -0.812802
    2144   -0.812802
    2145   -0.803218
    2146   -0.803218
    2147   -0.792499
    2148   -0.792499
    2149   -0.780584
    2150   -0.780584
    2151   -0.767193
    2152   -0.767193
    2153   -0.751983
    2154   -0.751983
    2155   -0.734626
    2156   -0.734626
    2157   -0.714893
    2158   -0.714893
    2159   -0.692471
    2160   -0.692471
    2161   -0.666950
    2162   -0.666950
    2163   -0.638378
    2164   -0.638378
    2165   -0.605603
    2166   -0.605603
    2167   -0.566428
    2168   -0.566428
    2169   -0.520129
    2170   -0.520129
    2171   -0.466145
    2172   -0.466145
    2173   -0.404041
    2174   -0.404041
    2175   -0.337508
    2176   -0.337508
    2177   -0.283697
    2178   -0.283697
    2179   -1.267590
    2180   -1.267590
    2181   -1.265205
    2182   -1.265205
    2183   -1.261670
    2184   -1.261670
    2185   -1.258446
    2186   -1.258446
    2187   -1.255501
    2188   -1.255501
    2189   -1.252663
    2190   -1.252663
    2191   -1.250031
    2192   -1.250031
    2193   -1.247615
    2194   -1.247615
    2195   -1.245368
    2196   -1.245368
    2197   -1.243277
    2198   -1.243277
    2199   -1.241333
    2200   -1.241333
    2201   -1.239538
    2202   -1.239538
    2203   -1.237873
    2204   -1.237873
    2205   -1.236277
    2206   -1.236277
    2207   -1.234706
    2208   -1.234706
    2209   -1.233135
    2210   -1.233135
    2211   -1.231554
    2212   -1.231554
    2213   -1.229942
    2214   -1.229942
    2215   -1.228286
    2216   -1.228286
    2217   -1.226587
    2218   -1.226587
    2219   -1.224849
    2220   -1.224849
    2221   -1.223077
    2222   -1.223077
    2223   -1.221291
    2224   -1.221291
    2225   -1.219513
    2226   -1.219513
    2227   -1.217741
    2228   -1.217741
    2229   -1.215959
    2230   -1.215959
    2231   -1.214154
    2232   -1.214154
    2233   -1.212310
    2234   -1.212310
    2235   -1.210413
    2236   -1.210413
    2237   -1.208454
    2238   -1.208454
    2239   -1.206419
    2240   -1.206419
    2241   -1.204290
    2242   -1.204290
    2243   -1.202066
    2244   -1.202066
    2245   -1.199757
    2246   -1.199757
    2247   -1.197367
    2248   -1.197367
    2249   -1.194905
    2250   -1.194905
    2251   -1.192383
    2252   -1.192383
    2253   -1.189809
    2254   -1.189809
    2255   -1.187173
    2256   -1.187173
    2257   -1.184458
    2258   -1.184458
    2259   -1.181659
    2260   -1.181659
    2261   -1.178784
    2262   -1.178784
    2263   -1.175856
    2264   -1.175856
    2265   -1.172874
    2266   -1.172874
    2267   -1.169710
    2268   -1.169710
    2269   -1.166165
    2270   -1.166165
    2271   -1.162282
    2272   -1.162282
    2273   -1.158260
    2274   -1.158260
    2275   -1.154146
    2276   -1.154146
    2277   -1.149881
    2278   -1.149881
    2279   -1.145446
    2280   -1.145446
    2281   -1.140859
    2282   -1.140859
    2283   -1.136104
    2284   -1.136104
    2285   -1.131174
    2286   -1.131174
    2287   -1.126068
    2288   -1.126068
    2289   -1.120740
    2290   -1.120740
    2291   -1.115190
    2292   -1.115190
    2293   -1.109534
    2294   -1.109534
    2295   -1.104091
    2296   -1.104091
    2297   -1.099779
    2298   -1.099779
    2299   -1.097496
    2300   -1.097496
    2301   -1.096922
    2302   -1.096922
    2303   -1.097163
    2304   -1.097163
    2305   -1.097605
    2306   -1.097605
    2307   -1.097862
    2308   -1.097862
    2309   -1.097791
    2310   -1.097791
    2311   -1.097336
    2312   -1.097336
    2313   -1.096338
    2314   -1.096338
    2315   -1.094774
    2316   -1.094774
    2317   -1.092737
    2318   -1.092737
    2319   -1.090256
    2320   -1.090256
    2321   -1.087313
    2322   -1.087313
    2323   -1.083800
    2324   -1.083800
    2325   -1.079663
    2326   -1.079663
    2327   -1.074910
    2328   -1.074910
    2329   -1.069515
    2330   -1.069515
    2331   -1.063500
    2332   -1.063500
    2333   -1.056849
    2334   -1.056849
    2335   -1.049488
    2336   -1.049488
    2337   -1.041374
    2338   -1.041374
    2339   -1.032408
    2340   -1.032408
    2341   -1.022448
    2342   -1.022448
    2343   -1.011236
    2344   -1.011236
    2345   -0.998635
    2346   -0.998635
    2347   -0.984495
    2348   -0.984495
    2349   -0.968508
    2350   -0.968508
    2351   -0.950504
    2352   -0.950504
    2353   -0.930174
    2354   -0.930174
    2355   -0.907034
    2356   -0.907034
    2357   -0.880545
    2358   -0.880545
    2359   -0.849628
    2360   -0.849628
    2361   -0.814368
    2362   -0.814368
    2363   -0.774628
    2364   -0.774628
    2365   -0.727617
    2366   -0.727617
    2367   -0.671181
    2368   -0.671181
    2369   -0.603729
    2370   -0.603729
    2371   -0.524709
    2372   -0.524709
    2373   -0.439425
    2374   -0.439425
    2375   -0.370159
    2376   -0.370159
    2377   -1.598059
    2378   -1.598059
    2379   -1.596150
    2380   -1.596150
    2381   -1.592963
    2382   -1.592963
    2383   -1.589808
    2384   -1.589808
    2385   -1.586778
    2386   -1.586778
    2387   -1.583696
    2388   -1.583696
    2389   -1.580821
    2390   -1.580821
    2391   -1.578161
    2392   -1.578161
    2393   -1.575621
    2394   -1.575621
    2395   -1.573183
    2396   -1.573183
    2397   -1.570853
    2398   -1.570853
    2399   -1.568662
    2400   -1.568662
    2401   -1.566600
    2402   -1.566600
    2403   -1.564615
    2404   -1.564615
    2405   -1.562667
    2406   -1.562667
    2407   -1.560734
    2408   -1.560734
    2409   -1.558805
    2410   -1.558805
    2411   -1.556850
    2412   -1.556850
    2413   -1.554846
    2414   -1.554846
    2415   -1.552788
    2416   -1.552788
    2417   -1.550687
    2418   -1.550687
    2419   -1.548559
    2420   -1.548559
    2421   -1.546419
    2422   -1.546419
    2423   -1.544273
    2424   -1.544273
    2425   -1.542113
    2426   -1.542113
    2427   -1.539934
    2428   -1.539934
    2429   -1.537731
    2430   -1.537731
    2431   -1.535494
    2432   -1.535494
    2433   -1.533205
    2434   -1.533205
    2435   -1.530845
    2436   -1.530845
    2437   -1.528396
    2438   -1.528396
    2439   -1.525845
    2440   -1.525845
    2441   -1.523184
    2442   -1.523184
    2443   -1.520413
    2444   -1.520413
    2445   -1.517534
    2446   -1.517534
    2447   -1.514553
    2448   -1.514553
    2449   -1.511485
    2450   -1.511485
    2451   -1.508343
    2452   -1.508343
    2453   -1.505122
    2454   -1.505122
    2455   -1.501809
    2456   -1.501809
    2457   -1.498408
    2458   -1.498408
    2459   -1.494924
    2460   -1.494924
    2461   -1.491366
    2462   -1.491366
    2463   -1.487742
    2464   -1.487742
    2465   -1.483919
    2466   -1.483919
    2467   -1.479685
    2468   -1.479685
    2469   -1.475101
    2470   -1.475101
    2471   -1.470373
    2472   -1.470373
    2473   -1.465543
    2474   -1.465543
    2475   -1.460545
    2476   -1.460545
    2477   -1.455353
    2478   -1.455353
    2479   -1.450011
    2480   -1.450011
    2481   -1.444497
    2482   -1.444497
    2483   -1.438744
    2484   -1.438744
    2485   -1.432736
    2486   -1.432736
    2487   -1.426464
    2488   -1.426464
    2489   -1.419992
    2490   -1.419992
    2491   -1.413470
    2492   -1.413470
    2493   -1.407249
    2494   -1.407249
    2495   -1.402444
    2496   -1.402444
    2497   -1.400126
    2498   -1.400126
    2499   -1.399793
    2500   -1.399793
    2501   -1.400356
    2502   -1.400356
    2503   -1.401155
    2504   -1.401155
    2505   -1.401700
    2506   -1.401700
    2507   -1.401793
    2508   -1.401793
    2509   -1.401389
    2510   -1.401389
    2511   -1.400309
    2512   -1.400309
    2513   -1.398479
    2514   -1.398479
    2515   -1.396075
    2516   -1.396075
    2517   -1.393219
    2518   -1.393219
    2519   -1.389752
    2520   -1.389752
    2521   -1.385483
    2522   -1.385483
    2523   -1.380421
    2524   -1.380421
    2525   -1.374625
    2526   -1.374625
    2527   -1.368091
    2528   -1.368091
    2529   -1.360797
    2530   -1.360797
    2531   -1.352673
    2532   -1.352673
    2533   -1.343607
    2534   -1.343607
    2535   -1.333636
    2536   -1.333636
    2537   -1.322660
    2538   -1.322660
    2539   -1.310457
    2540   -1.310457
    2541   -1.296798
    2542   -1.296798
    2543   -1.281426
    2544   -1.281426
    2545   -1.264086
    2546   -1.264086
    2547   -1.244532
    2548   -1.244532
    2549   -1.222662
    2550   -1.222662
    2551   -1.198155
    2552   -1.198155
    2553   -1.170403
    2554   -1.170403
    2555   -1.138737
    2556   -1.138737
    2557   -1.101395
    2558   -1.101395
    2559   -1.057499
    2560   -1.057499
    2561   -1.007590
    2562   -1.007590
    2563   -0.950179
    2564   -0.950179
    2565   -0.881832
    2566   -0.881832
    2567   -0.798086
    2568   -0.798086
    2569   -0.697791
    2570   -0.697791
    2571   -0.588017
    2572   -0.588017
    2573   -0.497695
    2574   -0.497695
    2575   -2.068857
    2576   -2.068857
    2577   -2.068780
    2578   -2.068780
    2579   -2.067736
    2580   -2.067736
    2581   -2.065689
    2582   -2.065689
    2583   -2.063007
    2584   -2.063007
    2585   -2.059985
    2586   -2.059985
    2587   -2.057115
    2588   -2.057115
    2589   -2.054370
    2590   -2.054370
    2591   -2.051666
    2592   -2.051666
    2593   -2.048992
    2594   -2.048992
    2595   -2.046358
    2596   -2.046358
    2597   -2.043773
    2598   -2.043773
    2599   -2.041230
    2600   -2.041230
    2601   -2.038744
    2602   -2.038744
    2603   -2.036310
    2604   -2.036310
    2605   -2.033895
    2606   -2.033895
    2607   -2.031481
    2608   -2.031481
    2609   -2.029050
    2610   -2.029050
    2611   -2.026577
    2612   -2.026577
    2613   -2.024036
    2614   -2.024036
    2615   -2.021431
    2616   -2.021431
    2617   -2.018794
    2618   -2.018794
    2619   -2.016133
    2620   -2.016133
    2621   -2.013437
    2622   -2.013437
    2623   -2.010704
    2624   -2.010704
    2625   -2.007940
    2626   -2.007940
    2627   -2.005142
    2628   -2.005142
    2629   -2.002297
    2630   -2.002297
    2631   -1.999387
    2632   -1.999387
    2633   -1.996384
    2634   -1.996384
    2635   -1.993275
    2636   -1.993275
    2637   -1.990055
    2638   -1.990055
    2639   -1.986713
    2640   -1.986713
    2641   -1.983227
    2642   -1.983227
    2643   -1.979598
    2644   -1.979598
    2645   -1.975840
    2646   -1.975840
    2647   -1.971960
    2648   -1.971960
    2649   -1.967966
    2650   -1.967966
    2651   -1.963860
    2652   -1.963860
    2653   -1.959637
    2654   -1.959637
    2655   -1.955300
    2656   -1.955300
    2657   -1.950832
    2658   -1.950832
    2659   -1.946214
    2660   -1.946214
    2661   -1.941444
    2662   -1.941444
    2663   -1.936465
    2664   -1.936465
    2665   -1.931206
    2666   -1.931206
    2667   -1.925704
    2668   -1.925704
    2669   -1.920011
    2670   -1.920011
    2671   -1.914130
    2672   -1.914130
    2673   -1.908049
    2674   -1.908049
    2675   -1.901725
    2676   -1.901725
    2677   -1.895146
    2678   -1.895146
    2679   -1.888299
    2680   -1.888299
    2681   -1.881103
    2682   -1.881103
    2683   -1.873512
    2684   -1.873512
    2685   -1.865548
    2686   -1.865548
    2687   -1.857294
    2688   -1.857294
    2689   -1.848896
    2690   -1.848896
    2691   -1.840751
    2692   -1.840751
    2693   -1.834155
    2694   -1.834155
    2695   -1.830659
    2696   -1.830659
    2697   -1.829868
    2698   -1.829868
    2699   -1.830138
    2700   -1.830138
    2701   -1.830475
    2702   -1.830475
    2703   -1.830432
    2704   -1.830432
    2705   -1.829861
    2706   -1.829861
    2707   -1.828693
    2708   -1.828693
    2709   -1.826886
    2710   -1.826886
    2711   -1.824306
    2712   -1.824306
    2713   -1.820936
    2714   -1.820936
    2715   -1.816957
    2716   -1.816957
    2717   -1.812213
    2718   -1.812213
    2719   -1.806560
    2720   -1.806560
    2721   -1.800002
    2722   -1.800002
    2723   -1.792533
    2724   -1.792533
    2725   -1.784159
    2726   -1.784159
    2727   -1.774775
    2728   -1.774775
    2729   -1.764268
    2730   -1.764268
    2731   -1.752552
    2732   -1.752552
    2733   -1.739624
    2734   -1.739624
    2735   -1.725331
    2736   -1.725331
    2737   -1.709489
    2738   -1.709489
    2739   -1.691987
    2740   -1.691987
    2741   -1.672425
    2742   -1.672425
    2743   -1.650419
    2744   -1.650419
    2745   -1.625791
    2746   -1.625791
    2747   -1.598278
    2748   -1.598278
    2749   -1.567482
    2750   -1.567482
    2751   -1.532795
    2752   -1.532795
    2753   -1.493335
    2754   -1.493335
    2755   -1.447520
    2756   -1.447520
    2757   -1.394056
    2758   -1.394056
    2759   -1.331688
    2760   -1.331688
    2761   -1.259238
    2762   -1.259238
    2763   -1.174018
    2764   -1.174018
    2765   -1.068957
    2766   -1.068957
    2767   -0.941637
    2768   -0.941637
    2769   -0.800681
    2770   -0.800681
    2771   -0.683038
    2772   -0.683038
    2773   -2.760657
    2774   -2.760657
    2775   -2.763444
    2776   -2.763444
    2777   -2.765584
    2778   -2.765584
    2779   -2.764612
    2780   -2.764612
    2781   -2.762029
    2782   -2.762029
    2783   -2.759079
    2784   -2.759079
    2785   -2.756239
    2786   -2.756239
    2787   -2.753384
    2788   -2.753384
    2789   -2.750447
    2790   -2.750447
    2791   -2.747449
    2792   -2.747449
    2793   -2.744413
    2794   -2.744413
    2795   -2.741316
    2796   -2.741316
    2797   -2.738149
    2798   -2.738149
    2799   -2.734978
    2800   -2.734978
    2801   -2.731838
    2802   -2.731838
    2803   -2.728720
    2804   -2.728720
    2805   -2.725603
    2806   -2.725603
    2807   -2.722455
    2808   -2.722455
    2809   -2.719257
    2810   -2.719257
    2811   -2.715995
    2812   -2.715995
    2813   -2.712662
    2814   -2.712662
    2815   -2.709260
    2816   -2.709260
    2817   -2.705789
    2818   -2.705789
    2819   -2.702248
    2820   -2.702248
    2821   -2.698638
    2822   -2.698638
    2823   -2.694961
    2824   -2.694961
    2825   -2.691201
    2826   -2.691201
    2827   -2.687346
    2828   -2.687346
    2829   -2.683387
    2830   -2.683387
    2831   -2.679316
    2832   -2.679316
    2833   -2.675124
    2834   -2.675124
    2835   -2.670799
    2836   -2.670799
    2837   -2.666325
    2838   -2.666325
    2839   -2.661686
    2840   -2.661686
    2841   -2.656873
    2842   -2.656873
    2843   -2.651886
    2844   -2.651886
    2845   -2.646719
    2846   -2.646719
    2847   -2.641382
    2848   -2.641382
    2849   -2.635880
    2850   -2.635880
    2851   -2.630209
    2852   -2.630209
    2853   -2.624363
    2854   -2.624363
    2855   -2.618304
    2856   -2.618304
    2857   -2.611988
    2858   -2.611988
    2859   -2.605402
    2860   -2.605402
    2861   -2.598593
    2862   -2.598593
    2863   -2.591668
    2864   -2.591668
    2865   -2.584620
    2866   -2.584620
    2867   -2.577306
    2868   -2.577306
    2869   -2.569677
    2870   -2.569677
    2871   -2.561782
    2872   -2.561782
    2873   -2.553559
    2874   -2.553559
    2875   -2.544907
    2876   -2.544907
    2877   -2.535818
    2878   -2.535818
    2879   -2.526243
    2880   -2.526243
    2881   -2.516121
    2882   -2.516121
    2883   -2.505441
    2884   -2.505441
    2885   -2.494229
    2886   -2.494229
    2887   -2.482646
    2888   -2.482646
    2889   -2.471283
    2890   -2.471283
    2891   -2.461670
    2892   -2.461670
    2893   -2.455882
    2894   -2.455882
    2895   -2.453855
    2896   -2.453855
    2897   -2.453240
    2898   -2.453240
    2899   -2.452409
    2900   -2.452409
    2901   -2.450962
    2902   -2.450962
    2903   -2.448824
    2904   -2.448824
    2905   -2.445977
    2906   -2.445977
    2907   -2.442622
    2908   -2.442622
    2909   -2.438638
    2910   -2.438638
    2911   -2.433618
    2912   -2.433618
    2913   -2.427544
    2914   -2.427544
    2915   -2.420482
    2916   -2.420482
    2917   -2.412423
    2918   -2.412423
    2919   -2.403273
    2920   -2.403273
    2921   -2.392976
    2922   -2.392976
    2923   -2.381484
    2924   -2.381484
    2925   -2.368585
    2926   -2.368585
    2927   -2.354162
    2928   -2.354162
    2929   -2.338128
    2930   -2.338128
    2931   -2.320336
    2932   -2.320336
    2933   -2.300668
    2934   -2.300668
    2935   -2.279032
    2936   -2.279032
    2937   -2.255303
    2938   -2.255303
    2939   -2.229005
    2940   -2.229005
    2941   -2.199655
    2942   -2.199655
    2943   -2.167034
    2944   -2.167034
    2945   -2.130691
    2946   -2.130691
    2947   -2.090081
    2948   -2.090081
    2949   -2.044524
    2950   -2.044524
    2951   -1.992974
    2952   -1.992974
    2953   -1.934143
    2954   -1.934143
    2955   -1.866778
    2956   -1.866778
    2957   -1.787387
    2958   -1.787387
    2959   -1.693043
    2960   -1.693043
    2961   -1.581567
    2962   -1.581567
    2963   -1.445902
    2964   -1.445902
    2965   -1.282850
    2966   -1.282850
    2967   -1.101039
    2968   -1.101039
    2969   -0.947856
    2970   -0.947856
    2971   -3.835418
    2972   -3.835418
    2973   -3.839720
    2974   -3.839720
    2975   -3.842230
    2976   -3.842230
    2977   -3.839561
    2978   -3.839561
    2979   -3.835737
    2980   -3.835737
    2981   -3.832260
    2982   -3.832260
    2983   -3.828891
    2984   -3.828891
    2985   -3.825480
    2986   -3.825480
    2987   -3.821947
    2988   -3.821947
    2989   -3.818282
    2990   -3.818282
    2991   -3.814487
    2992   -3.814487
    2993   -3.810539
    2994   -3.810539
    2995   -3.806441
    2996   -3.806441
    2997   -3.802242
    2998   -3.802242
    2999   -3.797999
    3000   -3.797999
    3001   -3.793760
    3002   -3.793760
    3003   -3.789508
    3004   -3.789508
    3005   -3.785181
    3006   -3.785181
    3007   -3.780772
    3008   -3.780772
    3009   -3.776315
    3010   -3.776315
    3011   -3.771791
    3012   -3.771791
    3013   -3.767138
    3014   -3.767138
    3015   -3.762340
    3016   -3.762340
    3017   -3.757413
    3018   -3.757413
    3019   -3.752354
    3020   -3.752354
    3021   -3.747146
    3022   -3.747146
    3023   -3.741766
    3024   -3.741766
    3025   -3.736197
    3026   -3.736197
    3027   -3.730447
    3028   -3.730447
    3029   -3.724553
    3030   -3.724553
    3031   -3.718510
    3032   -3.718510
    3033   -3.712287
    3034   -3.712287
    3035   -3.705873
    3036   -3.705873
    3037   -3.699267
    3038   -3.699267
    3039   -3.692449
    3040   -3.692449
    3041   -3.685382
    3042   -3.685382
    3043   -3.678049
    3044   -3.678049
    3045   -3.670453
    3046   -3.670453
    3047   -3.662603
    3048   -3.662603
    3049   -3.654494
    3050   -3.654494
    3051   -3.646102
    3052   -3.646102
    3053   -3.637389
    3054   -3.637389
    3055   -3.628304
    3056   -3.628304
    3057   -3.618802
    3058   -3.618802
    3059   -3.609020
    3060   -3.609020
    3061   -3.599231
    3062   -3.599231
    3063   -3.589370
    3064   -3.589370
    3065   -3.579125
    3066   -3.579125
    3067   -3.568386
    3068   -3.568386
    3069   -3.557189
    3070   -3.557189
    3071   -3.545497
    3072   -3.545497
    3073   -3.533219
    3074   -3.533219
    3075   -3.520327
    3076   -3.520327
    3077   -3.506784
    3078   -3.506784
    3079   -3.492522
    3080   -3.492522
    3081   -3.477489
    3082   -3.477489
    3083   -3.461631
    3084   -3.461631
    3085   -3.445059
    3086   -3.445059
    3087   -3.428680
    3088   -3.428680
    3089   -3.414700
    3090   -3.414700
    3091   -3.405845
    3092   -3.405845
    3093   -3.402046
    3094   -3.402046
    3095   -3.400108
    3096   -3.400108
    3097   -3.397842
    3098   -3.397842
    3099   -3.394807
    3100   -3.394807
    3101   -3.390816
    3102   -3.390816
    3103   -3.385830
    3104   -3.385830
    3105   -3.379985
    3106   -3.379985
    3107   -3.373305
    3108   -3.373305
    3109   -3.365437
    3110   -3.365437
    3111   -3.355989
    3112   -3.355989
    3113   -3.345084
    3114   -3.345084
    3115   -3.332835
    3116   -3.332835
    3117   -3.319086
    3118   -3.319086
    3119   -3.303775
    3120   -3.303775
    3121   -3.286766
    3122   -3.286766
    3123   -3.267837
    3124   -3.267837
    3125   -3.246896
    3126   -3.246896
    3127   -3.223759
    3128   -3.223759
    3129   -3.198099
    3130   -3.198099
    3131   -3.169858
    3132   -3.169858
    3133   -3.138946
    3134   -3.138946
    3135   -3.105062
    3136   -3.105062
    3137   -3.067722
    3138   -3.067722
    3139   -3.026398
    3140   -3.026398
    3141   -2.980633
    3142   -2.980633
    3143   -2.929773
    3144   -2.929773
    3145   -2.873043
    3146   -2.873043
    3147   -2.809567
    3148   -2.809567
    3149   -2.738177
    3150   -2.738177
    3151   -2.657147
    3152   -2.657147
    3153   -2.564480
    3154   -2.564480
    3155   -2.456275
    3156   -2.456275
    3157   -2.328204
    3158   -2.328204
    3159   -2.175503
    3160   -2.175503
    3161   -1.992263
    3162   -1.992263
    3163   -1.775909
    3164   -1.775909
    3165   -1.534390
    3166   -1.534390
    3167   -1.330714
    3168   -1.330714
    3169   -5.675055
    3170   -5.675055
    3171   -5.679089
    3172   -5.679089
    3173   -5.678993
    3174   -5.678993
    3175   -5.671867
    3176   -5.671867
    3177   -5.665045
    3178   -5.665045
    3179   -5.659920
    3180   -5.659920
    3181   -5.655143
    3182   -5.655143
    3183   -5.650411
    3184   -5.650411
    3185   -5.645566
    3186   -5.645566
    3187   -5.640509
    3188   -5.640509
    3189   -5.635203
    3190   -5.635203
    3191   -5.629643
    3192   -5.629643
    3193   -5.623847
    3194   -5.623847
    3195   -5.617843
    3196   -5.617843
    3197   -5.611680
    3198   -5.611680
    3199   -5.605421
    3200   -5.605421
    3201   -5.599063
    3202   -5.599063
    3203   -5.592571
    3204   -5.592571
    3205   -5.585961
    3206   -5.585961
    3207   -5.579286
    3208   -5.579286
    3209   -5.572515
    3210   -5.572515
    3211   -5.565555
    3212   -5.565555
    3213   -5.558364
    3214   -5.558364
    3215   -5.550926
    3216   -5.550926
    3217   -5.543220
    3218   -5.543220
    3219   -5.535218
    3220   -5.535218
    3221   -5.526900
    3222   -5.526900
    3223   -5.518257
    3224   -5.518257
    3225   -5.509308
    3226   -5.509308
    3227   -5.500107
    3228   -5.500107
    3229   -5.490661
    3230   -5.490661
    3231   -5.480949
    3232   -5.480949
    3233   -5.470967
    3234   -5.470967
    3235   -5.460711
    3236   -5.460711
    3237   -5.450156
    3238   -5.450156
    3239   -5.439252
    3240   -5.439252
    3241   -5.427964
    3242   -5.427964
    3243   -5.416256
    3244   -5.416256
    3245   -5.404123
    3246   -5.404123
    3247   -5.391577
    3248   -5.391577
    3249   -5.378581
    3250   -5.378581
    3251   -5.365098
    3252   -5.365098
    3253   -5.351086
    3254   -5.351086
    3255   -5.336481
    3256   -5.336481
    3257   -5.321469
    3258   -5.321469
    3259   -5.306383
    3260   -5.306383
    3261   -5.291103
    3262   -5.291103
    3263   -5.275236
    3264   -5.275236
    3265   -5.258612
    3266   -5.258612
    3267   -5.241205
    3268   -5.241205
    3269   -5.223015
    3270   -5.223015
    3271   -5.204025
    3272   -5.204025
    3273   -5.184186
    3274   -5.184186
    3275   -5.163446
    3276   -5.163446
    3277   -5.141718
    3278   -5.141718
    3279   -5.118936
    3280   -5.118936
    3281   -5.094981
    3282   -5.094981
    3283   -5.069837
    3284   -5.069837
    3285   -5.044459
    3286   -5.044459
    3287   -5.022394
    3288   -5.022394
    3289   -5.008287
    3290   -5.008287
    3291   -5.001722
    3292   -5.001722
    3293   -4.997745
    3294   -4.997745
    3295   -4.993438
    3296   -4.993438
    3297   -4.988255
    3298   -4.988255
    3299   -4.981692
    3300   -4.981692
    3301   -4.973461
    3302   -4.973461
    3303   -4.963436
    3304   -4.963436
    3305   -4.951745
    3306   -4.951745
    3307   -4.938392
    3308   -4.938392
    3309   -4.922863
    3310   -4.922863
    3311   -4.905147
    3312   -4.905147
    3313   -4.885366
    3314   -4.885366
    3315   -4.863346
    3316   -4.863346
    3317   -4.838922
    3318   -4.838922
    3319   -4.811864
    3320   -4.811864
    3321   -4.782043
    3322   -4.782043
    3323   -4.749379
    3324   -4.749379
    3325   -4.713533
    3326   -4.713533
    3327   -4.673961
    3328   -4.673961
    3329   -4.630480
    3330   -4.630480
    3331   -4.582961
    3332   -4.582961
    3333   -4.530936
    3334   -4.530936
    3335   -4.473807
    3336   -4.473807
    3337   -4.410956
    3338   -4.410956
    3339   -4.341570
    3340   -4.341570
    3341   -4.264588
    3342   -4.264588
    3343   -4.178774
    3344   -4.178774
    3345   -4.082865
    3346   -4.082865
    3347   -3.975311
    3348   -3.975311
    3349   -3.853540
    3350   -3.853540
    3351   -3.714218
    3352   -3.714218
    3353   -3.553023
    3354   -3.553023
    3355   -3.364384
    3356   -3.364384
    3357   -3.140128
    3358   -3.140128
    3359   -2.873948
    3360   -2.873948
    3361   -2.562833
    3362   -2.562833
    3363   -2.218455
    3364   -2.218455
    3365   -1.931053
    3366   -1.931053
    3367   -9.132272
    3368   -9.132272
    3369   -9.133566
    3370   -9.133566
    3371   -9.127004
    3372   -9.127004
    3373   -9.112721
    3374   -9.112721
    3375   -9.101405
    3376   -9.101405
    3377   -9.093212
    3378   -9.093212
    3379   -9.085751
    3380   -9.085751
    3381   -9.078410
    3382   -9.078410
    3383   -9.070885
    3384   -9.070885
    3385   -9.062977
    3386   -9.062977
    3387   -9.054622
    3388   -9.054622
    3389   -9.045840
    3390   -9.045840
    3391   -9.036670
    3392   -9.036670
    3393   -9.027135
    3394   -9.027135
    3395   -9.017254
    3396   -9.017254
    3397   -9.007034
    3398   -9.007034
    3399   -8.996504
    3400   -8.996504
    3401   -8.985756
    3402   -8.985756
    3403   -8.974858
    3404   -8.974858
    3405   -8.963823
    3406   -8.963823
    3407   -8.952596
    3408   -8.952596
    3409   -8.941092
    3410   -8.941092
    3411   -8.929223
    3412   -8.929223
    3413   -8.916891
    3414   -8.916891
    3415   -8.904021
    3416   -8.904021
    3417   -8.890583
    3418   -8.890583
    3419   -8.876579
    3420   -8.876579
    3421   -8.862019
    3422   -8.862019
    3423   -8.846930
    3424   -8.846930
    3425   -8.831342
    3426   -8.831342
    3427   -8.815288
    3428   -8.815288
    3429   -8.798802
    3430   -8.798802
    3431   -8.781881
    3432   -8.781881
    3433   -8.764501
    3434   -8.764501
    3435   -8.746628
    3436   -8.746628
    3437   -8.728229
    3438   -8.728229
    3439   -8.709251
    3440   -8.709251
    3441   -8.689588
    3442   -8.689588
    3443   -8.669173
    3444   -8.669173
    3445   -8.648034
    3446   -8.648034
    3447   -8.626161
    3448   -8.626161
    3449   -8.603490
    3450   -8.603490
    3451   -8.579978
    3452   -8.579978
    3453   -8.555608
    3454   -8.555608
    3455   -8.530592
    3456   -8.530592
    3457   -8.505217
    3458   -8.505217
    3459   -8.479282
    3460   -8.479282
    3461   -8.452332
    3462   -8.452332
    3463   -8.424151
    3464   -8.424151
    3465   -8.394659
    3466   -8.394659
    3467   -8.363888
    3468   -8.363888
    3469   -8.331864
    3470   -8.331864
    3471   -8.298509
    3472   -8.298509
    3473   -8.263763
    3474   -8.263763
    3475   -8.227517
    3476   -8.227517
    3477   -8.189635
    3478   -8.189635
    3479   -8.149952
    3480   -8.149952
    3481   -8.108489
    3482   -8.108489
    3483   -8.065966
    3484   -8.065966
    3485   -8.027703
    3486   -8.027703
    3487   -8.002549
    3488   -8.002549
    3489   -7.990515
    3490   -7.990515
    3491   -7.983385
    3492   -7.983385
    3493   -7.976070
    3494   -7.976070
    3495   -7.967113
    3496   -7.967113
    3497   -7.955685
    3498   -7.955685
    3499   -7.941416
    3500   -7.941416
    3501   -7.924095
    3502   -7.924095
    3503   -7.903754
    3504   -7.903754
    3505   -7.880409
    3506   -7.880409
    3507   -7.853703
    3508   -7.853703
    3509   -7.823531
    3510   -7.823531
    3511   -7.789865
    3512   -7.789865
    3513   -7.752465
    3514   -7.752465
    3515   -7.710996
    3516   -7.710996
    3517   -7.665124
    3518   -7.665124
    3519   -7.614711
    3520   -7.614711
    3521   -7.559579
    3522   -7.559579
    3523   -7.499284
    3524   -7.499284
    3525   -7.433038
    3526   -7.433038
    3527   -7.360258
    3528   -7.360258
    3529   -7.280633
    3530   -7.280633
    3531   -7.193576
    3532   -7.193576
    3533   -7.098207
    3534   -7.098207
    3535   -6.993573
    3536   -6.993573
    3537   -6.878367
    3538   -6.878367
    3539   -6.750825
    3540   -6.750825
    3541   -6.608757
    3542   -6.608757
    3543   -6.450026
    3544   -6.450026
    3545   -6.272099
    3546   -6.272099
    3547   -6.071219
    3548   -6.071219
    3549   -5.842310
    3550   -5.842310
    3551   -5.578824
    3552   -5.578824
    3553   -5.271983
    3554   -5.271983
    3555   -4.909890
    3556   -4.909890
    3557   -4.482183
    3558   -4.482183
    3559   -3.982686
    3560   -3.982686
    3561   -3.436701
    3562   -3.436701
    3563   -2.986762
    3564   -2.986762
    3565  -15.742837
    3566  -15.742837
    3567  -15.737323
    3568  -15.737323
    3569  -15.716397
    3570  -15.716397
    3571  -15.689292
    3572  -15.689292
    3573  -15.671271
    3574  -15.671271
    3575  -15.657817
    3576  -15.657817
    3577  -15.645344
    3578  -15.645344
    3579  -15.632945
    3580  -15.632945
    3581  -15.620145
    3582  -15.620145
    3583  -15.606656
    3584  -15.606656
    3585  -15.592376
    3586  -15.592376
    3587  -15.577341
    3588  -15.577341
    3589  -15.561633
    3590  -15.561633
    3591  -15.545261
    3592  -15.545261
    3593  -15.528192
    3594  -15.528192
    3595  -15.510339
    3596  -15.510339
    3597  -15.491769
    3598  -15.491769
    3599  -15.472825
    3600  -15.472825
    3601  -15.453692
    3602  -15.453692
    3603  -15.434298
    3604  -15.434298
    3605  -15.414520
    3606  -15.414520
    3607  -15.394265
    3608  -15.394265
    3609  -15.373379
    3610  -15.373379
    3611  -15.351657
    3612  -15.351657
    3613  -15.328915
    3614  -15.328915
    3615  -15.305075
    3616  -15.305075
    3617  -15.280196
    3618  -15.280196
    3619  -15.254332
    3620  -15.254332
    3621  -15.227513
    3622  -15.227513
    3623  -15.199738
    3624  -15.199738
    3625  -15.171087
    3626  -15.171087
    3627  -15.141684
    3628  -15.141684
    3629  -15.111526
    3630  -15.111526
    3631  -15.080548
    3632  -15.080548
    3633  -15.048699
    3634  -15.048699
    3635  -15.015953
    3636  -15.015953
    3637  -14.982257
    3638  -14.982257
    3639  -14.947424
    3640  -14.947424
    3641  -14.911210
    3642  -14.911210
    3643  -14.873654
    3644  -14.873654
    3645  -14.834847
    3646  -14.834847
    3647  -14.794620
    3648  -14.794620
    3649  -14.752922
    3650  -14.752922
    3651  -14.709831
    3652  -14.709831
    3653  -14.665633
    3654  -14.665633
    3655  -14.620681
    3656  -14.620681
    3657  -14.574559
    3658  -14.574559
    3659  -14.526490
    3660  -14.526490
    3661  -14.476211
    3662  -14.476211
    3663  -14.423616
    3664  -14.423616
    3665  -14.368807
    3666  -14.368807
    3667  -14.311880
    3668  -14.311880
    3669  -14.252655
    3670  -14.252655
    3671  -14.191090
    3672  -14.191090
    3673  -14.127032
    3674  -14.127032
    3675  -14.060152
    3676  -14.060152
    3677  -13.990180
    3678  -13.990180
    3679  -13.917210
    3680  -13.917210
    3681  -13.841682
    3682  -13.841682
    3683  -13.772013
    3684  -13.772013
    3685  -13.724939
    3686  -13.724939
    3687  -13.702137
    3688  -13.702137
    3689  -13.690221
    3690  -13.690221
    3691  -13.679108
    3692  -13.679108
    3693  -13.663604
    3694  -13.663604
    3695  -13.642795
    3696  -13.642795
    3697  -13.617303
    3698  -13.617303
    3699  -13.586729
    3700  -13.586729
    3701  -13.550803
    3702  -13.550803
    3703  -13.509333
    3704  -13.509333
    3705  -13.462068
    3706  -13.462068
    3707  -13.408811
    3708  -13.408811
    3709  -13.349351
    3710  -13.349351
    3711  -13.283228
    3712  -13.283228
    3713  -13.209863
    3714  -13.209863
    3715  -13.128748
    3716  -13.128748
    3717  -13.039510
    3718  -13.039510
    3719  -12.941826
    3720  -12.941826
    3721  -12.835181
    3722  -12.835181
    3723  -12.718270
    3724  -12.718270
    3725  -12.589745
    3726  -12.589745
    3727  -12.448854
    3728  -12.448854
    3729  -12.294968
    3730  -12.294968
    3731  -12.126780
    3732  -12.126780
    3733  -11.942277
    3734  -11.942277
    3735  -11.739352
    3736  -11.739352
    3737  -11.515211
    3738  -11.515211
    3739  -11.265710
    3740  -11.265710
    3741  -10.986945
    3742  -10.986945
    3743  -10.674436
    3744  -10.674436
    3745  -10.322313
    3746  -10.322313
    3747   -9.922427
    3748   -9.922427
    3749   -9.463533
    3750   -9.463533
    3751   -8.930029
    3752   -8.930029
    3753   -8.302538
    3754   -8.302538
    3755   -7.560006
    3756   -7.560006
    3757   -6.686781
    3758   -6.686781
    3759   -5.729582
    3760   -5.729582
    3761   -4.938924
    3762   -4.938924
    3763  -25.735116
    3764  -25.735116
    3765  -25.721960
    3766  -25.721960
    3767  -25.681585
    3768  -25.681585
    3769  -25.635935
    3770  -25.635935
    3771  -25.608139
    3772  -25.608139
    3773  -25.586705
    3774  -25.586705
    3775  -25.566697
    3776  -25.566697
    3777  -25.546629
    3778  -25.546629
    3779  -25.525815
    3780  -25.525815
    3781  -25.503880
    3782  -25.503880
    3783  -25.480668
    3784  -25.480668
    3785  -25.456205
    3786  -25.456205
    3787  -25.430632
    3788  -25.430632
    3789  -25.403954
    3790  -25.403954
    3791  -25.376083
    3792  -25.376083
    3793  -25.346785
    3794  -25.346785
    3795  -25.316166
    3796  -25.316166
    3797  -25.284950
    3798  -25.284950
    3799  -25.253503
    3800  -25.253503
    3801  -25.221631
    3802  -25.221631
    3803  -25.189091
    3804  -25.189091
    3805  -25.155759
    3806  -25.155759
    3807  -25.121384
    3808  -25.121384
    3809  -25.085657
    3810  -25.085657
    3811  -25.048206
    3812  -25.048206
    3813  -25.008847
    3814  -25.008847
    3815  -24.967742
    3816  -24.967742
    3817  -24.925010
    3818  -24.925010
    3819  -24.880697
    3820  -24.880697
    3821  -24.834753
    3822  -24.834753
    3823  -24.787332
    3824  -24.787332
    3825  -24.738693
    3826  -24.738693
    3827  -24.688828
    3828  -24.688828
    3829  -24.637602
    3830  -24.637602
    3831  -24.584933
    3832  -24.584933
    3833  -24.530790
    3834  -24.530790
    3835  -24.475142
    3836  -24.475142
    3837  -24.417713
    3838  -24.417713
    3839  -24.357942
    3840  -24.357942
    3841  -24.295887
    3842  -24.295887
    3843  -24.231842
    3844  -24.231842
    3845  -24.165416
    3846  -24.165416
    3847  -24.096540
    3848  -24.096540
    3849  -24.025439
    3850  -24.025439
    3851  -23.952530
    3852  -23.952530
    3853  -23.878448
    3854  -23.878448
    3855  -23.802395
    3856  -23.802395
    3857  -23.722911
    3858  -23.722911
    3859  -23.639696
    3860  -23.639696
    3861  -23.552633
    3862  -23.552633
    3863  -23.461964
    3864  -23.461964
    3865  -23.367917
    3866  -23.367917
    3867  -23.270101
    3868  -23.270101
    3869  -23.168497
    3870  -23.168497
    3871  -23.062891
    3872  -23.062891
    3873  -22.952636
    3874  -22.952636
    3875  -22.837230
    3876  -22.837230
    3877  -22.716478
    3878  -22.716478
    3879  -22.590008
    3880  -22.590008
    3881  -22.471875
    3882  -22.471875
    3883  -22.391997
    3884  -22.391997
    3885  -22.353810
    3886  -22.353810
    3887  -22.336016
    3888  -22.336016
    3889  -22.320952
    3890  -22.320952
    3891  -22.296246
    3892  -22.296246
    3893  -22.261378
    3894  -22.261378
    3895  -22.219446
    3896  -22.219446
    3897  -22.169397
    3898  -22.169397
    3899  -22.110501
    3900  -22.110501
    3901  -22.042408
    3902  -22.042408
    3903  -21.964842
    3904  -21.964842
    3905  -21.877443
    3906  -21.877443
    3907  -21.779883
    3908  -21.779883
    3909  -21.671323
    3910  -21.671323
    3911  -21.550783
    3912  -21.550783
    3913  -21.417439
    3914  -21.417439
    3915  -21.270535
    3916  -21.270535
    3917  -21.109671
    3918  -21.109671
    3919  -20.934287
    3920  -20.934287
    3921  -20.742079
    3922  -20.742079
    3923  -20.530527
    3924  -20.530527
    3925  -20.298217
    3926  -20.298217
    3927  -20.044655
    3928  -20.044655
    3929  -19.767988
    3930  -19.767988
    3931  -19.464237
    3932  -19.464237
    3933  -19.130246
    3934  -19.130246
    3935  -18.761957
    3936  -18.761957
    3937  -18.352025
    3938  -18.352025
    3939  -17.893934
    3940  -17.893934
    3941  -17.380488
    3942  -17.380488
    3943  -16.802606
    3944  -16.802606
    3945  -16.147219
    3946  -16.147219
    3947  -15.395969
    3948  -15.395969
    3949  -14.522720
    3950  -14.522720
    3951  -13.496077
    3952  -13.496077
    3953  -12.277165
    3954  -12.277165
    3955  -10.827415
    3956  -10.827415
    3957   -9.209126
    3958   -9.209126
    3959   -7.853923
    3960   -7.853923
