       1   -0.035664
       2   -0.035664
       3   -0.035389
       4   -0.035389
       5   -0.035052
       6   -0.035052
       7   -0.034973
       8   -0.034973
       9   -0.035037
      10   -0.035037
      11   -0.035057
      12   -0.035057
      13   -0.035048
      14   -0.035048
      15   -0.035034
      16   -0.035034
      17   -0.035023
      18   -0.035023
      19   -0.035008
      20   -0.035008
      21   -0.034988
      22   -0.034988
      23   -0.034965
      24   -0.034965
      25   -0.034934
      26   -0.034934
      27   -0.034899
      28   -0.034899
      29   -0.034858
      30   -0.034858
      31   -0.034812
      32   -0.034812
      33   -0.034762
      34   -0.034762
      35   -0.034709
      36   -0.034709
      37   -0.034652
      38   -0.034652
      39   -0.034593
      40   -0.034593
      41   -0.034532
      42   -0.034532
      43   -0.034473
      44   -0.034473
      45   -0.034412
      46   -0.034412
      47   -0.034348
      48   -0.034348
      49   -0.034282
      50   -0.034282
      51   -0.034213
      52   -0.034213
      53   -0.034139
      54   -0.034139
      55   -0.034062
      56   -0.034062
      57   -0.033982
      58   -0.033982
      59   -0.033900
      60   -0.033900
      61   -0.033815
      62   -0.033815
      63   -0.033727
      64   -0.033727
      65   -0.033637
      66   -0.033637
      67   -0.033546
      68   -0.033546
      69   -0.033454
      70   -0.033454
      71   -0.033360
      72   -0.033360
      73   -0.033258
      74   -0.033258
      75   -0.033142
      76   -0.033142
      77   -0.033016
      78   -0.033016
      79   -0.032885
      80   -0.032885
      81   -0.032753
      82   -0.032753
      83   -0.032620
      84   -0.032620
      85   -0.032480
      86   -0.032480
      87   -0.032329
      88   -0.032329
      89   -0.032175
      90   -0.032175
      91   -0.032009
      92   -0.032009
      93   -0.031826
      94   -0.031826
      95   -0.031642
      96   -0.031642
      97   -0.031448
      98   -0.031448
      99   -0.031225
     100   -0.031225
     101   -0.030989
     102   -0.030989
     103   -0.030743
     104   -0.030743
     105   -0.030465
     106   -0.030465
     107   -0.030139
     108   -0.030139
     109   -0.029759
     110   -0.029759
     111   -0.029309
     112   -0.029309
     113   -0.028787
     114   -0.028787
     115   -0.028193
     116   -0.028193
     117   -0.027530
     118   -0.027530
     119   -0.027047
     120   -0.027047
     121   -0.026956
     122   -0.026956
     123   -0.027088
     124   -0.027088
     125   -0.027251
     126   -0.027251
     127   -0.027379
     128   -0.027379
     129   -0.027448
     130   -0.027448
     131   -0.027454
     132   -0.027454
     133   -0.027412
     134   -0.027412
     135   -0.027345
     136   -0.027345
     137   -0.027247
     138   -0.027247
     139   -0.027128
     140   -0.027128
     141   -0.026991
     142   -0.026991
     143   -0.026832
     144   -0.026832
     145   -0.026661
     146   -0.026661
     147   -0.026483
     148   -0.026483
     149   -0.026265
     150   -0.026265
     151   -0.026007
     152   -0.026007
     153   -0.025734
     154   -0.025734
     155   -0.025428
     156   -0.025428
     157   -0.025075
     158   -0.025075
     159   -0.024682
     160   -0.024682
     161   -0.024261
     162   -0.024261
     163   -0.023818
     164   -0.023818
     165   -0.023254
     166   -0.023254
     167   -0.022504
     168   -0.022504
     169   -0.021652
     170   -0.021652
     171   -0.020768
     172   -0.020768
     173   -0.019798
     174   -0.019798
     175   -0.018656
     176   -0.018656
     177   -0.017327
     178   -0.017327
     179   -0.015775
     180   -0.015775
     181   -0.013854
     182   -0.013854
     183   -0.011555
     184   -0.011555
     185   -0.008899
     186   -0.008899
     187   -0.005977
     188   -0.005977
     189   -0.002421
     190   -0.002421
     191    0.002222
     192    0.002222
     193    0.009683
     194    0.009683
     195    0.021667
     196    0.021667
     197    0.032731
     198    0.032731
     199   -0.101626
     200   -0.101626
     201   -0.101114
     202   -0.101114
     203   -0.100551
     204   -0.100551
     205   -0.100483
     206   -0.100483
     207   -0.100613
     208   -0.100613
     209   -0.100639
     210   -0.100639
     211   -0.100614
     212   -0.100614
     213   -0.100579
     214   -0.100579
     215   -0.100547
     216   -0.100547
     217   -0.100502
     218   -0.100502
     219   -0.100444
     220   -0.100444
     221   -0.100376
     222   -0.100376
     223   -0.100291
     224   -0.100291
     225   -0.100193
     226   -0.100193
     227   -0.100081
     228   -0.100081
     229   -0.099952
     230   -0.099952
     231   -0.099812
     232   -0.099812
     233   -0.099662
     234   -0.099662
     235   -0.099503
     236   -0.099503
     237   -0.099336
     238   -0.099336
     239   -0.099164
     240   -0.099164
     241   -0.098993
     242   -0.098993
     243   -0.098819
     244   -0.098819
     245   -0.098637
     246   -0.098637
     247   -0.098452
     248   -0.098452
     249   -0.098259
     250   -0.098259
     251   -0.098052
     252   -0.098052
     253   -0.097835
     254   -0.097835
     255   -0.097611
     256   -0.097611
     257   -0.097380
     258   -0.097380
     259   -0.097141
     260   -0.097141
     261   -0.096895
     262   -0.096895
     263   -0.096642
     264   -0.096642
     265   -0.096386
     266   -0.096386
     267   -0.096128
     268   -0.096128
     269   -0.095867
     270   -0.095867
     271   -0.095584
     272   -0.095584
     273   -0.095260
     274   -0.095260
     275   -0.094906
     276   -0.094906
     277   -0.094539
     278   -0.094539
     279   -0.094163
     280   -0.094163
     281   -0.093784
     282   -0.093784
     283   -0.093393
     284   -0.093393
     285   -0.092974
     286   -0.092974
     287   -0.092546
     288   -0.092546
     289   -0.092091
     290   -0.092091
     291   -0.091588
     292   -0.091588
     293   -0.091069
     294   -0.091069
     295   -0.090517
     296   -0.090517
     297   -0.089894
     298   -0.089894
     299   -0.089242
     300   -0.089242
     301   -0.088560
     302   -0.088560
     303   -0.087787
     304   -0.087787
     305   -0.086884
     306   -0.086884
     307   -0.085833
     308   -0.085833
     309   -0.084599
     310   -0.084599
     311   -0.083185
     312   -0.083185
     313   -0.081568
     314   -0.081568
     315   -0.079771
     316   -0.079771
     317   -0.078465
     318   -0.078465
     319   -0.078210
     320   -0.078210
     321   -0.078567
     322   -0.078567
     323   -0.079024
     324   -0.079024
     325   -0.079389
     326   -0.079389
     327   -0.079591
     328   -0.079591
     329   -0.079622
     330   -0.079622
     331   -0.079539
     332   -0.079539
     333   -0.079386
     334   -0.079386
     335   -0.079144
     336   -0.079144
     337   -0.078839
     338   -0.078839
     339   -0.078478
     340   -0.078478
     341   -0.078052
     342   -0.078052
     343   -0.077584
     344   -0.077584
     345   -0.077085
     346   -0.077085
     347   -0.076475
     348   -0.076475
     349   -0.075766
     350   -0.075766
     351   -0.075022
     352   -0.075022
     353   -0.074183
     354   -0.074183
     355   -0.073207
     356   -0.073207
     357   -0.072108
     358   -0.072108
     359   -0.070923
     360   -0.070923
     361   -0.069667
     362   -0.069667
     363   -0.068110
     364   -0.068110
     365   -0.066123
     366   -0.066123
     367   -0.063879
     368   -0.063879
     369   -0.061525
     370   -0.061525
     371   -0.058921
     372   -0.058921
     373   -0.055839
     374   -0.055839
     375   -0.052264
     376   -0.052264
     377   -0.048100
     378   -0.048100
     379   -0.042994
     380   -0.042994
     381   -0.036974
     382   -0.036974
     383   -0.030157
     384   -0.030157
     385   -0.022878
     386   -0.022878
     387   -0.014365
     388   -0.014365
     389   -0.003299
     390   -0.003299
     391    0.013717
     392    0.013717
     393    0.038915
     394    0.038915
     395    0.060975
     396    0.060975
     397   -0.158763
     398   -0.158763
     399   -0.158360
     400   -0.158360
     401   -0.158031
     402   -0.158031
     403   -0.158135
     404   -0.158135
     405   -0.158296
     406   -0.158296
     407   -0.158314
     408   -0.158314
     409   -0.158284
     410   -0.158284
     411   -0.158237
     412   -0.158237
     413   -0.158186
     414   -0.158186
     415   -0.158112
     416   -0.158112
     417   -0.158016
     418   -0.158016
     419   -0.157906
     420   -0.157906
     421   -0.157775
     422   -0.157775
     423   -0.157626
     424   -0.157626
     425   -0.157457
     426   -0.157457
     427   -0.157265
     428   -0.157265
     429   -0.157052
     430   -0.157052
     431   -0.156821
     432   -0.156821
     433   -0.156576
     434   -0.156576
     435   -0.156319
     436   -0.156319
     437   -0.156054
     438   -0.156054
     439   -0.155785
     440   -0.155785
     441   -0.155511
     442   -0.155511
     443   -0.155231
     444   -0.155231
     445   -0.154946
     446   -0.154946
     447   -0.154650
     448   -0.154650
     449   -0.154334
     450   -0.154334
     451   -0.154002
     452   -0.154002
     453   -0.153660
     454   -0.153660
     455   -0.153306
     456   -0.153306
     457   -0.152941
     458   -0.152941
     459   -0.152564
     460   -0.152564
     461   -0.152179
     462   -0.152179
     463   -0.151789
     464   -0.151789
     465   -0.151397
     466   -0.151397
     467   -0.151005
     468   -0.151005
     469   -0.150584
     470   -0.150584
     471   -0.150095
     472   -0.150095
     473   -0.149552
     474   -0.149552
     475   -0.148986
     476   -0.148986
     477   -0.148405
     478   -0.148405
     479   -0.147822
     480   -0.147822
     481   -0.147226
     482   -0.147226
     483   -0.146598
     484   -0.146598
     485   -0.145954
     486   -0.145954
     487   -0.145275
     488   -0.145275
     489   -0.144530
     490   -0.144530
     491   -0.143736
     492   -0.143736
     493   -0.142880
     494   -0.142880
     495   -0.141944
     496   -0.141944
     497   -0.140964
     498   -0.140964
     499   -0.139921
     500   -0.139921
     501   -0.138734
     502   -0.138734
     503   -0.137358
     504   -0.137358
     505   -0.135782
     506   -0.135782
     507   -0.133983
     508   -0.133983
     509   -0.131954
     510   -0.131954
     511   -0.129654
     512   -0.129654
     513   -0.127177
     514   -0.127177
     515   -0.125361
     516   -0.125361
     517   -0.124912
     518   -0.124912
     519   -0.125368
     520   -0.125368
     521   -0.126030
     522   -0.126030
     523   -0.126572
     524   -0.126572
     525   -0.126875
     526   -0.126875
     527   -0.126933
     528   -0.126933
     529   -0.126835
     530   -0.126835
     531   -0.126631
     532   -0.126631
     533   -0.126303
     534   -0.126303
     535   -0.125870
     536   -0.125870
     537   -0.125342
     538   -0.125342
     539   -0.124716
     540   -0.124716
     541   -0.124003
     542   -0.124003
     543   -0.123203
     544   -0.123203
     545   -0.122254
     546   -0.122254
     547   -0.121184
     548   -0.121184
     549   -0.120047
     550   -0.120047
     551   -0.118754
     552   -0.118754
     553   -0.117255
     554   -0.117255
     555   -0.115550
     556   -0.115550
     557   -0.113684
     558   -0.113684
     559   -0.111674
     560   -0.111674
     561   -0.109327
     562   -0.109327
     563   -0.106525
     564   -0.106525
     565   -0.103366
     566   -0.103366
     567   -0.099993
     568   -0.099993
     569   -0.096217
     570   -0.096217
     571   -0.091744
     572   -0.091744
     573   -0.086591
     574   -0.086591
     575   -0.080605
     576   -0.080605
     577   -0.073460
     578   -0.073460
     579   -0.065287
     580   -0.065287
     581   -0.056431
     582   -0.056431
     583   -0.047439
     584   -0.047439
     585   -0.037372
     586   -0.037372
     587   -0.023152
     588   -0.023152
     589   -0.002794
     590   -0.002794
     591    0.020800
     592    0.020800
     593    0.038785
     594    0.038785
     595   -0.212074
     596   -0.212074
     597   -0.211670
     598   -0.211670
     599   -0.211369
     600   -0.211369
     601   -0.211517
     602   -0.211517
     603   -0.211717
     604   -0.211717
     605   -0.211769
     606   -0.211769
     607   -0.211755
     608   -0.211755
     609   -0.211701
     610   -0.211701
     611   -0.211626
     612   -0.211626
     613   -0.211521
     614   -0.211521
     615   -0.211386
     616   -0.211386
     617   -0.211228
     618   -0.211228
     619   -0.211047
     620   -0.211047
     621   -0.210843
     622   -0.210843
     623   -0.210617
     624   -0.210617
     625   -0.210368
     626   -0.210368
     627   -0.210092
     628   -0.210092
     629   -0.209790
     630   -0.209790
     631   -0.209469
     632   -0.209469
     633   -0.209131
     634   -0.209131
     635   -0.208781
     636   -0.208781
     637   -0.208423
     638   -0.208423
     639   -0.208062
     640   -0.208062
     641   -0.207694
     642   -0.207694
     643   -0.207316
     644   -0.207316
     645   -0.206924
     646   -0.206924
     647   -0.206511
     648   -0.206511
     649   -0.206079
     650   -0.206079
     651   -0.205632
     652   -0.205632
     653   -0.205170
     654   -0.205170
     655   -0.204693
     656   -0.204693
     657   -0.204201
     658   -0.204201
     659   -0.203699
     660   -0.203699
     661   -0.203190
     662   -0.203190
     663   -0.202678
     664   -0.202678
     665   -0.202169
     666   -0.202169
     667   -0.201631
     668   -0.201631
     669   -0.201006
     670   -0.201006
     671   -0.200302
     672   -0.200302
     673   -0.199564
     674   -0.199564
     675   -0.198815
     676   -0.198815
     677   -0.198062
     678   -0.198062
     679   -0.197290
     680   -0.197290
     681   -0.196488
     682   -0.196488
     683   -0.195656
     684   -0.195656
     685   -0.194777
     686   -0.194777
     687   -0.193824
     688   -0.193824
     689   -0.192793
     690   -0.192793
     691   -0.191684
     692   -0.191684
     693   -0.190493
     694   -0.190493
     695   -0.189219
     696   -0.189219
     697   -0.187821
     698   -0.187821
     699   -0.186232
     700   -0.186232
     701   -0.184433
     702   -0.184433
     703   -0.182435
     704   -0.182435
     705   -0.180225
     706   -0.180225
     707   -0.177771
     708   -0.177771
     709   -0.175066
     710   -0.175066
     711   -0.172323
     712   -0.172323
     713   -0.170269
     714   -0.170269
     715   -0.169587
     716   -0.169587
     717   -0.169986
     718   -0.169986
     719   -0.170703
     720   -0.170703
     721   -0.171318
     722   -0.171318
     723   -0.171671
     724   -0.171671
     725   -0.171741
     726   -0.171741
     727   -0.171614
     728   -0.171614
     729   -0.171330
     730   -0.171330
     731   -0.170891
     732   -0.170891
     733   -0.170310
     734   -0.170310
     735   -0.169607
     736   -0.169607
     737   -0.168779
     738   -0.168779
     739   -0.167809
     740   -0.167809
     741   -0.166685
     742   -0.166685
     743   -0.165400
     744   -0.165400
     745   -0.163976
     746   -0.163976
     747   -0.162408
     748   -0.162408
     749   -0.160619
     750   -0.160619
     751   -0.158576
     752   -0.158576
     753   -0.156268
     754   -0.156268
     755   -0.153720
     756   -0.153720
     757   -0.150945
     758   -0.150945
     759   -0.147872
     760   -0.147872
     761   -0.144410
     762   -0.144410
     763   -0.140512
     764   -0.140512
     765   -0.136290
     766   -0.136290
     767   -0.131536
     768   -0.131536
     769   -0.125982
     770   -0.125982
     771   -0.119670
     772   -0.119670
     773   -0.112424
     774   -0.112424
     775   -0.104126
     776   -0.104126
     777   -0.094958
     778   -0.094958
     779   -0.085678
     780   -0.085678
     781   -0.076820
     782   -0.076820
     783   -0.066930
     784   -0.066930
     785   -0.050985
     786   -0.050985
     787   -0.029293
     788   -0.029293
     789   -0.010509
     790   -0.010509
     791    0.001620
     792    0.001620
     793   -0.266728
     794   -0.266728
     795   -0.266129
     796   -0.266129
     797   -0.265565
     798   -0.265565
     799   -0.265652
     800   -0.265652
     801   -0.265960
     802   -0.265960
     803   -0.266097
     804   -0.266097
     805   -0.266103
     806   -0.266103
     807   -0.266030
     808   -0.266030
     809   -0.265913
     810   -0.265913
     811   -0.265761
     812   -0.265761
     813   -0.265579
     814   -0.265579
     815   -0.265366
     816   -0.265366
     817   -0.265125
     818   -0.265125
     819   -0.264857
     820   -0.264857
     821   -0.264565
     822   -0.264565
     823   -0.264252
     824   -0.264252
     825   -0.263912
     826   -0.263912
     827   -0.263543
     828   -0.263543
     829   -0.263148
     830   -0.263148
     831   -0.262730
     832   -0.262730
     833   -0.262296
     834   -0.262296
     835   -0.261851
     836   -0.261851
     837   -0.261403
     838   -0.261403
     839   -0.260948
     840   -0.260948
     841   -0.260479
     842   -0.260479
     843   -0.259993
     844   -0.259993
     845   -0.259486
     846   -0.259486
     847   -0.258957
     848   -0.258957
     849   -0.258408
     850   -0.258408
     851   -0.257841
     852   -0.257841
     853   -0.257255
     854   -0.257255
     855   -0.256651
     856   -0.256651
     857   -0.256033
     858   -0.256033
     859   -0.255405
     860   -0.255405
     861   -0.254770
     862   -0.254770
     863   -0.254130
     864   -0.254130
     865   -0.253456
     866   -0.253456
     867   -0.252703
     868   -0.252703
     869   -0.251868
     870   -0.251868
     871   -0.250990
     872   -0.250990
     873   -0.250096
     874   -0.250096
     875   -0.249187
     876   -0.249187
     877   -0.248249
     878   -0.248249
     879   -0.247277
     880   -0.247277
     881   -0.246257
     882   -0.246257
     883   -0.245174
     884   -0.245174
     885   -0.244013
     886   -0.244013
     887   -0.242761
     888   -0.242761
     889   -0.241426
     890   -0.241426
     891   -0.239991
     892   -0.239991
     893   -0.238426
     894   -0.238426
     895   -0.236679
     896   -0.236679
     897   -0.234726
     898   -0.234726
     899   -0.232583
     900   -0.232583
     901   -0.230259
     902   -0.230259
     903   -0.227726
     904   -0.227726
     905   -0.224943
     906   -0.224943
     907   -0.221967
     908   -0.221967
     909   -0.219077
     910   -0.219077
     911   -0.216881
     912   -0.216881
     913   -0.215991
     914   -0.215991
     915   -0.216216
     916   -0.216216
     917   -0.216822
     918   -0.216822
     919   -0.217390
     920   -0.217390
     921   -0.217741
     922   -0.217741
     923   -0.217812
     924   -0.217812
     925   -0.217652
     926   -0.217652
     927   -0.217272
     928   -0.217272
     929   -0.216682
     930   -0.216682
     931   -0.215933
     932   -0.215933
     933   -0.215042
     934   -0.215042
     935   -0.213992
     936   -0.213992
     937   -0.212762
     938   -0.212762
     939   -0.211334
     940   -0.211334
     941   -0.209720
     942   -0.209720
     943   -0.207930
     944   -0.207930
     945   -0.205915
     946   -0.205915
     947   -0.203607
     948   -0.203607
     949   -0.201006
     950   -0.201006
     951   -0.198125
     952   -0.198125
     953   -0.194948
     954   -0.194948
     955   -0.191459
     956   -0.191459
     957   -0.187665
     958   -0.187665
     959   -0.183487
     960   -0.183487
     961   -0.178819
     962   -0.178819
     963   -0.173737
     964   -0.173737
     965   -0.168076
     966   -0.168076
     967   -0.161636
     968   -0.161636
     969   -0.154410
     970   -0.154410
     971   -0.146255
     972   -0.146255
     973   -0.137132
     974   -0.137132
     975   -0.127109
     976   -0.127109
     977   -0.117862
     978   -0.117862
     979   -0.109465
     980   -0.109465
     981   -0.098838
     982   -0.098838
     983   -0.082238
     984   -0.082238
     985   -0.061392
     986   -0.061392
     987   -0.044343
     988   -0.044343
     989   -0.033183
     990   -0.033183
     991   -0.326567
     992   -0.326567
     993   -0.325956
     994   -0.325956
     995   -0.325367
     996   -0.325367
     997   -0.325416
     998   -0.325416
     999   -0.325646
    1000   -0.325646
    1001   -0.325679
    1002   -0.325679
    1003   -0.325594
    1004   -0.325594
    1005   -0.325442
    1006   -0.325442
    1007   -0.325252
    1008   -0.325252
    1009   -0.325032
    1010   -0.325032
    1011   -0.324786
    1012   -0.324786
    1013   -0.324509
    1014   -0.324509
    1015   -0.324201
    1016   -0.324201
    1017   -0.323863
    1018   -0.323863
    1019   -0.323497
    1020   -0.323497
    1021   -0.323108
    1022   -0.323108
    1023   -0.322694
    1024   -0.322694
    1025   -0.322252
    1026   -0.322252
    1027   -0.321776
    1028   -0.321776
    1029   -0.321272
    1030   -0.321272
    1031   -0.320749
    1032   -0.320749
    1033   -0.320217
    1034   -0.320217
    1035   -0.319681
    1036   -0.319681
    1037   -0.319137
    1038   -0.319137
    1039   -0.318579
    1040   -0.318579
    1041   -0.318001
    1042   -0.318001
    1043   -0.317400
    1044   -0.317400
    1045   -0.316773
    1046   -0.316773
    1047   -0.316121
    1048   -0.316121
    1049   -0.315446
    1050   -0.315446
    1051   -0.314747
    1052   -0.314747
    1053   -0.314024
    1054   -0.314024
    1055   -0.313282
    1056   -0.313282
    1057   -0.312528
    1058   -0.312528
    1059   -0.311762
    1060   -0.311762
    1061   -0.310977
    1062   -0.310977
    1063   -0.310154
    1064   -0.310154
    1065   -0.309267
    1066   -0.309267
    1067   -0.308313
    1068   -0.308313
    1069   -0.307311
    1070   -0.307311
    1071   -0.306277
    1072   -0.306277
    1073   -0.305204
    1074   -0.305204
    1075   -0.304092
    1076   -0.304092
    1077   -0.302938
    1078   -0.302938
    1079   -0.301719
    1080   -0.301719
    1081   -0.300425
    1082   -0.300425
    1083   -0.299052
    1084   -0.299052
    1085   -0.297587
    1086   -0.297587
    1087   -0.296027
    1088   -0.296027
    1089   -0.294349
    1090   -0.294349
    1091   -0.292513
    1092   -0.292513
    1093   -0.290492
    1094   -0.290492
    1095   -0.288294
    1096   -0.288294
    1097   -0.285923
    1098   -0.285923
    1099   -0.283355
    1100   -0.283355
    1101   -0.280549
    1102   -0.280549
    1103   -0.277485
    1104   -0.277485
    1105   -0.274261
    1106   -0.274261
    1107   -0.271139
    1108   -0.271139
    1109   -0.268666
    1110   -0.268666
    1111   -0.267448
    1112   -0.267448
    1113   -0.267379
    1114   -0.267379
    1115   -0.267781
    1116   -0.267781
    1117   -0.268195
    1118   -0.268195
    1119   -0.268435
    1120   -0.268435
    1121   -0.268417
    1122   -0.268417
    1123   -0.268174
    1124   -0.268174
    1125   -0.267721
    1126   -0.267721
    1127   -0.267050
    1128   -0.267050
    1129   -0.266194
    1130   -0.266194
    1131   -0.265147
    1132   -0.265147
    1133   -0.263889
    1134   -0.263889
    1135   -0.262437
    1136   -0.262437
    1137   -0.260779
    1138   -0.260779
    1139   -0.258904
    1140   -0.258904
    1141   -0.256805
    1142   -0.256805
    1143   -0.254425
    1144   -0.254425
    1145   -0.251707
    1146   -0.251707
    1147   -0.248661
    1148   -0.248661
    1149   -0.245313
    1150   -0.245313
    1151   -0.241602
    1152   -0.241602
    1153   -0.237490
    1154   -0.237490
    1155   -0.232997
    1156   -0.232997
    1157   -0.228044
    1158   -0.228044
    1159   -0.222561
    1160   -0.222561
    1161   -0.216598
    1162   -0.216598
    1163   -0.210070
    1164   -0.210070
    1165   -0.202815
    1166   -0.202815
    1167   -0.194733
    1168   -0.194733
    1169   -0.185681
    1170   -0.185681
    1171   -0.175500
    1172   -0.175500
    1173   -0.164006
    1174   -0.164006
    1175   -0.153734
    1176   -0.153734
    1177   -0.144275
    1178   -0.144275
    1179   -0.130808
    1180   -0.130808
    1181   -0.113116
    1182   -0.113116
    1183   -0.093366
    1184   -0.093366
    1185   -0.074606
    1186   -0.074606
    1187   -0.060723
    1188   -0.060723
    1189   -0.394875
    1190   -0.394875
    1191   -0.394505
    1192   -0.394505
    1193   -0.394170
    1194   -0.394170
    1195   -0.394081
    1196   -0.394081
    1197   -0.393917
    1198   -0.393917
    1199   -0.393626
    1200   -0.393626
    1201   -0.393344
    1202   -0.393344
    1203   -0.393051
    1204   -0.393051
    1205   -0.392744
    1206   -0.392744
    1207   -0.392424
    1208   -0.392424
    1209   -0.392092
    1210   -0.392092
    1211   -0.391734
    1212   -0.391734
    1213   -0.391343
    1214   -0.391343
    1215   -0.390922
    1216   -0.390922
    1217   -0.390472
    1218   -0.390472
    1219   -0.389993
    1220   -0.389993
    1221   -0.389488
    1222   -0.389488
    1223   -0.388953
    1224   -0.388953
    1225   -0.388382
    1226   -0.388382
    1227   -0.387777
    1228   -0.387777
    1229   -0.387150
    1230   -0.387150
    1231   -0.386523
    1232   -0.386523
    1233   -0.385901
    1234   -0.385901
    1235   -0.385267
    1236   -0.385267
    1237   -0.384615
    1238   -0.384615
    1239   -0.383944
    1240   -0.383944
    1241   -0.383246
    1242   -0.383246
    1243   -0.382518
    1244   -0.382518
    1245   -0.381759
    1246   -0.381759
    1247   -0.380969
    1248   -0.380969
    1249   -0.380146
    1250   -0.380146
    1251   -0.379289
    1252   -0.379289
    1253   -0.378406
    1254   -0.378406
    1255   -0.377515
    1256   -0.377515
    1257   -0.376616
    1258   -0.376616
    1259   -0.375688
    1260   -0.375688
    1261   -0.374718
    1262   -0.374718
    1263   -0.373698
    1264   -0.373698
    1265   -0.372623
    1266   -0.372623
    1267   -0.371489
    1268   -0.371489
    1269   -0.370295
    1270   -0.370295
    1271   -0.369046
    1272   -0.369046
    1273   -0.367747
    1274   -0.367747
    1275   -0.366394
    1276   -0.366394
    1277   -0.364968
    1278   -0.364968
    1279   -0.363461
    1280   -0.363461
    1281   -0.361879
    1282   -0.361879
    1283   -0.360207
    1284   -0.360207
    1285   -0.358426
    1286   -0.358426
    1287   -0.356519
    1288   -0.356519
    1289   -0.354461
    1290   -0.354461
    1291   -0.352245
    1292   -0.352245
    1293   -0.349878
    1294   -0.349878
    1295   -0.347326
    1296   -0.347326
    1297   -0.344544
    1298   -0.344544
    1299   -0.341494
    1300   -0.341494
    1301   -0.338187
    1302   -0.338187
    1303   -0.334734
    1304   -0.334734
    1305   -0.331341
    1306   -0.331341
    1307   -0.328460
    1308   -0.328460
    1309   -0.326771
    1310   -0.326771
    1311   -0.326369
    1312   -0.326369
    1313   -0.326574
    1314   -0.326574
    1315   -0.326791
    1316   -0.326791
    1317   -0.326813
    1318   -0.326813
    1319   -0.326596
    1320   -0.326596
    1321   -0.326181
    1322   -0.326181
    1323   -0.325634
    1324   -0.325634
    1325   -0.324922
    1326   -0.324922
    1327   -0.323976
    1328   -0.323976
    1329   -0.322773
    1330   -0.322773
    1331   -0.321324
    1332   -0.321324
    1333   -0.319665
    1334   -0.319665
    1335   -0.317813
    1336   -0.317813
    1337   -0.315732
    1338   -0.315732
    1339   -0.313365
    1340   -0.313365
    1341   -0.310667
    1342   -0.310667
    1343   -0.307629
    1344   -0.307629
    1345   -0.304231
    1346   -0.304231
    1347   -0.300450
    1348   -0.300450
    1349   -0.296236
    1350   -0.296236
    1351   -0.291541
    1352   -0.291541
    1353   -0.286356
    1354   -0.286356
    1355   -0.280623
    1356   -0.280623
    1357   -0.274333
    1358   -0.274333
    1359   -0.267498
    1360   -0.267498
    1361   -0.260054
    1362   -0.260054
    1363   -0.251875
    1364   -0.251875
    1365   -0.242801
    1366   -0.242801
    1367   -0.232645
    1368   -0.232645
    1369   -0.221364
    1370   -0.221364
    1371   -0.208423
    1372   -0.208423
    1373   -0.195270
    1374   -0.195270
    1375   -0.182155
    1376   -0.182155
    1377   -0.165548
    1378   -0.165548
    1379   -0.146188
    1380   -0.146188
    1381   -0.125355
    1382   -0.125355
    1383   -0.103355
    1384   -0.103355
    1385   -0.086053
    1386   -0.086053
    1387   -0.475011
    1388   -0.475011
    1389   -0.474560
    1390   -0.474560
    1391   -0.473944
    1392   -0.473944
    1393   -0.473351
    1394   -0.473351
    1395   -0.472713
    1396   -0.472713
    1397   -0.472071
    1398   -0.472071
    1399   -0.471502
    1400   -0.471502
    1401   -0.470966
    1402   -0.470966
    1403   -0.470450
    1404   -0.470450
    1405   -0.469964
    1406   -0.469964
    1407   -0.469499
    1408   -0.469499
    1409   -0.469027
    1410   -0.469027
    1411   -0.468531
    1412   -0.468531
    1413   -0.468011
    1414   -0.468011
    1415   -0.467464
    1416   -0.467464
    1417   -0.466882
    1418   -0.466882
    1419   -0.466269
    1420   -0.466269
    1421   -0.465622
    1422   -0.465622
    1423   -0.464941
    1424   -0.464941
    1425   -0.464220
    1426   -0.464220
    1427   -0.463472
    1428   -0.463472
    1429   -0.462735
    1430   -0.462735
    1431   -0.462012
    1432   -0.462012
    1433   -0.461275
    1434   -0.461275
    1435   -0.460517
    1436   -0.460517
    1437   -0.459740
    1438   -0.459740
    1439   -0.458937
    1440   -0.458937
    1441   -0.458099
    1442   -0.458099
    1443   -0.457223
    1444   -0.457223
    1445   -0.456306
    1446   -0.456306
    1447   -0.455347
    1448   -0.455347
    1449   -0.454341
    1450   -0.454341
    1451   -0.453304
    1452   -0.453304
    1453   -0.452264
    1454   -0.452264
    1455   -0.451219
    1456   -0.451219
    1457   -0.450144
    1458   -0.450144
    1459   -0.449026
    1460   -0.449026
    1461   -0.447866
    1462   -0.447866
    1463   -0.446658
    1464   -0.446658
    1465   -0.445373
    1466   -0.445373
    1467   -0.444010
    1468   -0.444010
    1469   -0.442583
    1470   -0.442583
    1471   -0.441096
    1472   -0.441096
    1473   -0.439542
    1474   -0.439542
    1475   -0.437911
    1476   -0.437911
    1477   -0.436195
    1478   -0.436195
    1479   -0.434398
    1480   -0.434398
    1481   -0.432510
    1482   -0.432510
    1483   -0.430502
    1484   -0.430502
    1485   -0.428366
    1486   -0.428366
    1487   -0.426092
    1488   -0.426092
    1489   -0.423671
    1490   -0.423671
    1491   -0.421097
    1492   -0.421097
    1493   -0.418337
    1494   -0.418337
    1495   -0.415354
    1496   -0.415354
    1497   -0.412122
    1498   -0.412122
    1499   -0.408673
    1500   -0.408673
    1501   -0.405102
    1502   -0.405102
    1503   -0.401578
    1504   -0.401578
    1505   -0.398524
    1506   -0.398524
    1507   -0.396674
    1508   -0.396674
    1509   -0.396169
    1510   -0.396169
    1511   -0.396291
    1512   -0.396291
    1513   -0.396399
    1514   -0.396399
    1515   -0.396296
    1516   -0.396296
    1517   -0.395935
    1518   -0.395935
    1519   -0.395328
    1520   -0.395328
    1521   -0.394567
    1522   -0.394567
    1523   -0.393632
    1524   -0.393632
    1525   -0.392450
    1526   -0.392450
    1527   -0.391023
    1528   -0.391023
    1529   -0.389359
    1530   -0.389359
    1531   -0.387471
    1532   -0.387471
    1533   -0.385389
    1534   -0.385389
    1535   -0.383060
    1536   -0.383060
    1537   -0.380404
    1538   -0.380404
    1539   -0.377381
    1540   -0.377381
    1541   -0.374003
    1542   -0.374003
    1543   -0.370220
    1544   -0.370220
    1545   -0.365962
    1546   -0.365962
    1547   -0.361227
    1548   -0.361227
    1549   -0.355937
    1550   -0.355937
    1551   -0.350053
    1552   -0.350053
    1553   -0.343591
    1554   -0.343591
    1555   -0.336561
    1556   -0.336561
    1557   -0.328859
    1558   -0.328859
    1559   -0.320411
    1560   -0.320411
    1561   -0.311135
    1562   -0.311135
    1563   -0.300791
    1564   -0.300791
    1565   -0.289168
    1566   -0.289168
    1567   -0.276685
    1568   -0.276685
    1569   -0.262540
    1570   -0.262540
    1571   -0.245653
    1572   -0.245653
    1573   -0.227488
    1574   -0.227488
    1575   -0.207886
    1576   -0.207886
    1577   -0.185956
    1578   -0.185956
    1579   -0.161350
    1580   -0.161350
    1581   -0.134756
    1582   -0.134756
    1583   -0.113553
    1584   -0.113553
    1585   -0.571325
    1586   -0.571325
    1587   -0.570359
    1588   -0.570359
    1589   -0.568897
    1590   -0.568897
    1591   -0.567530
    1592   -0.567530
    1593   -0.566335
    1594   -0.566335
    1595   -0.565243
    1596   -0.565243
    1597   -0.564249
    1598   -0.564249
    1599   -0.563339
    1600   -0.563339
    1601   -0.562522
    1602   -0.562522
    1603   -0.561795
    1604   -0.561795
    1605   -0.561128
    1606   -0.561128
    1607   -0.560488
    1608   -0.560488
    1609   -0.559855
    1610   -0.559855
    1611   -0.559217
    1612   -0.559217
    1613   -0.558558
    1614   -0.558558
    1615   -0.557859
    1616   -0.557859
    1617   -0.557119
    1618   -0.557119
    1619   -0.556347
    1620   -0.556347
    1621   -0.555546
    1622   -0.555546
    1623   -0.554704
    1624   -0.554704
    1625   -0.553830
    1626   -0.553830
    1627   -0.552959
    1628   -0.552959
    1629   -0.552097
    1630   -0.552097
    1631   -0.551224
    1632   -0.551224
    1633   -0.550338
    1634   -0.550338
    1635   -0.549440
    1636   -0.549440
    1637   -0.548521
    1638   -0.548521
    1639   -0.547563
    1640   -0.547563
    1641   -0.546557
    1642   -0.546557
    1643   -0.545499
    1644   -0.545499
    1645   -0.544390
    1646   -0.544390
    1647   -0.543230
    1648   -0.543230
    1649   -0.542033
    1650   -0.542033
    1651   -0.540821
    1652   -0.540821
    1653   -0.539596
    1654   -0.539596
    1655   -0.538345
    1656   -0.538345
    1657   -0.537059
    1658   -0.537059
    1659   -0.535734
    1660   -0.535734
    1661   -0.534358
    1662   -0.534358
    1663   -0.532908
    1664   -0.532908
    1665   -0.531376
    1666   -0.531376
    1667   -0.529772
    1668   -0.529772
    1669   -0.528099
    1670   -0.528099
    1671   -0.526350
    1672   -0.526350
    1673   -0.524519
    1674   -0.524519
    1675   -0.522592
    1676   -0.522592
    1677   -0.520561
    1678   -0.520561
    1679   -0.518418
    1680   -0.518418
    1681   -0.516147
    1682   -0.516147
    1683   -0.513740
    1684   -0.513740
    1685   -0.511199
    1686   -0.511199
    1687   -0.508510
    1688   -0.508510
    1689   -0.505661
    1690   -0.505661
    1691   -0.502644
    1692   -0.502644
    1693   -0.499438
    1694   -0.499438
    1695   -0.496042
    1696   -0.496042
    1697   -0.492494
    1698   -0.492494
    1699   -0.488851
    1700   -0.488851
    1701   -0.485286
    1702   -0.485286
    1703   -0.482298
    1704   -0.482298
    1705   -0.480589
    1706   -0.480589
    1707   -0.480155
    1708   -0.480155
    1709   -0.480250
    1710   -0.480250
    1711   -0.480314
    1712   -0.480314
    1713   -0.480184
    1714   -0.480184
    1715   -0.479784
    1716   -0.479784
    1717   -0.479067
    1718   -0.479067
    1719   -0.478093
    1720   -0.478093
    1721   -0.476879
    1722   -0.476879
    1723   -0.475435
    1724   -0.475435
    1725   -0.473783
    1726   -0.473783
    1727   -0.471904
    1728   -0.471904
    1729   -0.469788
    1730   -0.469788
    1731   -0.467442
    1732   -0.467442
    1733   -0.464813
    1734   -0.464813
    1735   -0.461847
    1736   -0.461847
    1737   -0.458505
    1738   -0.458505
    1739   -0.454748
    1740   -0.454748
    1741   -0.450546
    1742   -0.450546
    1743   -0.445853
    1744   -0.445853
    1745   -0.440631
    1746   -0.440631
    1747   -0.434775
    1748   -0.434775
    1749   -0.428246
    1750   -0.428246
    1751   -0.421110
    1752   -0.421110
    1753   -0.413342
    1754   -0.413342
    1755   -0.404750
    1756   -0.404750
    1757   -0.395206
    1758   -0.395206
    1759   -0.384593
    1760   -0.384593
    1761   -0.372668
    1762   -0.372668
    1763   -0.359270
    1764   -0.359270
    1765   -0.344898
    1766   -0.344898
    1767   -0.328760
    1768   -0.328760
    1769   -0.308745
    1770   -0.308745
    1771   -0.286153
    1772   -0.286153
    1773   -0.262210
    1774   -0.262210
    1775   -0.235344
    1776   -0.235344
    1777   -0.204454
    1778   -0.204454
    1779   -0.171024
    1780   -0.171024
    1781   -0.144168
    1782   -0.144168
    1783   -0.689876
    1784   -0.689876
    1785   -0.688436
    1786   -0.688436
    1787   -0.686325
    1788   -0.686325
    1789   -0.684397
    1790   -0.684397
    1791   -0.682696
    1792   -0.682696
    1793   -0.681147
    1794   -0.681147
    1795   -0.679720
    1796   -0.679720
    1797   -0.678418
    1798   -0.678418
    1799   -0.677275
    1800   -0.677275
    1801   -0.676265
    1802   -0.676265
    1803   -0.675343
    1804   -0.675343
    1805   -0.674476
    1806   -0.674476
    1807   -0.673652
    1808   -0.673652
    1809   -0.672849
    1810   -0.672849
    1811   -0.672038
    1812   -0.672038
    1813   -0.671192
    1814   -0.671192
    1815   -0.670302
    1816   -0.670302
    1817   -0.669385
    1818   -0.669385
    1819   -0.668448
    1820   -0.668448
    1821   -0.667471
    1822   -0.667471
    1823   -0.666457
    1824   -0.666457
    1825   -0.665427
    1826   -0.665427
    1827   -0.664389
    1828   -0.664389
    1829   -0.663347
    1830   -0.663347
    1831   -0.662306
    1832   -0.662306
    1833   -0.661266
    1834   -0.661266
    1835   -0.660212
    1836   -0.660212
    1837   -0.659115
    1838   -0.659115
    1839   -0.657961
    1840   -0.657961
    1841   -0.656747
    1842   -0.656747
    1843   -0.655475
    1844   -0.655475
    1845   -0.654152
    1846   -0.654152
    1847   -0.652783
    1848   -0.652783
    1849   -0.651375
    1850   -0.651375
    1851   -0.649934
    1852   -0.649934
    1853   -0.648469
    1854   -0.648469
    1855   -0.646978
    1856   -0.646978
    1857   -0.645446
    1858   -0.645446
    1859   -0.643862
    1860   -0.643862
    1861   -0.642216
    1862   -0.642216
    1863   -0.640491
    1864   -0.640491
    1865   -0.638688
    1866   -0.638688
    1867   -0.636813
    1868   -0.636813
    1869   -0.634859
    1870   -0.634859
    1871   -0.632808
    1872   -0.632808
    1873   -0.630639
    1874   -0.630639
    1875   -0.628327
    1876   -0.628327
    1877   -0.625878
    1878   -0.625878
    1879   -0.623297
    1880   -0.623297
    1881   -0.620573
    1882   -0.620573
    1883   -0.617714
    1884   -0.617714
    1885   -0.614708
    1886   -0.614708
    1887   -0.611535
    1888   -0.611535
    1889   -0.608203
    1890   -0.608203
    1891   -0.604703
    1892   -0.604703
    1893   -0.601041
    1894   -0.601041
    1895   -0.597240
    1896   -0.597240
    1897   -0.593336
    1898   -0.593336
    1899   -0.589524
    1900   -0.589524
    1901   -0.586352
    1902   -0.586352
    1903   -0.584509
    1904   -0.584509
    1905   -0.583922
    1906   -0.583922
    1907   -0.583847
    1908   -0.583847
    1909   -0.583765
    1910   -0.583765
    1911   -0.583537
    1912   -0.583537
    1913   -0.583104
    1914   -0.583104
    1915   -0.582378
    1916   -0.582378
    1917   -0.581347
    1918   -0.581347
    1919   -0.580035
    1920   -0.580035
    1921   -0.578478
    1922   -0.578478
    1923   -0.576666
    1924   -0.576666
    1925   -0.574579
    1926   -0.574579
    1927   -0.572221
    1928   -0.572221
    1929   -0.569566
    1930   -0.569566
    1931   -0.566566
    1932   -0.566566
    1933   -0.563198
    1934   -0.563198
    1935   -0.559438
    1936   -0.559438
    1937   -0.555224
    1938   -0.555224
    1939   -0.550579
    1940   -0.550579
    1941   -0.545475
    1942   -0.545475
    1943   -0.539792
    1944   -0.539792
    1945   -0.533420
    1946   -0.533420
    1947   -0.526283
    1948   -0.526283
    1949   -0.518408
    1950   -0.518408
    1951   -0.509767
    1952   -0.509767
    1953   -0.500166
    1954   -0.500166
    1955   -0.489356
    1956   -0.489356
    1957   -0.477118
    1958   -0.477118
    1959   -0.463315
    1960   -0.463315
    1961   -0.447837
    1962   -0.447837
    1963   -0.430741
    1964   -0.430741
    1965   -0.411520
    1966   -0.411520
    1967   -0.388678
    1968   -0.388678
    1969   -0.362024
    1970   -0.362024
    1971   -0.331939
    1972   -0.331939
    1973   -0.297524
    1974   -0.297524
    1975   -0.258025
    1976   -0.258025
    1977   -0.215552
    1978   -0.215552
    1979   -0.181284
    1980   -0.181284
    1981   -0.839740
    1982   -0.839740
    1983   -0.837931
    1984   -0.837931
    1985   -0.835352
    1986   -0.835352
    1987   -0.833058
    1988   -0.833058
    1989   -0.830988
    1990   -0.830988
    1991   -0.829044
    1992   -0.829044
    1993   -0.827234
    1994   -0.827234
    1995   -0.825577
    1996   -0.825577
    1997   -0.824097
    1998   -0.824097
    1999   -0.822764
    2000   -0.822764
    2001   -0.821540
    2002   -0.821540
    2003   -0.820402
    2004   -0.820402
    2005   -0.819335
    2006   -0.819335
    2007   -0.818310
    2008   -0.818310
    2009   -0.817295
    2010   -0.817295
    2011   -0.816260
    2012   -0.816260
    2013   -0.815194
    2014   -0.815194
    2015   -0.814105
    2016   -0.814105
    2017   -0.812991
    2018   -0.812991
    2019   -0.811841
    2020   -0.811841
    2021   -0.810652
    2022   -0.810652
    2023   -0.809435
    2024   -0.809435
    2025   -0.808202
    2026   -0.808202
    2027   -0.806974
    2028   -0.806974
    2029   -0.805754
    2030   -0.805754
    2031   -0.804535
    2032   -0.804535
    2033   -0.803303
    2034   -0.803303
    2035   -0.802030
    2036   -0.802030
    2037   -0.800704
    2038   -0.800704
    2039   -0.799319
    2040   -0.799319
    2041   -0.797874
    2042   -0.797874
    2043   -0.796366
    2044   -0.796366
    2045   -0.794797
    2046   -0.794797
    2047   -0.793170
    2048   -0.793170
    2049   -0.791492
    2050   -0.791492
    2051   -0.789778
    2052   -0.789778
    2053   -0.788032
    2054   -0.788032
    2055   -0.786247
    2056   -0.786247
    2057   -0.784410
    2058   -0.784410
    2059   -0.782514
    2060   -0.782514
    2061   -0.780545
    2062   -0.780545
    2063   -0.778501
    2064   -0.778501
    2065   -0.776399
    2066   -0.776399
    2067   -0.774228
    2068   -0.774228
    2069   -0.771936
    2070   -0.771936
    2071   -0.769448
    2072   -0.769448
    2073   -0.766758
    2074   -0.766758
    2075   -0.763931
    2076   -0.763931
    2077   -0.760991
    2078   -0.760991
    2079   -0.757914
    2080   -0.757914
    2081   -0.754702
    2082   -0.754702
    2083   -0.751345
    2084   -0.751345
    2085   -0.747826
    2086   -0.747826
    2087   -0.744162
    2088   -0.744162
    2089   -0.740348
    2090   -0.740348
    2091   -0.736364
    2092   -0.736364
    2093   -0.732198
    2094   -0.732198
    2095   -0.727904
    2096   -0.727904
    2097   -0.723702
    2098   -0.723702
    2099   -0.720192
    2100   -0.720192
    2101   -0.718083
    2102   -0.718083
    2103   -0.717282
    2104   -0.717282
    2105   -0.717067
    2106   -0.717067
    2107   -0.716920
    2108   -0.716920
    2109   -0.716657
    2110   -0.716657
    2111   -0.716217
    2112   -0.716217
    2113   -0.715512
    2114   -0.715512
    2115   -0.714453
    2116   -0.714453
    2117   -0.713051
    2118   -0.713051
    2119   -0.711338
    2120   -0.711338
    2121   -0.709293
    2122   -0.709293
    2123   -0.706926
    2124   -0.706926
    2125   -0.704226
    2126   -0.704226
    2127   -0.701142
    2128   -0.701142
    2129   -0.697631
    2130   -0.697631
    2131   -0.693678
    2132   -0.693678
    2133   -0.689295
    2134   -0.689295
    2135   -0.684458
    2136   -0.684458
    2137   -0.679180
    2138   -0.679180
    2139   -0.673405
    2140   -0.673405
    2141   -0.667010
    2142   -0.667010
    2143   -0.659897
    2144   -0.659897
    2145   -0.651918
    2146   -0.651918
    2147   -0.643037
    2148   -0.643037
    2149   -0.633210
    2150   -0.633210
    2151   -0.622210
    2152   -0.622210
    2153   -0.609768
    2154   -0.609768
    2155   -0.595626
    2156   -0.595626
    2157   -0.579601
    2158   -0.579601
    2159   -0.561438
    2160   -0.561438
    2161   -0.540826
    2162   -0.540826
    2163   -0.517804
    2164   -0.517804
    2165   -0.491430
    2166   -0.491430
    2167   -0.459917
    2168   -0.459917
    2169   -0.422627
    2170   -0.422627
    2171   -0.379026
    2172   -0.379026
    2173   -0.328715
    2174   -0.328715
    2175   -0.274769
    2176   -0.274769
    2177   -0.231190
    2178   -0.231190
    2179   -1.035632
    2180   -1.035632
    2181   -1.033690
    2182   -1.033690
    2183   -1.030860
    2184   -1.030860
    2185   -1.028310
    2186   -1.028310
    2187   -1.025961
    2188   -1.025961
    2189   -1.023683
    2190   -1.023683
    2191   -1.021573
    2192   -1.021573
    2193   -1.019645
    2194   -1.019645
    2195   -1.017855
    2196   -1.017855
    2197   -1.016186
    2198   -1.016186
    2199   -1.014630
    2200   -1.014630
    2201   -1.013190
    2202   -1.013190
    2203   -1.011852
    2204   -1.011852
    2205   -1.010568
    2206   -1.010568
    2207   -1.009303
    2208   -1.009303
    2209   -1.008039
    2210   -1.008039
    2211   -1.006765
    2212   -1.006765
    2213   -1.005464
    2214   -1.005464
    2215   -1.004125
    2216   -1.004125
    2217   -1.002749
    2218   -1.002749
    2219   -1.001340
    2220   -1.001340
    2221   -0.999902
    2222   -0.999902
    2223   -0.998453
    2224   -0.998453
    2225   -0.997010
    2226   -0.997010
    2227   -0.995571
    2228   -0.995571
    2229   -0.994122
    2230   -0.994122
    2231   -0.992654
    2232   -0.992654
    2233   -0.991154
    2234   -0.991154
    2235   -0.989608
    2236   -0.989608
    2237   -0.988010
    2238   -0.988010
    2239   -0.986348
    2240   -0.986348
    2241   -0.984608
    2242   -0.984608
    2243   -0.982789
    2244   -0.982789
    2245   -0.980899
    2246   -0.980899
    2247   -0.978942
    2248   -0.978942
    2249   -0.976924
    2250   -0.976924
    2251   -0.974857
    2252   -0.974857
    2253   -0.972747
    2254   -0.972747
    2255   -0.970584
    2256   -0.970584
    2257   -0.968357
    2258   -0.968357
    2259   -0.966059
    2260   -0.966059
    2261   -0.963700
    2262   -0.963700
    2263   -0.961297
    2264   -0.961297
    2265   -0.958852
    2266   -0.958852
    2267   -0.956264
    2268   -0.956264
    2269   -0.953364
    2270   -0.953364
    2271   -0.950183
    2272   -0.950183
    2273   -0.946884
    2274   -0.946884
    2275   -0.943506
    2276   -0.943506
    2277   -0.940003
    2278   -0.940003
    2279   -0.936362
    2280   -0.936362
    2281   -0.932594
    2282   -0.932594
    2283   -0.928690
    2284   -0.928690
    2285   -0.924640
    2286   -0.924640
    2287   -0.920441
    2288   -0.920441
    2289   -0.916055
    2290   -0.916055
    2291   -0.911476
    2292   -0.911476
    2293   -0.906798
    2294   -0.906798
    2295   -0.902267
    2296   -0.902267
    2297   -0.898608
    2298   -0.898608
    2299   -0.896546
    2300   -0.896546
    2301   -0.895851
    2302   -0.895851
    2303   -0.895813
    2304   -0.895813
    2305   -0.895927
    2306   -0.895927
    2307   -0.895876
    2308   -0.895876
    2309   -0.895544
    2310   -0.895544
    2311   -0.894888
    2312   -0.894888
    2313   -0.893782
    2314   -0.893782
    2315   -0.892207
    2316   -0.892207
    2317   -0.890237
    2318   -0.890237
    2319   -0.887901
    2320   -0.887901
    2321   -0.885189
    2322   -0.885189
    2323   -0.882015
    2324   -0.882015
    2325   -0.878335
    2326   -0.878335
    2327   -0.874155
    2328   -0.874155
    2329   -0.869455
    2330   -0.869455
    2331   -0.864255
    2332   -0.864255
    2333   -0.858545
    2334   -0.858545
    2335   -0.852267
    2336   -0.852267
    2337   -0.845384
    2338   -0.845384
    2339   -0.837823
    2340   -0.837823
    2341   -0.829471
    2342   -0.829471
    2343   -0.820124
    2344   -0.820124
    2345   -0.809675
    2346   -0.809675
    2347   -0.798011
    2348   -0.798011
    2349   -0.784887
    2350   -0.784887
    2351   -0.770177
    2352   -0.770177
    2353   -0.753636
    2354   -0.753636
    2355   -0.734882
    2356   -0.734882
    2357   -0.713490
    2358   -0.713490
    2359   -0.688615
    2360   -0.688615
    2361   -0.660327
    2362   -0.660327
    2363   -0.628481
    2364   -0.628481
    2365   -0.590817
    2366   -0.590817
    2367   -0.545575
    2368   -0.545575
    2369   -0.491406
    2370   -0.491406
    2371   -0.427768
    2372   -0.427768
    2373   -0.358895
    2374   -0.358895
    2375   -0.302871
    2376   -0.302871
    2377   -1.302019
    2378   -1.302019
    2379   -1.300493
    2380   -1.300493
    2381   -1.298016
    2382   -1.298016
    2383   -1.295598
    2384   -1.295598
    2385   -1.293247
    2386   -1.293247
    2387   -1.290837
    2388   -1.290837
    2389   -1.288595
    2390   -1.288595
    2391   -1.286526
    2392   -1.286526
    2393   -1.284546
    2394   -1.284546
    2395   -1.282634
    2396   -1.282634
    2397   -1.280796
    2398   -1.280796
    2399   -1.279059
    2400   -1.279059
    2401   -1.277417
    2402   -1.277417
    2403   -1.275833
    2404   -1.275833
    2405   -1.274276
    2406   -1.274276
    2407   -1.272730
    2408   -1.272730
    2409   -1.271184
    2410   -1.271184
    2411   -1.269615
    2412   -1.269615
    2413   -1.268004
    2414   -1.268004
    2415   -1.266346
    2416   -1.266346
    2417   -1.264652
    2418   -1.264652
    2419   -1.262935
    2420   -1.262935
    2421   -1.261208
    2422   -1.261208
    2423   -1.259475
    2424   -1.259475
    2425   -1.257731
    2426   -1.257731
    2427   -1.255971
    2428   -1.255971
    2429   -1.254190
    2430   -1.254190
    2431   -1.252380
    2432   -1.252380
    2433   -1.250527
    2434   -1.250527
    2435   -1.248615
    2436   -1.248615
    2437   -1.246629
    2438   -1.246629
    2439   -1.244557
    2440   -1.244557
    2441   -1.242396
    2442   -1.242396
    2443   -1.240142
    2444   -1.240142
    2445   -1.237799
    2446   -1.237799
    2447   -1.235373
    2448   -1.235373
    2449   -1.232874
    2450   -1.232874
    2451   -1.230315
    2452   -1.230315
    2453   -1.227691
    2454   -1.227691
    2455   -1.224991
    2456   -1.224991
    2457   -1.222220
    2458   -1.222220
    2459   -1.219381
    2460   -1.219381
    2461   -1.216482
    2462   -1.216482
    2463   -1.213532
    2464   -1.213532
    2465   -1.210425
    2466   -1.210425
    2467   -1.206986
    2468   -1.206986
    2469   -1.203258
    2470   -1.203258
    2471   -1.199405
    2472   -1.199405
    2473   -1.195465
    2474   -1.195465
    2475   -1.191389
    2476   -1.191389
    2477   -1.187155
    2478   -1.187155
    2479   -1.182799
    2480   -1.182799
    2481   -1.178304
    2482   -1.178304
    2483   -1.173613
    2484   -1.173613
    2485   -1.168706
    2486   -1.168706
    2487   -1.163571
    2488   -1.163571
    2489   -1.158256
    2490   -1.158256
    2491   -1.152879
    2492   -1.152879
    2493   -1.147709
    2494   -1.147709
    2495   -1.143613
    2496   -1.143613
    2497   -1.141449
    2498   -1.141449
    2499   -1.140857
    2500   -1.140857
    2501   -1.140978
    2502   -1.140978
    2503   -1.141271
    2504   -1.141271
    2505   -1.141340
    2506   -1.141340
    2507   -1.141028
    2508   -1.141028
    2509   -1.140304
    2510   -1.140304
    2511   -1.139027
    2512   -1.139027
    2513   -1.137137
    2514   -1.137137
    2515   -1.134768
    2516   -1.134768
    2517   -1.132025
    2518   -1.132025
    2519   -1.128786
    2520   -1.128786
    2521   -1.124902
    2522   -1.124902
    2523   -1.120380
    2524   -1.120380
    2525   -1.115266
    2526   -1.115266
    2527   -1.109557
    2528   -1.109557
    2529   -1.103238
    2530   -1.103238
    2531   -1.096255
    2532   -1.096255
    2533   -1.088518
    2534   -1.088518
    2535   -1.080056
    2536   -1.080056
    2537   -1.070795
    2538   -1.070795
    2539   -1.060563
    2540   -1.060563
    2541   -1.049181
    2542   -1.049181
    2543   -1.036440
    2544   -1.036440
    2545   -1.022143
    2546   -1.022143
    2547   -1.006112
    2548   -1.006112
    2549   -0.988274
    2550   -0.988274
    2551   -0.968377
    2552   -0.968377
    2553   -0.945943
    2554   -0.945943
    2555   -0.920455
    2556   -0.920455
    2557   -0.890527
    2558   -0.890527
    2559   -0.855465
    2560   -0.855465
    2561   -0.815661
    2562   -0.815661
    2563   -0.769877
    2564   -0.769877
    2565   -0.715389
    2566   -0.715389
    2567   -0.648614
    2568   -0.648614
    2569   -0.568462
    2570   -0.568462
    2571   -0.480386
    2572   -0.480386
    2573   -0.407681
    2574   -0.407681
    2575   -1.675825
    2576   -1.675825
    2577   -1.675711
    2578   -1.675711
    2579   -1.674910
    2580   -1.674910
    2581   -1.673397
    2582   -1.673397
    2583   -1.671387
    2584   -1.671387
    2585   -1.669109
    2586   -1.669109
    2587   -1.666941
    2588   -1.666941
    2589   -1.664859
    2590   -1.664859
    2591   -1.662791
    2592   -1.662791
    2593   -1.660726
    2594   -1.660726
    2595   -1.658675
    2596   -1.658675
    2597   -1.656649
    2598   -1.656649
    2599   -1.654647
    2600   -1.654647
    2601   -1.652683
    2602   -1.652683
    2603   -1.650756
    2604   -1.650756
    2605   -1.648840
    2606   -1.648840
    2607   -1.646921
    2608   -1.646921
    2609   -1.644985
    2610   -1.644985
    2611   -1.643012
    2612   -1.643012
    2613   -1.640980
    2614   -1.640980
    2615   -1.638896
    2616   -1.638896
    2617   -1.636785
    2618   -1.636785
    2619   -1.634654
    2620   -1.634654
    2621   -1.632494
    2622   -1.632494
    2623   -1.630303
    2624   -1.630303
    2625   -1.628088
    2626   -1.628088
    2627   -1.625844
    2628   -1.625844
    2629   -1.623562
    2630   -1.623562
    2631   -1.621227
    2632   -1.621227
    2633   -1.618815
    2634   -1.618815
    2635   -1.616315
    2636   -1.616315
    2637   -1.613725
    2638   -1.613725
    2639   -1.611034
    2640   -1.611034
    2641   -1.608224
    2642   -1.608224
    2643   -1.605298
    2644   -1.605298
    2645   -1.602266
    2646   -1.602266
    2647   -1.599134
    2648   -1.599134
    2649   -1.595909
    2650   -1.595909
    2651   -1.592594
    2652   -1.592594
    2653   -1.589184
    2654   -1.589184
    2655   -1.585683
    2656   -1.585683
    2657   -1.582077
    2658   -1.582077
    2659   -1.578349
    2660   -1.578349
    2661   -1.574502
    2662   -1.574502
    2663   -1.570493
    2664   -1.570493
    2665   -1.566262
    2666   -1.566262
    2667   -1.561826
    2668   -1.561826
    2669   -1.557227
    2670   -1.557227
    2671   -1.552471
    2672   -1.552471
    2673   -1.547552
    2674   -1.547552
    2675   -1.542437
    2676   -1.542437
    2677   -1.537115
    2678   -1.537115
    2679   -1.531578
    2680   -1.531578
    2681   -1.525758
    2682   -1.525758
    2683   -1.519609
    2684   -1.519609
    2685   -1.513145
    2686   -1.513145
    2687   -1.506433
    2688   -1.506433
    2689   -1.499584
    2690   -1.499584
    2691   -1.492894
    2692   -1.492894
    2693   -1.487350
    2694   -1.487350
    2695   -1.484173
    2696   -1.484173
    2697   -1.483093
    2698   -1.483093
    2699   -1.482833
    2700   -1.482833
    2701   -1.482603
    2702   -1.482603
    2703   -1.482051
    2704   -1.482051
    2705   -1.481063
    2706   -1.481063
    2707   -1.479585
    2708   -1.479585
    2709   -1.477587
    2710   -1.477587
    2711   -1.474957
    2712   -1.474957
    2713   -1.471683
    2714   -1.471683
    2715   -1.467911
    2716   -1.467911
    2717   -1.463520
    2718   -1.463520
    2719   -1.458397
    2720   -1.458397
    2721   -1.452545
    2722   -1.452545
    2723   -1.445963
    2724   -1.445963
    2725   -1.438656
    2726   -1.438656
    2727   -1.430543
    2728   -1.430543
    2729   -1.421536
    2730   -1.421536
    2731   -1.411566
    2732   -1.411566
    2733   -1.400635
    2734   -1.400635
    2735   -1.388625
    2736   -1.388625
    2737   -1.375395
    2738   -1.375395
    2739   -1.360862
    2740   -1.360862
    2741   -1.344709
    2742   -1.344709
    2743   -1.326638
    2744   -1.326638
    2745   -1.306524
    2746   -1.306524
    2747   -1.284168
    2748   -1.284168
    2749   -1.259260
    2750   -1.259260
    2751   -1.231336
    2752   -1.231336
    2753   -1.199710
    2754   -1.199710
    2755   -1.163145
    2756   -1.163145
    2757   -1.120619
    2758   -1.120619
    2759   -1.071151
    2760   -1.071151
    2761   -1.013805
    2762   -1.013805
    2763   -0.946456
    2764   -0.946456
    2765   -0.863460
    2766   -0.863460
    2767   -0.762714
    2768   -0.762714
    2769   -0.650720
    2770   -0.650720
    2771   -0.556876
    2772   -0.556876
    2773   -2.211560
    2774   -2.211560
    2775   -2.213587
    2776   -2.213587
    2777   -2.215211
    2778   -2.215211
    2779   -2.214559
    2780   -2.214559
    2781   -2.212686
    2782   -2.212686
    2783   -2.210549
    2784   -2.210549
    2785   -2.208481
    2786   -2.208481
    2787   -2.206370
    2788   -2.206370
    2789   -2.204165
    2790   -2.204165
    2791   -2.201887
    2792   -2.201887
    2793   -2.199557
    2794   -2.199557
    2795   -2.197162
    2796   -2.197162
    2797   -2.194697
    2798   -2.194697
    2799   -2.192220
    2800   -2.192220
    2801   -2.189761
    2802   -2.189761
    2803   -2.187313
    2804   -2.187313
    2805   -2.184861
    2806   -2.184861
    2807   -2.182380
    2808   -2.182380
    2809   -2.179854
    2810   -2.179854
    2811   -2.177274
    2812   -2.177274
    2813   -2.174636
    2814   -2.174636
    2815   -2.171941
    2816   -2.171941
    2817   -2.169190
    2818   -2.169190
    2819   -2.166382
    2820   -2.166382
    2821   -2.163519
    2822   -2.163519
    2823   -2.160600
    2824   -2.160600
    2825   -2.157617
    2826   -2.157617
    2827   -2.154556
    2828   -2.154556
    2829   -2.151411
    2830   -2.151411
    2831   -2.148176
    2832   -2.148176
    2833   -2.144842
    2834   -2.144842
    2835   -2.141400
    2836   -2.141400
    2837   -2.137838
    2838   -2.137838
    2839   -2.134140
    2840   -2.134140
    2841   -2.130302
    2842   -2.130302
    2843   -2.126322
    2844   -2.126322
    2845   -2.122197
    2846   -2.122197
    2847   -2.117936
    2848   -2.117936
    2849   -2.113542
    2850   -2.113542
    2851   -2.109014
    2852   -2.109014
    2853   -2.104347
    2854   -2.104347
    2855   -2.099509
    2856   -2.099509
    2857   -2.094466
    2858   -2.094466
    2859   -2.089209
    2860   -2.089209
    2861   -2.083782
    2862   -2.083782
    2863   -2.078269
    2864   -2.078269
    2865   -2.072650
    2866   -2.072650
    2867   -2.066807
    2868   -2.066807
    2869   -2.060704
    2870   -2.060704
    2871   -2.054383
    2872   -2.054383
    2873   -2.047797
    2874   -2.047797
    2875   -2.040864
    2876   -2.040864
    2877   -2.033579
    2878   -2.033579
    2879   -2.025898
    2880   -2.025898
    2881   -2.017777
    2882   -2.017777
    2883   -2.009211
    2884   -2.009211
    2885   -2.000219
    2886   -2.000219
    2887   -1.990914
    2888   -1.990914
    2889   -1.981728
    2890   -1.981728
    2891   -1.973795
    2892   -1.973795
    2893   -1.968705
    2894   -1.968705
    2895   -1.966453
    2896   -1.966453
    2897   -1.965255
    2898   -1.965255
    2899   -1.963860
    2900   -1.963860
    2901   -1.961960
    2902   -1.961960
    2903   -1.959504
    2904   -1.959504
    2905   -1.956476
    2906   -1.956476
    2907   -1.953034
    2908   -1.953034
    2909   -1.949083
    2910   -1.949083
    2911   -1.944299
    2912   -1.944299
    2913   -1.938670
    2914   -1.938670
    2915   -1.932244
    2916   -1.932244
    2917   -1.925010
    2918   -1.925010
    2919   -1.916901
    2920   -1.916901
    2921   -1.907878
    2922   -1.907878
    2923   -1.897907
    2924   -1.897907
    2925   -1.886819
    2926   -1.886819
    2927   -1.874524
    2928   -1.874524
    2929   -1.860959
    2930   -1.860959
    2931   -1.846015
    2932   -1.846015
    2933   -1.829605
    2934   -1.829605
    2935   -1.811654
    2936   -1.811654
    2937   -1.792073
    2938   -1.792073
    2939   -1.770495
    2940   -1.770495
    2941   -1.746548
    2942   -1.746548
    2943   -1.720068
    2944   -1.720068
    2945   -1.690706
    2946   -1.690706
    2947   -1.658053
    2948   -1.658053
    2949   -1.621592
    2950   -1.621592
    2951   -1.580516
    2952   -1.580516
    2953   -1.533828
    2954   -1.533828
    2955   -1.480551
    2956   -1.480551
    2957   -1.418012
    2958   -1.418012
    2959   -1.344015
    2960   -1.344015
    2961   -1.256818
    2962   -1.256818
    2963   -1.150774
    2964   -1.150774
    2965   -1.023287
    2966   -1.023287
    2967   -0.880768
    2968   -0.880768
    2969   -0.760297
    2970   -0.760297
    2971   -3.019090
    2972   -3.019090
    2973   -3.022090
    2974   -3.022090
    2975   -3.023899
    2976   -3.023899
    2977   -3.022040
    2978   -3.022040
    2979   -3.019355
    2980   -3.019355
    2981   -3.016939
    2982   -3.016939
    2983   -3.014559
    2984   -3.014559
    2985   -3.012094
    2986   -3.012094
    2987   -3.009490
    2988   -3.009490
    2989   -3.006748
    2990   -3.006748
    2991   -3.003880
    2992   -3.003880
    2993   -3.000871
    2994   -3.000871
    2995   -2.997725
    2996   -2.997725
    2997   -2.994488
    2998   -2.994488
    2999   -2.991206
    3000   -2.991206
    3001   -2.987920
    3002   -2.987920
    3003   -2.984619
    3004   -2.984619
    3005   -2.981251
    3006   -2.981251
    3007   -2.977812
    3008   -2.977812
    3009   -2.974334
    3010   -2.974334
    3011   -2.970801
    3012   -2.970801
    3013   -2.967163
    3014   -2.967163
    3015   -2.963407
    3016   -2.963407
    3017   -2.959547
    3018   -2.959547
    3019   -2.955583
    3020   -2.955583
    3021   -2.951500
    3022   -2.951500
    3023   -2.947280
    3024   -2.947280
    3025   -2.942909
    3026   -2.942909
    3027   -2.938393
    3028   -2.938393
    3029   -2.933762
    3030   -2.933762
    3031   -2.929014
    3032   -2.929014
    3033   -2.924121
    3034   -2.924121
    3035   -2.919075
    3036   -2.919075
    3037   -2.913875
    3038   -2.913875
    3039   -2.908506
    3040   -2.908506
    3041   -2.902937
    3042   -2.902937
    3043   -2.897155
    3044   -2.897155
    3045   -2.891163
    3046   -2.891163
    3047   -2.884970
    3048   -2.884970
    3049   -2.878574
    3050   -2.878574
    3051   -2.871954
    3052   -2.871954
    3053   -2.865078
    3054   -2.865078
    3055   -2.857907
    3056   -2.857907
    3057   -2.850407
    3058   -2.850407
    3059   -2.842693
    3060   -2.842693
    3061   -2.834982
    3062   -2.834982
    3063   -2.827213
    3064   -2.827213
    3065   -2.819128
    3066   -2.819128
    3067   -2.810642
    3068   -2.810642
    3069   -2.801788
    3070   -2.801788
    3071   -2.792536
    3072   -2.792536
    3073   -2.782813
    3074   -2.782813
    3075   -2.772594
    3076   -2.772594
    3077   -2.761854
    3078   -2.761854
    3079   -2.750557
    3080   -2.750557
    3081   -2.738669
    3082   -2.738669
    3083   -2.726140
    3084   -2.726140
    3085   -2.713034
    3086   -2.713034
    3087   -2.700019
    3088   -2.700019
    3089   -2.688682
    3090   -2.688682
    3091   -2.681029
    3092   -2.681029
    3093   -2.677072
    3094   -2.677072
    3095   -2.674453
    3096   -2.674453
    3097   -2.671540
    3098   -2.671540
    3099   -2.668009
    3100   -2.668009
    3101   -2.663724
    3102   -2.663724
    3103   -2.658647
    3104   -2.658647
    3105   -2.652883
    3106   -2.652883
    3107   -2.646456
    3108   -2.646456
    3109   -2.639088
    3110   -2.639088
    3111   -2.630461
    3112   -2.630461
    3113   -2.620665
    3114   -2.620665
    3115   -2.609796
    3116   -2.609796
    3117   -2.597735
    3118   -2.597735
    3119   -2.584440
    3120   -2.584440
    3121   -2.569811
    3122   -2.569811
    3123   -2.553674
    3124   -2.553674
    3125   -2.535959
    3126   -2.535959
    3127   -2.516526
    3128   -2.516526
    3129   -2.495131
    3130   -2.495131
    3131   -2.471738
    3132   -2.471738
    3133   -2.446279
    3134   -2.446279
    3135   -2.418525
    3136   -2.418525
    3137   -2.388109
    3138   -2.388109
    3139   -2.354629
    3140   -2.354629
    3141   -2.317737
    3142   -2.317737
    3143   -2.276938
    3144   -2.276938
    3145   -2.231651
    3146   -2.231651
    3147   -2.181217
    3148   -2.181217
    3149   -2.124746
    3150   -2.124746
    3151   -2.060916
    3152   -2.060916
    3153   -1.988204
    3154   -1.988204
    3155   -1.903665
    3156   -1.903665
    3157   -1.804065
    3158   -1.804065
    3159   -1.685727
    3160   -1.685727
    3161   -1.544059
    3162   -1.544059
    3163   -1.377161
    3164   -1.377161
    3165   -1.190924
    3166   -1.190924
    3167   -1.033695
    3168   -1.033695
    3169   -4.369706
    3170   -4.369706
    3171   -4.372085
    3172   -4.372085
    3173   -4.371686
    3174   -4.371686
    3175   -4.366654
    3176   -4.366654
    3177   -4.361964
    3178   -4.361964
    3179   -4.358498
    3180   -4.358498
    3181   -4.355187
    3182   -4.355187
    3183   -4.351823
    3184   -4.351823
    3185   -4.348309
    3186   -4.348309
    3187   -4.344583
    3188   -4.344583
    3189   -4.340630
    3190   -4.340630
    3191   -4.336452
    3192   -4.336452
    3193   -4.332068
    3194   -4.332068
    3195   -4.327503
    3196   -4.327503
    3197   -4.322800
    3198   -4.322800
    3199   -4.318013
    3200   -4.318013
    3201   -4.313140
    3202   -4.313140
    3203   -4.308154
    3204   -4.308154
    3205   -4.303068
    3206   -4.303068
    3207   -4.297928
    3208   -4.297928
    3209   -4.292712
    3210   -4.292712
    3211   -4.287343
    3212   -4.287343
    3213   -4.281788
    3214   -4.281788
    3215   -4.276036
    3216   -4.276036
    3217   -4.270073
    3218   -4.270073
    3219   -4.263877
    3220   -4.263877
    3221   -4.257432
    3222   -4.257432
    3223   -4.250729
    3224   -4.250729
    3225   -4.243784
    3226   -4.243784
    3227   -4.236640
    3228   -4.236640
    3229   -4.229305
    3230   -4.229305
    3231   -4.221760
    3232   -4.221760
    3233   -4.214001
    3234   -4.214001
    3235   -4.206028
    3236   -4.206028
    3237   -4.197818
    3238   -4.197818
    3239   -4.189332
    3240   -4.189332
    3241   -4.180540
    3242   -4.180540
    3243   -4.171417
    3244   -4.171417
    3245   -4.161964
    3246   -4.161964
    3247   -4.152187
    3248   -4.152187
    3249   -4.142056
    3250   -4.142056
    3251   -4.131542
    3252   -4.131542
    3253   -4.120608
    3254   -4.120608
    3255   -4.109209
    3256   -4.109209
    3257   -4.097496
    3258   -4.097496
    3259   -4.085737
    3260   -4.085737
    3261   -4.073836
    3262   -4.073836
    3263   -4.061464
    3264   -4.061464
    3265   -4.048486
    3266   -4.048486
    3267   -4.034891
    3268   -4.034891
    3269   -4.020679
    3270   -4.020679
    3271   -4.005832
    3272   -4.005832
    3273   -3.990316
    3274   -3.990316
    3275   -3.974098
    3276   -3.974098
    3277   -3.957130
    3278   -3.957130
    3279   -3.939366
    3280   -3.939366
    3281   -3.920707
    3282   -3.920707
    3283   -3.901119
    3284   -3.901119
    3285   -3.881280
    3286   -3.881280
    3287   -3.863692
    3288   -3.863692
    3289   -3.851691
    3290   -3.851691
    3291   -3.845040
    3292   -3.845040
    3293   -3.840170
    3294   -3.840170
    3295   -3.834989
    3296   -3.834989
    3297   -3.829127
    3298   -3.829127
    3299   -3.822194
    3300   -3.822194
    3301   -3.813948
    3302   -3.813948
    3303   -3.804284
    3304   -3.804284
    3305   -3.793312
    3306   -3.793312
    3307   -3.781035
    3308   -3.781035
    3309   -3.767036
    3310   -3.767036
    3311   -3.751308
    3312   -3.751308
    3313   -3.733953
    3314   -3.733953
    3315   -3.714842
    3316   -3.714842
    3317   -3.693852
    3318   -3.693852
    3319   -3.670813
    3320   -3.670813
    3321   -3.645630
    3322   -3.645630
    3323   -3.618245
    3324   -3.618245
    3325   -3.588397
    3326   -3.588397
    3327   -3.555673
    3328   -3.555673
    3329   -3.519951
    3330   -3.519951
    3331   -3.481140
    3332   -3.481140
    3333   -3.438883
    3334   -3.438883
    3335   -3.392728
    3336   -3.392728
    3337   -3.342213
    3338   -3.342213
    3339   -3.286726
    3340   -3.286726
    3341   -3.225467
    3342   -3.225467
    3343   -3.157519
    3344   -3.157519
    3345   -3.081938
    3346   -3.081938
    3347   -2.997557
    3348   -2.997557
    3349   -2.902427
    3350   -2.902427
    3351   -2.794040
    3352   -2.794040
    3353   -2.669177
    3354   -2.669177
    3355   -2.523690
    3356   -2.523690
    3357   -2.351469
    3358   -2.351469
    3359   -2.147957
    3360   -2.147957
    3361   -1.911166
    3362   -1.911166
    3363   -1.649967
    3364   -1.649967
    3365   -1.432422
    3366   -1.432422
    3367   -6.882904
    3368   -6.882904
    3369   -6.882505
    3370   -6.882505
    3371   -6.876962
    3372   -6.876962
    3373   -6.867012
    3374   -6.867012
    3375   -6.859383
    3376   -6.859383
    3377   -6.853909
    3378   -6.853909
    3379   -6.848797
    3380   -6.848797
    3381   -6.843637
    3382   -6.843637
    3383   -6.838239
    3384   -6.838239
    3385   -6.832479
    3386   -6.832479
    3387   -6.826323
    3388   -6.826323
    3389   -6.819798
    3390   -6.819798
    3391   -6.812941
    3392   -6.812941
    3393   -6.805776
    3394   -6.805776
    3395   -6.798323
    3396   -6.798323
    3397   -6.790592
    3398   -6.790592
    3399   -6.782608
    3400   -6.782608
    3401   -6.774442
    3402   -6.774442
    3403   -6.766152
    3404   -6.766152
    3405   -6.757752
    3406   -6.757752
    3407   -6.749198
    3408   -6.749198
    3409   -6.740424
    3410   -6.740424
    3411   -6.731359
    3412   -6.731359
    3413   -6.721930
    3414   -6.721930
    3415   -6.712081
    3416   -6.712081
    3417   -6.701790
    3418   -6.701790
    3419   -6.691055
    3420   -6.691055
    3421   -6.679885
    3422   -6.679885
    3423   -6.668300
    3424   -6.668300
    3425   -6.656324
    3426   -6.656324
    3427   -6.643987
    3428   -6.643987
    3429   -6.631311
    3430   -6.631311
    3431   -6.618298
    3432   -6.618298
    3433   -6.604928
    3434   -6.604928
    3435   -6.591174
    3436   -6.591174
    3437   -6.577008
    3438   -6.577008
    3439   -6.562388
    3440   -6.562388
    3441   -6.547233
    3442   -6.547233
    3443   -6.531495
    3444   -6.531495
    3445   -6.515199
    3446   -6.515199
    3447   -6.498329
    3448   -6.498329
    3449   -6.480835
    3450   -6.480835
    3451   -6.462682
    3452   -6.462682
    3453   -6.443856
    3454   -6.443856
    3455   -6.424529
    3456   -6.424529
    3457   -6.404943
    3458   -6.404943
    3459   -6.384941
    3460   -6.384941
    3461   -6.364144
    3462   -6.364144
    3463   -6.342377
    3464   -6.342377
    3465   -6.319592
    3466   -6.319592
    3467   -6.295814
    3468   -6.295814
    3469   -6.271062
    3470   -6.271062
    3471   -6.245286
    3472   -6.245286
    3473   -6.218450
    3474   -6.218450
    3475   -6.190481
    3476   -6.190481
    3477   -6.161282
    3478   -6.161282
    3479   -6.130731
    3480   -6.130731
    3481   -6.098827
    3482   -6.098827
    3483   -6.066023
    3484   -6.066023
    3485   -6.035938
    3486   -6.035938
    3487   -6.014849
    3488   -6.014849
    3489   -6.002906
    3490   -6.002906
    3491   -5.994335
    3492   -5.994335
    3493   -5.985563
    3494   -5.985563
    3495   -5.975555
    3496   -5.975555
    3497   -5.963653
    3498   -5.963653
    3499   -5.949535
    3500   -5.949535
    3501   -5.933031
    3502   -5.933031
    3503   -5.914170
    3504   -5.914170
    3505   -5.892966
    3506   -5.892966
    3507   -5.869129
    3508   -5.869129
    3509   -5.842582
    3510   -5.842582
    3511   -5.813314
    3512   -5.813314
    3513   -5.781146
    3514   -5.781146
    3515   -5.745828
    3516   -5.745828
    3517   -5.707120
    3518   -5.707120
    3519   -5.664928
    3520   -5.664928
    3521   -5.619117
    3522   -5.619117
    3523   -5.569341
    3524   -5.569341
    3525   -5.515014
    3526   -5.515014
    3527   -5.455719
    3528   -5.455719
    3529   -5.391233
    3530   -5.391233
    3531   -5.321111
    3532   -5.321111
    3533   -5.244696
    3534   -5.244696
    3535   -5.161283
    3536   -5.161283
    3537   -5.069896
    3538   -5.069896
    3539   -4.969218
    3540   -4.969218
    3541   -4.857631
    3542   -4.857631
    3543   -4.733546
    3544   -4.733546
    3545   -4.595067
    3546   -4.595067
    3547   -4.439377
    3548   -4.439377
    3549   -4.262706
    3550   -4.262706
    3551   -4.060227
    3552   -4.060227
    3553   -3.825485
    3554   -3.825485
    3555   -3.549815
    3556   -3.549815
    3557   -3.226038
    3558   -3.226038
    3559   -2.850105
    3560   -2.850105
    3561   -2.441519
    3562   -2.441519
    3563   -2.106428
    3564   -2.106428
    3565  -11.697775
    3566  -11.697775
    3567  -11.690781
    3568  -11.690781
    3569  -11.673881
    3570  -11.673881
    3571  -11.655274
    3572  -11.655274
    3573  -11.643460
    3574  -11.643460
    3575  -11.634584
    3576  -11.634584
    3577  -11.626094
    3578  -11.626094
    3579  -11.617420
    3580  -11.617420
    3581  -11.608283
    3582  -11.608283
    3583  -11.598507
    3584  -11.598507
    3585  -11.588043
    3586  -11.588043
    3587  -11.576933
    3588  -11.576933
    3589  -11.565252
    3590  -11.565252
    3591  -11.553021
    3592  -11.553021
    3593  -11.540222
    3594  -11.540222
    3595  -11.526788
    3596  -11.526788
    3597  -11.512777
    3598  -11.512777
    3599  -11.498461
    3600  -11.498461
    3601  -11.483990
    3602  -11.483990
    3603  -11.469310
    3604  -11.469310
    3605  -11.454326
    3606  -11.454326
    3607  -11.438966
    3608  -11.438966
    3609  -11.423108
    3610  -11.423108
    3611  -11.406596
    3612  -11.406596
    3613  -11.389293
    3614  -11.389293
    3615  -11.371140
    3616  -11.371140
    3617  -11.352178
    3618  -11.352178
    3619  -11.332448
    3620  -11.332448
    3621  -11.311973
    3622  -11.311973
    3623  -11.290753
    3624  -11.290753
    3625  -11.268851
    3626  -11.268851
    3627  -11.246368
    3628  -11.246368
    3629  -11.223302
    3630  -11.223302
    3631  -11.199603
    3632  -11.199603
    3633  -11.175229
    3634  -11.175229
    3635  -11.150160
    3636  -11.150160
    3637  -11.124350
    3638  -11.124350
    3639  -11.097655
    3640  -11.097655
    3641  -11.069899
    3642  -11.069899
    3643  -11.041112
    3644  -11.041112
    3645  -11.011351
    3646  -11.011351
    3647  -10.980484
    3648  -10.980484
    3649  -10.948469
    3650  -10.948469
    3651  -10.915364
    3652  -10.915364
    3653  -10.881404
    3654  -10.881404
    3655  -10.846889
    3656  -10.846889
    3657  -10.811506
    3658  -10.811506
    3659  -10.774614
    3660  -10.774614
    3661  -10.735995
    3662  -10.735995
    3663  -10.695588
    3664  -10.695588
    3665  -10.653478
    3666  -10.653478
    3667  -10.609740
    3668  -10.609740
    3669  -10.564254
    3670  -10.564254
    3671  -10.516997
    3672  -10.516997
    3673  -10.467859
    3674  -10.467859
    3675  -10.416608
    3676  -10.416608
    3677  -10.363063
    3678  -10.363063
    3679  -10.307298
    3680  -10.307298
    3681  -10.249500
    3682  -10.249500
    3683  -10.195167
    3684  -10.195167
    3685  -10.155982
    3686  -10.155982
    3687  -10.133538
    3688  -10.133538
    3689  -10.118819
    3690  -10.118819
    3691  -10.104749
    3692  -10.104749
    3693  -10.087358
    3694  -10.087358
    3695  -10.065890
    3696  -10.065890
    3697  -10.040803
    3698  -10.040803
    3699  -10.011769
    3700  -10.011769
    3701   -9.978579
    3702   -9.978579
    3703   -9.941070
    3704   -9.941070
    3705   -9.899048
    3706   -9.899048
    3707   -9.852370
    3708   -9.852370
    3709   -9.800883
    3710   -9.800883
    3711   -9.744244
    3712   -9.744244
    3713   -9.682028
    3714   -9.682028
    3715   -9.613876
    3716   -9.613876
    3717   -9.539533
    3718   -9.539533
    3719   -9.458740
    3720   -9.458740
    3721   -9.371086
    3722   -9.371086
    3723   -9.275621
    3724   -9.275621
    3725   -9.171370
    3726   -9.171370
    3727   -9.057771
    3728   -9.057771
    3729   -8.934365
    3730   -8.934365
    3731   -8.800188
    3732   -8.800188
    3733   -8.653738
    3734   -8.653738
    3735   -8.493449
    3736   -8.493449
    3737   -8.317262
    3738   -8.317262
    3739   -8.122119
    3740   -8.122119
    3741   -7.905124
    3742   -7.905124
    3743   -7.662917
    3744   -7.662917
    3745   -7.391121
    3746   -7.391121
    3747   -7.083745
    3748   -7.083745
    3749   -6.732544
    3750   -6.732544
    3751   -6.326099
    3752   -6.326099
    3753   -5.850492
    3754   -5.850492
    3755   -5.291159
    3756   -5.291159
    3757   -4.637642
    3758   -4.637642
    3759   -3.926478
    3760   -3.926478
    3761   -3.342831
    3762   -3.342831
    3763  -19.017567
    3764  -19.017567
    3765  -19.002178
    3766  -19.002178
    3767  -18.969568
    3768  -18.969568
    3769  -18.938686
    3770  -18.938686
    3771  -18.920867
    3772  -18.920867
    3773  -18.906829
    3774  -18.906829
    3775  -18.893238
    3776  -18.893238
    3777  -18.879206
    3778  -18.879206
    3779  -18.864351
    3780  -18.864351
    3781  -18.848462
    3782  -18.848462
    3783  -18.831461
    3784  -18.831461
    3785  -18.813392
    3786  -18.813392
    3787  -18.794381
    3788  -18.794381
    3789  -18.774459
    3790  -18.774459
    3791  -18.753567
    3792  -18.753567
    3793  -18.731522
    3794  -18.731522
    3795  -18.708415
    3796  -18.708415
    3797  -18.684825
    3798  -18.684825
    3799  -18.661047
    3800  -18.661047
    3801  -18.636929
    3802  -18.636929
    3803  -18.612285
    3804  -18.612285
    3805  -18.587015
    3806  -18.587015
    3807  -18.560924
    3808  -18.560924
    3809  -18.533775
    3810  -18.533775
    3811  -18.505292
    3812  -18.505292
    3813  -18.475333
    3814  -18.475333
    3815  -18.444014
    3816  -18.444014
    3817  -18.411426
    3818  -18.411426
    3819  -18.377603
    3820  -18.377603
    3821  -18.342508
    3822  -18.342508
    3823  -18.306262
    3824  -18.306262
    3825  -18.269076
    3826  -18.269076
    3827  -18.230946
    3828  -18.230946
    3829  -18.191766
    3830  -18.191766
    3831  -18.151468
    3832  -18.151468
    3833  -18.110030
    3834  -18.110030
    3835  -18.067416
    3836  -18.067416
    3837  -18.023416
    3838  -18.023416
    3839  -17.977621
    3840  -17.977621
    3841  -17.930073
    3842  -17.930073
    3843  -17.880971
    3844  -17.880971
    3845  -17.830014
    3846  -17.830014
    3847  -17.777144
    3848  -17.777144
    3849  -17.722533
    3850  -17.722533
    3851  -17.666522
    3852  -17.666522
    3853  -17.609651
    3854  -17.609651
    3855  -17.551322
    3856  -17.551322
    3857  -17.490338
    3858  -17.490338
    3859  -17.426434
    3860  -17.426434
    3861  -17.359566
    3862  -17.359566
    3863  -17.289926
    3864  -17.289926
    3865  -17.217690
    3866  -17.217690
    3867  -17.142595
    3868  -17.142595
    3869  -17.064634
    3870  -17.064634
    3871  -16.983650
    3872  -16.983650
    3873  -16.899188
    3874  -16.899188
    3875  -16.810918
    3876  -16.810918
    3877  -16.718748
    3878  -16.718748
    3879  -16.622221
    3880  -16.622221
    3881  -16.530370
    3882  -16.530370
    3883  -16.463879
    3884  -16.463879
    3885  -16.425986
    3886  -16.425986
    3887  -16.402910
    3888  -16.402910
    3889  -16.382241
    3890  -16.382241
    3891  -16.354201
    3892  -16.354201
    3893  -16.318295
    3894  -16.318295
    3895  -16.276961
    3896  -16.276961
    3897  -16.229334
    3898  -16.229334
    3899  -16.174829
    3900  -16.174829
    3901  -16.113151
    3902  -16.113151
    3903  -16.044092
    3904  -16.044092
    3905  -15.967401
    3906  -15.967401
    3907  -15.882829
    3908  -15.882829
    3909  -15.789742
    3910  -15.789742
    3911  -15.687428
    3912  -15.687428
    3913  -15.575312
    3914  -15.575312
    3915  -15.452864
    3916  -15.452864
    3917  -15.319754
    3918  -15.319754
    3919  -15.175513
    3920  -15.175513
    3921  -15.018467
    3922  -15.018467
    3923  -14.846789
    3924  -14.846789
    3925  -14.659398
    3926  -14.659398
    3927  -14.455965
    3928  -14.455965
    3929  -14.235156
    3930  -14.235156
    3931  -13.993947
    3932  -13.993947
    3933  -13.730008
    3934  -13.730008
    3935  -13.440380
    3936  -13.440380
    3937  -13.119630
    3938  -13.119630
    3939  -12.762919
    3940  -12.762919
    3941  -12.364832
    3942  -12.364832
    3943  -11.918599
    3944  -11.918599
    3945  -11.414625
    3946  -11.414625
    3947  -10.839445
    3948  -10.839445
    3949  -10.173891
    3950  -10.173891
    3951   -9.395464
    3952   -9.395464
    3953   -8.477092
    3954   -8.477092
    3955   -7.392312
    3956   -7.392312
    3957   -6.191527
    3958   -6.191527
    3959   -5.193256
    3960   -5.193256
