       1   -0.046073
       2   -0.046073
       3   -0.045706
       4   -0.045706
       5   -0.045258
       6   -0.045258
       7   -0.045153
       8   -0.045153
       9   -0.045233
      10   -0.045233
      11   -0.045258
      12   -0.045258
      13   -0.045244
      14   -0.045244
      15   -0.045225
      16   -0.045225
      17   -0.045210
      18   -0.045210
      19   -0.045191
      20   -0.045191
      21   -0.045165
      22   -0.045165
      23   -0.045135
      24   -0.045135
      25   -0.045096
      26   -0.045096
      27   -0.045051
      28   -0.045051
      29   -0.044999
      30   -0.044999
      31   -0.044940
      32   -0.044940
      33   -0.044876
      34   -0.044876
      35   -0.044808
      36   -0.044808
      37   -0.044736
      38   -0.044736
      39   -0.044661
      40   -0.044661
      41   -0.044584
      42   -0.044584
      43   -0.044508
      44   -0.044508
      45   -0.044432
      46   -0.044432
      47   -0.044351
      48   -0.044351
      49   -0.044267
      50   -0.044267
      51   -0.044180
      52   -0.044180
      53   -0.044086
      54   -0.044086
      55   -0.043988
      56   -0.043988
      57   -0.043886
      58   -0.043886
      59   -0.043782
      60   -0.043782
      61   -0.043673
      62   -0.043673
      63   -0.043562
      64   -0.043562
      65   -0.043448
      66   -0.043448
      67   -0.043332
      68   -0.043332
      69   -0.043217
      70   -0.043217
      71   -0.043098
      72   -0.043098
      73   -0.042969
      74   -0.042969
      75   -0.042823
      76   -0.042823
      77   -0.042664
      78   -0.042664
      79   -0.042500
      80   -0.042500
      81   -0.042334
      82   -0.042334
      83   -0.042167
      84   -0.042167
      85   -0.041990
      86   -0.041990
      87   -0.041798
      88   -0.041798
      89   -0.041603
      90   -0.041603
      91   -0.041395
      92   -0.041395
      93   -0.041164
      94   -0.041164
      95   -0.040931
      96   -0.040931
      97   -0.040685
      98   -0.040685
      99   -0.040398
     100   -0.040398
     101   -0.040088
     102   -0.040088
     103   -0.039761
     104   -0.039761
     105   -0.039391
     106   -0.039391
     107   -0.038969
     108   -0.038969
     109   -0.038486
     110   -0.038486
     111   -0.037917
     112   -0.037917
     113   -0.037260
     114   -0.037260
     115   -0.036511
     116   -0.036511
     117   -0.035675
     118   -0.035675
     119   -0.035073
     120   -0.035073
     121   -0.034981
     122   -0.034981
     123   -0.035173
     124   -0.035173
     125   -0.035399
     126   -0.035399
     127   -0.035578
     128   -0.035578
     129   -0.035679
     130   -0.035679
     131   -0.035695
     132   -0.035695
     133   -0.035650
     134   -0.035650
     135   -0.035571
     136   -0.035571
     137   -0.035452
     138   -0.035452
     139   -0.035304
     140   -0.035304
     141   -0.035133
     142   -0.035133
     143   -0.034932
     144   -0.034932
     145   -0.034714
     146   -0.034714
     147   -0.034487
     148   -0.034487
     149   -0.034208
     150   -0.034208
     151   -0.033876
     152   -0.033876
     153   -0.033526
     154   -0.033526
     155   -0.033132
     156   -0.033132
     157   -0.032674
     158   -0.032674
     159   -0.032157
     160   -0.032157
     161   -0.031600
     162   -0.031600
     163   -0.031032
     164   -0.031032
     165   -0.030347
     166   -0.030347
     167   -0.029437
     168   -0.029437
     169   -0.028337
     170   -0.028337
     171   -0.027132
     172   -0.027132
     173   -0.025806
     174   -0.025806
     175   -0.024261
     176   -0.024261
     177   -0.022468
     178   -0.022468
     179   -0.020392
     180   -0.020392
     181   -0.017853
     182   -0.017853
     183   -0.014857
     184   -0.014857
     185   -0.011451
     186   -0.011451
     187   -0.007724
     188   -0.007724
     189   -0.003129
     190   -0.003129
     191    0.003053
     192    0.003053
     193    0.013560
     194    0.013560
     195    0.031807
     196    0.031807
     197    0.049958
     198    0.049958
     199   -0.131295
     200   -0.131295
     201   -0.130606
     202   -0.130606
     203   -0.129851
     204   -0.129851
     205   -0.129752
     206   -0.129752
     207   -0.129916
     208   -0.129916
     209   -0.129947
     210   -0.129947
     211   -0.129910
     212   -0.129910
     213   -0.129861
     214   -0.129861
     215   -0.129819
     216   -0.129819
     217   -0.129760
     218   -0.129760
     219   -0.129684
     220   -0.129684
     221   -0.129597
     222   -0.129597
     223   -0.129489
     224   -0.129489
     225   -0.129365
     226   -0.129365
     227   -0.129223
     228   -0.129223
     229   -0.129060
     230   -0.129060
     231   -0.128882
     232   -0.128882
     233   -0.128691
     234   -0.128691
     235   -0.128489
     236   -0.128489
     237   -0.128276
     238   -0.128276
     239   -0.128059
     240   -0.128059
     241   -0.127843
     242   -0.127843
     243   -0.127623
     244   -0.127623
     245   -0.127394
     246   -0.127394
     247   -0.127161
     248   -0.127161
     249   -0.126917
     250   -0.126917
     251   -0.126653
     252   -0.126653
     253   -0.126377
     254   -0.126377
     255   -0.126093
     256   -0.126093
     257   -0.125800
     258   -0.125800
     259   -0.125497
     260   -0.125497
     261   -0.125184
     262   -0.125184
     263   -0.124865
     264   -0.124865
     265   -0.124543
     266   -0.124543
     267   -0.124219
     268   -0.124219
     269   -0.123890
     270   -0.123890
     271   -0.123534
     272   -0.123534
     273   -0.123127
     274   -0.123127
     275   -0.122681
     276   -0.122681
     277   -0.122221
     278   -0.122221
     279   -0.121748
     280   -0.121748
     281   -0.121272
     282   -0.121272
     283   -0.120777
     284   -0.120777
     285   -0.120245
     286   -0.120245
     287   -0.119705
     288   -0.119705
     289   -0.119134
     290   -0.119134
     291   -0.118501
     292   -0.118501
     293   -0.117848
     294   -0.117848
     295   -0.117147
     296   -0.117147
     297   -0.116348
     298   -0.116348
     299   -0.115494
     300   -0.115494
     301   -0.114587
     302   -0.114587
     303   -0.113564
     304   -0.113564
     305   -0.112399
     306   -0.112399
     307   -0.111071
     308   -0.111071
     309   -0.109520
     310   -0.109520
     311   -0.107742
     312   -0.107742
     313   -0.105707
     314   -0.105707
     315   -0.103442
     316   -0.103442
     317   -0.101823
     318   -0.101823
     319   -0.101566
     320   -0.101566
     321   -0.102088
     322   -0.102088
     323   -0.102728
     324   -0.102728
     325   -0.103242
     326   -0.103242
     327   -0.103538
     328   -0.103538
     329   -0.103608
     330   -0.103608
     331   -0.103528
     332   -0.103528
     333   -0.103357
     334   -0.103357
     335   -0.103069
     336   -0.103069
     337   -0.102699
     338   -0.102699
     339   -0.102255
     340   -0.102255
     341   -0.101726
     342   -0.101726
     343   -0.101140
     344   -0.101140
     345   -0.100512
     346   -0.100512
     347   -0.099740
     348   -0.099740
     349   -0.098840
     350   -0.098840
     351   -0.097898
     352   -0.097898
     353   -0.096831
     354   -0.096831
     355   -0.095581
     356   -0.095581
     357   -0.094153
     358   -0.094153
     359   -0.092610
     360   -0.092610
     361   -0.091019
     362   -0.091019
     363   -0.089130
     364   -0.089130
     365   -0.086709
     366   -0.086709
     367   -0.083829
     368   -0.083829
     369   -0.080676
     370   -0.080676
     371   -0.077181
     372   -0.077181
     373   -0.073089
     374   -0.073089
     375   -0.068364
     376   -0.068364
     377   -0.062916
     378   -0.062916
     379   -0.056321
     380   -0.056321
     381   -0.048679
     382   -0.048679
     383   -0.040190
     384   -0.040190
     385   -0.031280
     386   -0.031280
     387   -0.020921
     388   -0.020921
     389   -0.007152
     390   -0.007152
     391    0.015654
     392    0.015654
     393    0.053682
     394    0.053682
     395    0.090898
     396    0.090898
     397   -0.205138
     398   -0.205138
     399   -0.204585
     400   -0.204585
     401   -0.204129
     402   -0.204129
     403   -0.204247
     404   -0.204247
     405   -0.204447
     406   -0.204447
     407   -0.204465
     408   -0.204465
     409   -0.204421
     410   -0.204421
     411   -0.204356
     412   -0.204356
     413   -0.204287
     414   -0.204287
     415   -0.204190
     416   -0.204190
     417   -0.204067
     418   -0.204067
     419   -0.203924
     420   -0.203924
     421   -0.203759
     422   -0.203759
     423   -0.203570
     424   -0.203570
     425   -0.203356
     426   -0.203356
     427   -0.203112
     428   -0.203112
     429   -0.202843
     430   -0.202843
     431   -0.202551
     432   -0.202551
     433   -0.202240
     434   -0.202240
     435   -0.201915
     436   -0.201915
     437   -0.201580
     438   -0.201580
     439   -0.201240
     440   -0.201240
     441   -0.200896
     442   -0.200896
     443   -0.200545
     444   -0.200545
     445   -0.200188
     446   -0.200188
     447   -0.199814
     448   -0.199814
     449   -0.199412
     450   -0.199412
     451   -0.198991
     452   -0.198991
     453   -0.198557
     454   -0.198557
     455   -0.198110
     456   -0.198110
     457   -0.197648
     458   -0.197648
     459   -0.197173
     460   -0.197173
     461   -0.196688
     462   -0.196688
     463   -0.196197
     464   -0.196197
     465   -0.195705
     466   -0.195705
     467   -0.195213
     468   -0.195213
     469   -0.194686
     470   -0.194686
     471   -0.194072
     472   -0.194072
     473   -0.193389
     474   -0.193389
     475   -0.192678
     476   -0.192678
     477   -0.191949
     478   -0.191949
     479   -0.191216
     480   -0.191216
     481   -0.190463
     482   -0.190463
     483   -0.189667
     484   -0.189667
     485   -0.188856
     486   -0.188856
     487   -0.188003
     488   -0.188003
     489   -0.187068
     490   -0.187068
     491   -0.186070
     492   -0.186070
     493   -0.184990
     494   -0.184990
     495   -0.183796
     496   -0.183796
     497   -0.182524
     498   -0.182524
     499   -0.181152
     500   -0.181152
     501   -0.179610
     502   -0.179610
     503   -0.177873
     504   -0.177873
     505   -0.175910
     506   -0.175910
     507   -0.173663
     508   -0.173663
     509   -0.171118
     510   -0.171118
     511   -0.168225
     512   -0.168225
     513   -0.165107
     514   -0.165107
     515   -0.162857
     516   -0.162857
     517   -0.162386
     518   -0.162386
     519   -0.163068
     520   -0.163068
     521   -0.164001
     522   -0.164001
     523   -0.164771
     524   -0.164771
     525   -0.165223
     526   -0.165223
     527   -0.165354
     528   -0.165354
     529   -0.165279
     530   -0.165279
     531   -0.165067
     532   -0.165067
     533   -0.164692
     534   -0.164692
     535   -0.164181
     536   -0.164181
     537   -0.163547
     538   -0.163547
     539   -0.162785
     540   -0.162785
     541   -0.161908
     542   -0.161908
     543   -0.160917
     544   -0.160917
     545   -0.159733
     546   -0.159733
     547   -0.158394
     548   -0.158394
     549   -0.156971
     550   -0.156971
     551   -0.155349
     552   -0.155349
     553   -0.153451
     554   -0.153451
     555   -0.151264
     556   -0.151264
     557   -0.148865
     558   -0.148865
     559   -0.146330
     560   -0.146330
     561   -0.143438
     562   -0.143438
     563   -0.139974
     564   -0.139974
     565   -0.135939
     566   -0.135939
     567   -0.131515
     568   -0.131515
     569   -0.126560
     570   -0.126560
     571   -0.120728
     572   -0.120728
     573   -0.114047
     574   -0.114047
     575   -0.106357
     576   -0.106357
     577   -0.097291
     578   -0.097291
     579   -0.087107
     580   -0.087107
     581   -0.076325
     582   -0.076325
     583   -0.065706
     584   -0.065706
     585   -0.054091
     586   -0.054091
     587   -0.037144
     588   -0.037144
     589   -0.010920
     590   -0.010920
     591    0.024432
     592    0.024432
     593    0.056424
     594    0.056424
     595   -0.274073
     596   -0.274073
     597   -0.273517
     598   -0.273517
     599   -0.273092
     600   -0.273092
     601   -0.273261
     602   -0.273261
     603   -0.273508
     604   -0.273508
     605   -0.273565
     606   -0.273565
     607   -0.273540
     608   -0.273540
     609   -0.273464
     610   -0.273464
     611   -0.273362
     612   -0.273362
     613   -0.273224
     614   -0.273224
     615   -0.273049
     616   -0.273049
     617   -0.272845
     618   -0.272845
     619   -0.272615
     620   -0.272615
     621   -0.272356
     622   -0.272356
     623   -0.272070
     624   -0.272070
     625   -0.271755
     626   -0.271755
     627   -0.271405
     628   -0.271405
     629   -0.271023
     630   -0.271023
     631   -0.270617
     632   -0.270617
     633   -0.270190
     634   -0.270190
     635   -0.269748
     636   -0.269748
     637   -0.269296
     638   -0.269296
     639   -0.268841
     640   -0.268841
     641   -0.268379
     642   -0.268379
     643   -0.267906
     644   -0.267906
     645   -0.267411
     646   -0.267411
     647   -0.266887
     648   -0.266887
     649   -0.266340
     650   -0.266340
     651   -0.265775
     652   -0.265775
     653   -0.265192
     654   -0.265192
     655   -0.264590
     656   -0.264590
     657   -0.263972
     658   -0.263972
     659   -0.263340
     660   -0.263340
     661   -0.262700
     662   -0.262700
     663   -0.262058
     664   -0.262058
     665   -0.261419
     666   -0.261419
     667   -0.260744
     668   -0.260744
     669   -0.259959
     670   -0.259959
     671   -0.259076
     672   -0.259076
     673   -0.258149
     674   -0.258149
     675   -0.257209
     676   -0.257209
     677   -0.256262
     678   -0.256262
     679   -0.255288
     680   -0.255288
     681   -0.254274
     682   -0.254274
     683   -0.253224
     684   -0.253224
     685   -0.252119
     686   -0.252119
     687   -0.250924
     688   -0.250924
     689   -0.249632
     690   -0.249632
     691   -0.248242
     692   -0.248242
     693   -0.246740
     694   -0.246740
     695   -0.245119
     696   -0.245119
     697   -0.243339
     698   -0.243339
     699   -0.241353
     700   -0.241353
     701   -0.239145
     702   -0.239145
     703   -0.236689
     704   -0.236689
     705   -0.233942
     706   -0.233942
     707   -0.230867
     708   -0.230867
     709   -0.227464
     710   -0.227464
     711   -0.224010
     712   -0.224010
     713   -0.221466
     714   -0.221466
     715   -0.220711
     716   -0.220711
     717   -0.221344
     718   -0.221344
     719   -0.222374
     720   -0.222374
     721   -0.223264
     722   -0.223264
     723   -0.223807
     724   -0.223807
     725   -0.223981
     726   -0.223981
     727   -0.223898
     728   -0.223898
     729   -0.223613
     730   -0.223613
     731   -0.223126
     732   -0.223126
     733   -0.222456
     734   -0.222456
     735   -0.221626
     736   -0.221626
     737   -0.220634
     738   -0.220634
     739   -0.219456
     740   -0.219456
     741   -0.218077
     742   -0.218077
     743   -0.216488
     744   -0.216488
     745   -0.214720
     746   -0.214720
     747   -0.212769
     748   -0.212769
     749   -0.210531
     750   -0.210531
     751   -0.207954
     752   -0.207954
     753   -0.205013
     754   -0.205013
     755   -0.201753
     756   -0.201753
     757   -0.198226
     758   -0.198226
     759   -0.194359
     760   -0.194359
     761   -0.189999
     762   -0.189999
     763   -0.185015
     764   -0.185015
     765   -0.179554
     766   -0.179554
     767   -0.173397
     768   -0.173397
     769   -0.166213
     770   -0.166213
     771   -0.158073
     772   -0.158073
     773   -0.148780
     774   -0.148780
     775   -0.138232
     776   -0.138232
     777   -0.126747
     778   -0.126747
     779   -0.115395
     780   -0.115395
     781   -0.104917
     782   -0.104917
     783   -0.093414
     784   -0.093414
     785   -0.073871
     786   -0.073871
     787   -0.045641
     788   -0.045641
     789   -0.017629
     790   -0.017629
     791    0.004571
     792    0.004571
     793   -0.344842
     794   -0.344842
     795   -0.344032
     796   -0.344032
     797   -0.343261
     798   -0.343261
     799   -0.343346
     800   -0.343346
     801   -0.343724
     802   -0.343724
     803   -0.343887
     804   -0.343887
     805   -0.343884
     806   -0.343884
     807   -0.343780
     808   -0.343780
     809   -0.343621
     810   -0.343621
     811   -0.343419
     812   -0.343419
     813   -0.343181
     814   -0.343181
     815   -0.342905
     816   -0.342905
     817   -0.342595
     818   -0.342595
     819   -0.342253
     820   -0.342253
     821   -0.341881
     822   -0.341881
     823   -0.341482
     824   -0.341482
     825   -0.341050
     826   -0.341050
     827   -0.340582
     828   -0.340582
     829   -0.340080
     830   -0.340080
     831   -0.339550
     832   -0.339550
     833   -0.339000
     834   -0.339000
     835   -0.338438
     836   -0.338438
     837   -0.337871
     838   -0.337871
     839   -0.337296
     840   -0.337296
     841   -0.336705
     842   -0.336705
     843   -0.336090
     844   -0.336090
     845   -0.335449
     846   -0.335449
     847   -0.334780
     848   -0.334780
     849   -0.334088
     850   -0.334088
     851   -0.333372
     852   -0.333372
     853   -0.332633
     854   -0.332633
     855   -0.331873
     856   -0.331873
     857   -0.331094
     858   -0.331094
     859   -0.330304
     860   -0.330304
     861   -0.329505
     862   -0.329505
     863   -0.328701
     864   -0.328701
     865   -0.327855
     866   -0.327855
     867   -0.326908
     868   -0.326908
     869   -0.325860
     870   -0.325860
     871   -0.324756
     872   -0.324756
     873   -0.323634
     874   -0.323634
     875   -0.322490
     876   -0.322490
     877   -0.321309
     878   -0.321309
     879   -0.320080
     880   -0.320080
     881   -0.318791
     882   -0.318791
     883   -0.317427
     884   -0.317427
     885   -0.315971
     886   -0.315971
     887   -0.314409
     888   -0.314409
     889   -0.312745
     890   -0.312745
     891   -0.310961
     892   -0.310961
     893   -0.309018
     894   -0.309018
     895   -0.306872
     896   -0.306872
     897   -0.304501
     898   -0.304501
     899   -0.301898
     900   -0.301898
     901   -0.299038
     902   -0.299038
     903   -0.295885
     904   -0.295885
     905   -0.292396
     906   -0.292396
     907   -0.288651
     908   -0.288651
     909   -0.285015
     910   -0.285015
     911   -0.282293
     912   -0.282293
     913   -0.281281
     914   -0.281281
     915   -0.281711
     916   -0.281711
     917   -0.282624
     918   -0.282624
     919   -0.283477
     920   -0.283477
     921   -0.284045
     922   -0.284045
     923   -0.284249
     924   -0.284249
     925   -0.284154
     926   -0.284154
     927   -0.283776
     928   -0.283776
     929   -0.283128
     930   -0.283128
     931   -0.282273
     932   -0.282273
     933   -0.281235
     934   -0.281235
     935   -0.279988
     936   -0.279988
     937   -0.278508
     938   -0.278508
     939   -0.276768
     940   -0.276768
     941   -0.274786
     942   -0.274786
     943   -0.272575
     944   -0.272575
     945   -0.270072
     946   -0.270072
     947   -0.267185
     948   -0.267185
     949   -0.263908
     950   -0.263908
     951   -0.260253
     952   -0.260253
     953   -0.256203
     954   -0.256203
     955   -0.251757
     956   -0.251757
     957   -0.246931
     958   -0.246931
     959   -0.241610
     960   -0.241610
     961   -0.235632
     962   -0.235632
     963   -0.229092
     964   -0.229092
     965   -0.221790
     966   -0.221790
     967   -0.213469
     968   -0.213469
     969   -0.204131
     970   -0.204131
     971   -0.193612
     972   -0.193612
     973   -0.181897
     974   -0.181897
     975   -0.169128
     976   -0.169128
     977   -0.157599
     978   -0.157599
     979   -0.147437
     980   -0.147437
     981   -0.134524
     982   -0.134524
     983   -0.113610
     984   -0.113610
     985   -0.086367
     986   -0.086367
     987   -0.061907
     988   -0.061907
     989   -0.043307
     990   -0.043307
     991   -0.422449
     992   -0.422449
     993   -0.421621
     994   -0.421621
     995   -0.420810
     996   -0.420810
     997   -0.420839
     998   -0.420839
     999   -0.421110
    1000   -0.421110
    1001   -0.421132
    1002   -0.421132
    1003   -0.421006
    1004   -0.421006
    1005   -0.420795
    1006   -0.420795
    1007   -0.420538
    1008   -0.420538
    1009   -0.420244
    1010   -0.420244
    1011   -0.419920
    1012   -0.419920
    1013   -0.419558
    1014   -0.419558
    1015   -0.419156
    1016   -0.419156
    1017   -0.418718
    1018   -0.418718
    1019   -0.418247
    1020   -0.418247
    1021   -0.417745
    1022   -0.417745
    1023   -0.417214
    1024   -0.417214
    1025   -0.416648
    1026   -0.416648
    1027   -0.416040
    1028   -0.416040
    1029   -0.415396
    1030   -0.415396
    1031   -0.414731
    1032   -0.414731
    1033   -0.414054
    1034   -0.414054
    1035   -0.413372
    1036   -0.413372
    1037   -0.412680
    1038   -0.412680
    1039   -0.411970
    1040   -0.411970
    1041   -0.411237
    1042   -0.411237
    1043   -0.410477
    1044   -0.410477
    1045   -0.409684
    1046   -0.409684
    1047   -0.408860
    1048   -0.408860
    1049   -0.408006
    1050   -0.408006
    1051   -0.407123
    1052   -0.407123
    1053   -0.406209
    1054   -0.406209
    1055   -0.405272
    1056   -0.405272
    1057   -0.404320
    1058   -0.404320
    1059   -0.403354
    1060   -0.403354
    1061   -0.402365
    1062   -0.402365
    1063   -0.401328
    1064   -0.401328
    1065   -0.400211
    1066   -0.400211
    1067   -0.399011
    1068   -0.399011
    1069   -0.397751
    1070   -0.397751
    1071   -0.396449
    1072   -0.396449
    1073   -0.395099
    1074   -0.395099
    1075   -0.393699
    1076   -0.393699
    1077   -0.392241
    1078   -0.392241
    1079   -0.390699
    1080   -0.390699
    1081   -0.389068
    1082   -0.389068
    1083   -0.387347
    1084   -0.387347
    1085   -0.385519
    1086   -0.385519
    1087   -0.383581
    1088   -0.383581
    1089   -0.381509
    1090   -0.381509
    1091   -0.379261
    1092   -0.379261
    1093   -0.376804
    1094   -0.376804
    1095   -0.374127
    1096   -0.374127
    1097   -0.371203
    1098   -0.371203
    1099   -0.368001
    1100   -0.368001
    1101   -0.364486
    1102   -0.364486
    1103   -0.360635
    1104   -0.360635
    1105   -0.356576
    1106   -0.356576
    1107   -0.352650
    1108   -0.352650
    1109   -0.349580
    1110   -0.349580
    1111   -0.348156
    1112   -0.348156
    1113   -0.348231
    1114   -0.348231
    1115   -0.348904
    1116   -0.348904
    1117   -0.349582
    1118   -0.349582
    1119   -0.350033
    1120   -0.350033
    1121   -0.350150
    1122   -0.350150
    1123   -0.349975
    1124   -0.349975
    1125   -0.349532
    1126   -0.349532
    1127   -0.348808
    1128   -0.348808
    1129   -0.347845
    1130   -0.347845
    1131   -0.346635
    1132   -0.346635
    1133   -0.345152
    1134   -0.345152
    1135   -0.343415
    1136   -0.343415
    1137   -0.341408
    1138   -0.341408
    1139   -0.339121
    1140   -0.339121
    1141   -0.336540
    1142   -0.336540
    1143   -0.333591
    1144   -0.333591
    1145   -0.330198
    1146   -0.330198
    1147   -0.326372
    1148   -0.326372
    1149   -0.322145
    1150   -0.322145
    1151   -0.317441
    1152   -0.317441
    1153   -0.312214
    1154   -0.312214
    1155   -0.306494
    1156   -0.306494
    1157   -0.300170
    1158   -0.300170
    1159   -0.293140
    1160   -0.293140
    1161   -0.285469
    1162   -0.285469
    1163   -0.277045
    1164   -0.277045
    1165   -0.267661
    1166   -0.267661
    1167   -0.257191
    1168   -0.257191
    1169   -0.245458
    1170   -0.245458
    1171   -0.232279
    1172   -0.232279
    1173   -0.217447
    1174   -0.217447
    1175   -0.204401
    1176   -0.204401
    1177   -0.192616
    1178   -0.192616
    1179   -0.175660
    1180   -0.175660
    1181   -0.153168
    1182   -0.153168
    1183   -0.127732
    1184   -0.127732
    1185   -0.102295
    1186   -0.102295
    1187   -0.081905
    1188   -0.081905
    1189   -0.511014
    1190   -0.511014
    1191   -0.510496
    1192   -0.510496
    1193   -0.510008
    1194   -0.510008
    1195   -0.509849
    1196   -0.509849
    1197   -0.509604
    1198   -0.509604
    1199   -0.509201
    1200   -0.509201
    1201   -0.508814
    1202   -0.508814
    1203   -0.508418
    1204   -0.508418
    1205   -0.508004
    1206   -0.508004
    1207   -0.507579
    1208   -0.507579
    1209   -0.507139
    1210   -0.507139
    1211   -0.506667
    1212   -0.506667
    1213   -0.506153
    1214   -0.506153
    1215   -0.505602
    1216   -0.505602
    1217   -0.505015
    1218   -0.505015
    1219   -0.504392
    1220   -0.504392
    1221   -0.503738
    1222   -0.503738
    1223   -0.503047
    1224   -0.503047
    1225   -0.502312
    1226   -0.502312
    1227   -0.501535
    1228   -0.501535
    1229   -0.500733
    1230   -0.500733
    1231   -0.499932
    1232   -0.499932
    1233   -0.499137
    1234   -0.499137
    1235   -0.498327
    1236   -0.498327
    1237   -0.497494
    1238   -0.497494
    1239   -0.496638
    1240   -0.496638
    1241   -0.495753
    1242   -0.495753
    1243   -0.494828
    1244   -0.494828
    1245   -0.493864
    1246   -0.493864
    1247   -0.492861
    1248   -0.492861
    1249   -0.491816
    1250   -0.491816
    1251   -0.490728
    1252   -0.490728
    1253   -0.489611
    1254   -0.489611
    1255   -0.488483
    1256   -0.488483
    1257   -0.487345
    1258   -0.487345
    1259   -0.486173
    1260   -0.486173
    1261   -0.484947
    1262   -0.484947
    1263   -0.483659
    1264   -0.483659
    1265   -0.482304
    1266   -0.482304
    1267   -0.480874
    1268   -0.480874
    1269   -0.479369
    1270   -0.479369
    1271   -0.477795
    1272   -0.477795
    1273   -0.476158
    1274   -0.476158
    1275   -0.474449
    1276   -0.474449
    1277   -0.472643
    1278   -0.472643
    1279   -0.470743
    1280   -0.470743
    1281   -0.468757
    1282   -0.468757
    1283   -0.466664
    1284   -0.466664
    1285   -0.464443
    1286   -0.464443
    1287   -0.462078
    1288   -0.462078
    1289   -0.459542
    1290   -0.459542
    1291   -0.456810
    1292   -0.456810
    1293   -0.453867
    1294   -0.453867
    1295   -0.450662
    1296   -0.450662
    1297   -0.447154
    1298   -0.447154
    1299   -0.443310
    1300   -0.443310
    1301   -0.439140
    1302   -0.439140
    1303   -0.434789
    1304   -0.434789
    1305   -0.430522
    1306   -0.430522
    1307   -0.426935
    1308   -0.426935
    1309   -0.424920
    1310   -0.424920
    1311   -0.424587
    1312   -0.424587
    1313   -0.425033
    1314   -0.425033
    1315   -0.425482
    1316   -0.425482
    1317   -0.425678
    1318   -0.425678
    1319   -0.425564
    1320   -0.425564
    1321   -0.425195
    1322   -0.425195
    1323   -0.424658
    1324   -0.424658
    1325   -0.423908
    1326   -0.423908
    1327   -0.422859
    1328   -0.422859
    1329   -0.421477
    1330   -0.421477
    1331   -0.419774
    1332   -0.419774
    1333   -0.417799
    1334   -0.417799
    1335   -0.415574
    1336   -0.415574
    1337   -0.413051
    1338   -0.413051
    1339   -0.410156
    1340   -0.410156
    1341   -0.406825
    1342   -0.406825
    1343   -0.403048
    1344   -0.403048
    1345   -0.398799
    1346   -0.398799
    1347   -0.394042
    1348   -0.394042
    1349   -0.388718
    1350   -0.388718
    1351   -0.382764
    1352   -0.382764
    1353   -0.376167
    1354   -0.376167
    1355   -0.368842
    1356   -0.368842
    1357   -0.360777
    1358   -0.360777
    1359   -0.351981
    1360   -0.351981
    1361   -0.342371
    1362   -0.342371
    1363   -0.331788
    1364   -0.331788
    1365   -0.320021
    1366   -0.320021
    1367   -0.306832
    1368   -0.306832
    1369   -0.292191
    1370   -0.292191
    1371   -0.275428
    1372   -0.275428
    1373   -0.258500
    1374   -0.258500
    1375   -0.241746
    1376   -0.241746
    1377   -0.220500
    1378   -0.220500
    1379   -0.195804
    1380   -0.195804
    1381   -0.169223
    1382   -0.169223
    1383   -0.140271
    1384   -0.140271
    1385   -0.116405
    1386   -0.116405
    1387   -0.614725
    1388   -0.614725
    1389   -0.614109
    1390   -0.614109
    1391   -0.613258
    1392   -0.613258
    1393   -0.612440
    1394   -0.612440
    1395   -0.611574
    1396   -0.611574
    1397   -0.610708
    1398   -0.610708
    1399   -0.609944
    1400   -0.609944
    1401   -0.609229
    1402   -0.609229
    1403   -0.608546
    1404   -0.608546
    1405   -0.607905
    1406   -0.607905
    1407   -0.607291
    1408   -0.607291
    1409   -0.606669
    1410   -0.606669
    1411   -0.606017
    1412   -0.606017
    1413   -0.605335
    1414   -0.605335
    1415   -0.604619
    1416   -0.604619
    1417   -0.603860
    1418   -0.603860
    1419   -0.603063
    1420   -0.603063
    1421   -0.602225
    1422   -0.602225
    1423   -0.601344
    1424   -0.601344
    1425   -0.600416
    1426   -0.600416
    1427   -0.599457
    1428   -0.599457
    1429   -0.598512
    1430   -0.598512
    1431   -0.597586
    1432   -0.597586
    1433   -0.596642
    1434   -0.596642
    1435   -0.595671
    1436   -0.595671
    1437   -0.594678
    1438   -0.594678
    1439   -0.593652
    1440   -0.593652
    1441   -0.592583
    1442   -0.592583
    1443   -0.591465
    1444   -0.591465
    1445   -0.590297
    1446   -0.590297
    1447   -0.589076
    1448   -0.589076
    1449   -0.587797
    1450   -0.587797
    1451   -0.586479
    1452   -0.586479
    1453   -0.585158
    1454   -0.585158
    1455   -0.583833
    1456   -0.583833
    1457   -0.582469
    1458   -0.582469
    1459   -0.581052
    1460   -0.581052
    1461   -0.579584
    1462   -0.579584
    1463   -0.578055
    1464   -0.578055
    1465   -0.576431
    1466   -0.576431
    1467   -0.574709
    1468   -0.574709
    1469   -0.572907
    1470   -0.572907
    1471   -0.571025
    1472   -0.571025
    1473   -0.569055
    1474   -0.569055
    1475   -0.566984
    1476   -0.566984
    1477   -0.564811
    1478   -0.564811
    1479   -0.562546
    1480   -0.562546
    1481   -0.560171
    1482   -0.560171
    1483   -0.557650
    1484   -0.557650
    1485   -0.554973
    1486   -0.554973
    1487   -0.552128
    1488   -0.552128
    1489   -0.549093
    1490   -0.549093
    1491   -0.545847
    1492   -0.545847
    1493   -0.542353
    1494   -0.542353
    1495   -0.538576
    1496   -0.538576
    1497   -0.534489
    1498   -0.534489
    1499   -0.530134
    1500   -0.530134
    1501   -0.525632
    1502   -0.525632
    1503   -0.521201
    1504   -0.521201
    1505   -0.517403
    1506   -0.517403
    1507   -0.515199
    1508   -0.515199
    1509   -0.514760
    1510   -0.514760
    1511   -0.515127
    1512   -0.515127
    1513   -0.515463
    1514   -0.515463
    1515   -0.515523
    1516   -0.515523
    1517   -0.515254
    1518   -0.515254
    1519   -0.514669
    1520   -0.514669
    1521   -0.513886
    1522   -0.513886
    1523   -0.512880
    1524   -0.512880
    1525   -0.511556
    1526   -0.511556
    1527   -0.509918
    1528   -0.509918
    1529   -0.507974
    1530   -0.507974
    1531   -0.505740
    1532   -0.505740
    1533   -0.503254
    1534   -0.503254
    1535   -0.500447
    1536   -0.500447
    1537   -0.497212
    1538   -0.497212
    1539   -0.493495
    1540   -0.493495
    1541   -0.489308
    1542   -0.489308
    1543   -0.484587
    1544   -0.484587
    1545   -0.479238
    1546   -0.479238
    1547   -0.473260
    1548   -0.473260
    1549   -0.466551
    1550   -0.466551
    1551   -0.459057
    1552   -0.459057
    1553   -0.450797
    1554   -0.450797
    1555   -0.441780
    1556   -0.441780
    1557   -0.431865
    1558   -0.431865
    1559   -0.420955
    1560   -0.420955
    1561   -0.408943
    1562   -0.408943
    1563   -0.395514
    1564   -0.395514
    1565   -0.380396
    1566   -0.380396
    1567   -0.364180
    1568   -0.364180
    1569   -0.345817
    1570   -0.345817
    1571   -0.323874
    1572   -0.323874
    1573   -0.300324
    1574   -0.300324
    1575   -0.275035
    1576   -0.275035
    1577   -0.246903
    1578   -0.246903
    1579   -0.215389
    1580   -0.215389
    1581   -0.180699
    1582   -0.180699
    1583   -0.152238
    1584   -0.152238
    1585   -0.739253
    1586   -0.739253
    1587   -0.737989
    1588   -0.737989
    1589   -0.736056
    1590   -0.736056
    1591   -0.734231
    1592   -0.734231
    1593   -0.732634
    1594   -0.732634
    1595   -0.731175
    1596   -0.731175
    1597   -0.729854
    1598   -0.729854
    1599   -0.728661
    1600   -0.728661
    1601   -0.727597
    1602   -0.727597
    1603   -0.726649
    1604   -0.726649
    1605   -0.725778
    1606   -0.725778
    1607   -0.724941
    1608   -0.724941
    1609   -0.724111
    1610   -0.724111
    1611   -0.723276
    1612   -0.723276
    1613   -0.722413
    1614   -0.722413
    1615   -0.721501
    1616   -0.721501
    1617   -0.720539
    1618   -0.720539
    1619   -0.719538
    1620   -0.719538
    1621   -0.718501
    1622   -0.718501
    1623   -0.717415
    1624   -0.717415
    1625   -0.716291
    1626   -0.716291
    1627   -0.715171
    1628   -0.715171
    1629   -0.714063
    1630   -0.714063
    1631   -0.712942
    1632   -0.712942
    1633   -0.711804
    1634   -0.711804
    1635   -0.710652
    1636   -0.710652
    1637   -0.709474
    1638   -0.709474
    1639   -0.708247
    1640   -0.708247
    1641   -0.706959
    1642   -0.706959
    1643   -0.705607
    1644   -0.705607
    1645   -0.704190
    1646   -0.704190
    1647   -0.702711
    1648   -0.702711
    1649   -0.701186
    1650   -0.701186
    1651   -0.699642
    1652   -0.699642
    1653   -0.698082
    1654   -0.698082
    1655   -0.696490
    1656   -0.696490
    1657   -0.694854
    1658   -0.694854
    1659   -0.693170
    1660   -0.693170
    1661   -0.691422
    1662   -0.691422
    1663   -0.689582
    1664   -0.689582
    1665   -0.687639
    1666   -0.687639
    1667   -0.685605
    1668   -0.685605
    1669   -0.683479
    1670   -0.683479
    1671   -0.681250
    1672   -0.681250
    1673   -0.678913
    1674   -0.678913
    1675   -0.676461
    1676   -0.676461
    1677   -0.673885
    1678   -0.673885
    1679   -0.671173
    1680   -0.671173
    1681   -0.668300
    1682   -0.668300
    1683   -0.665257
    1684   -0.665257
    1685   -0.662043
    1686   -0.662043
    1687   -0.658640
    1688   -0.658640
    1689   -0.655026
    1690   -0.655026
    1691   -0.651196
    1692   -0.651196
    1693   -0.647128
    1694   -0.647128
    1695   -0.642825
    1696   -0.642825
    1697   -0.638339
    1698   -0.638339
    1699   -0.633743
    1700   -0.633743
    1701   -0.629261
    1702   -0.629261
    1703   -0.625554
    1704   -0.625554
    1705   -0.623551
    1706   -0.623551
    1707   -0.623229
    1708   -0.623229
    1709   -0.623587
    1710   -0.623587
    1711   -0.623890
    1712   -0.623890
    1713   -0.623943
    1714   -0.623943
    1715   -0.623653
    1716   -0.623653
    1717   -0.622959
    1718   -0.622959
    1719   -0.621939
    1720   -0.621939
    1721   -0.620613
    1722   -0.620613
    1723   -0.618991
    1724   -0.618991
    1725   -0.617104
    1726   -0.617104
    1727   -0.614927
    1728   -0.614927
    1729   -0.612448
    1730   -0.612448
    1731   -0.609668
    1732   -0.609668
    1733   -0.606515
    1734   -0.606515
    1735   -0.602920
    1736   -0.602920
    1737   -0.598828
    1738   -0.598828
    1739   -0.594189
    1740   -0.594189
    1741   -0.588962
    1742   -0.588962
    1743   -0.583083
    1744   -0.583083
    1745   -0.576504
    1746   -0.576504
    1747   -0.569079
    1748   -0.569079
    1749   -0.560762
    1750   -0.560762
    1751   -0.551641
    1752   -0.551641
    1753   -0.541680
    1754   -0.541680
    1755   -0.530619
    1756   -0.530619
    1757   -0.518284
    1758   -0.518284
    1759   -0.504523
    1760   -0.504523
    1761   -0.489014
    1762   -0.489014
    1763   -0.471557
    1764   -0.471557
    1765   -0.452834
    1766   -0.452834
    1767   -0.431787
    1768   -0.431787
    1769   -0.405615
    1770   -0.405615
    1771   -0.376104
    1772   -0.376104
    1773   -0.344977
    1774   -0.344977
    1775   -0.310227
    1776   -0.310227
    1777   -0.270359
    1778   -0.270359
    1779   -0.226805
    1780   -0.226805
    1781   -0.191243
    1782   -0.191243
    1783   -0.892671
    1784   -0.892671
    1785   -0.890820
    1786   -0.890820
    1787   -0.888065
    1788   -0.888065
    1789   -0.885511
    1790   -0.885511
    1791   -0.883255
    1792   -0.883255
    1793   -0.881202
    1794   -0.881202
    1795   -0.879326
    1796   -0.879326
    1797   -0.877636
    1798   -0.877636
    1799   -0.876160
    1800   -0.876160
    1801   -0.874854
    1802   -0.874854
    1803   -0.873657
    1804   -0.873657
    1805   -0.872526
    1806   -0.872526
    1807   -0.871448
    1808   -0.871448
    1809   -0.870396
    1810   -0.870396
    1811   -0.869334
    1812   -0.869334
    1813   -0.868228
    1814   -0.868228
    1815   -0.867067
    1816   -0.867067
    1817   -0.865874
    1818   -0.865874
    1819   -0.864657
    1820   -0.864657
    1821   -0.863393
    1822   -0.863393
    1823   -0.862082
    1824   -0.862082
    1825   -0.860752
    1826   -0.860752
    1827   -0.859412
    1828   -0.859412
    1829   -0.858068
    1830   -0.858068
    1831   -0.856726
    1832   -0.856726
    1833   -0.855385
    1834   -0.855385
    1835   -0.854027
    1836   -0.854027
    1837   -0.852617
    1838   -0.852617
    1839   -0.851134
    1840   -0.851134
    1841   -0.849576
    1842   -0.849576
    1843   -0.847947
    1844   -0.847947
    1845   -0.846253
    1846   -0.846253
    1847   -0.844501
    1848   -0.844501
    1849   -0.842701
    1850   -0.842701
    1851   -0.840859
    1852   -0.840859
    1853   -0.838988
    1854   -0.838988
    1855   -0.837084
    1856   -0.837084
    1857   -0.835129
    1858   -0.835129
    1859   -0.833110
    1860   -0.833110
    1861   -0.831011
    1862   -0.831011
    1863   -0.828814
    1864   -0.828814
    1865   -0.826516
    1866   -0.826516
    1867   -0.824125
    1868   -0.824125
    1869   -0.821623
    1870   -0.821623
    1871   -0.818993
    1872   -0.818993
    1873   -0.816218
    1874   -0.816218
    1875   -0.813269
    1876   -0.813269
    1877   -0.810150
    1878   -0.810150
    1879   -0.806866
    1880   -0.806866
    1881   -0.803402
    1882   -0.803402
    1883   -0.799765
    1884   -0.799765
    1885   -0.795940
    1886   -0.795940
    1887   -0.791899
    1888   -0.791899
    1889   -0.787655
    1890   -0.787655
    1891   -0.783198
    1892   -0.783198
    1893   -0.778540
    1894   -0.778540
    1895   -0.773712
    1896   -0.773712
    1897   -0.768765
    1898   -0.768765
    1899   -0.763954
    1900   -0.763954
    1901   -0.760008
    1902   -0.760008
    1903   -0.757840
    1904   -0.757840
    1905   -0.757336
    1906   -0.757336
    1907   -0.757492
    1908   -0.757492
    1909   -0.757629
    1910   -0.757629
    1911   -0.757582
    1912   -0.757582
    1913   -0.757284
    1914   -0.757284
    1915   -0.756619
    1916   -0.756619
    1917   -0.755570
    1918   -0.755570
    1919   -0.754169
    1920   -0.754169
    1921   -0.752457
    1922   -0.752457
    1923   -0.750417
    1924   -0.750417
    1925   -0.748026
    1926   -0.748026
    1927   -0.745287
    1928   -0.745287
    1929   -0.742162
    1930   -0.742162
    1931   -0.738582
    1932   -0.738582
    1933   -0.734517
    1934   -0.734517
    1935   -0.729938
    1936   -0.729938
    1937   -0.724762
    1938   -0.724762
    1939   -0.719015
    1940   -0.719015
    1941   -0.712658
    1942   -0.712658
    1943   -0.705532
    1944   -0.705532
    1945   -0.697483
    1946   -0.697483
    1947   -0.688416
    1948   -0.688416
    1949   -0.678367
    1950   -0.678367
    1951   -0.667293
    1952   -0.667293
    1953   -0.654936
    1954   -0.654936
    1955   -0.640956
    1956   -0.640956
    1957   -0.625062
    1958   -0.625062
    1959   -0.607076
    1960   -0.607076
    1961   -0.586862
    1962   -0.586862
    1963   -0.564492
    1964   -0.564492
    1965   -0.539281
    1966   -0.539281
    1967   -0.509262
    1968   -0.509262
    1969   -0.474247
    1970   -0.474247
    1971   -0.434836
    1972   -0.434836
    1973   -0.389941
    1974   -0.389941
    1975   -0.338576
    1976   -0.338576
    1977   -0.283155
    1978   -0.283155
    1979   -0.238081
    1980   -0.238081
    1981   -1.087218
    1982   -1.087218
    1983   -1.084903
    1984   -1.084903
    1985   -1.081547
    1986   -1.081547
    1987   -1.078507
    1988   -1.078507
    1989   -1.075770
    1990   -1.075770
    1991   -1.073211
    1992   -1.073211
    1993   -1.070840
    1994   -1.070840
    1995   -1.068679
    1996   -1.068679
    1997   -1.066746
    1998   -1.066746
    1999   -1.065004
    2000   -1.065004
    2001   -1.063403
    2002   -1.063403
    2003   -1.061910
    2004   -1.061910
    2005   -1.060511
    2006   -1.060511
    2007   -1.059165
    2008   -1.059165
    2009   -1.057830
    2010   -1.057830
    2011   -1.056472
    2012   -1.056472
    2013   -1.055076
    2014   -1.055076
    2015   -1.053650
    2016   -1.053650
    2017   -1.052197
    2018   -1.052197
    2019   -1.050699
    2020   -1.050699
    2021   -1.049154
    2022   -1.049154
    2023   -1.047573
    2024   -1.047573
    2025   -1.045973
    2026   -1.045973
    2027   -1.044379
    2028   -1.044379
    2029   -1.042798
    2030   -1.042798
    2031   -1.041218
    2032   -1.041218
    2033   -1.039622
    2034   -1.039622
    2035   -1.037976
    2036   -1.037976
    2037   -1.036263
    2038   -1.036263
    2039   -1.034477
    2040   -1.034477
    2041   -1.032616
    2042   -1.032616
    2043   -1.030677
    2044   -1.030677
    2045   -1.028660
    2046   -1.028660
    2047   -1.026570
    2048   -1.026570
    2049   -1.024416
    2050   -1.024416
    2051   -1.022217
    2052   -1.022217
    2053   -1.019978
    2054   -1.019978
    2055   -1.017689
    2056   -1.017689
    2057   -1.015336
    2058   -1.015336
    2059   -1.012908
    2060   -1.012908
    2061   -1.010386
    2062   -1.010386
    2063   -1.007770
    2064   -1.007770
    2065   -1.005076
    2066   -1.005076
    2067   -1.002288
    2068   -1.002288
    2069   -0.999335
    2070   -0.999335
    2071   -0.996135
    2072   -0.996135
    2073   -0.992684
    2074   -0.992684
    2075   -0.989062
    2076   -0.989062
    2077   -0.985300
    2078   -0.985300
    2079   -0.981365
    2080   -0.981365
    2081   -0.977257
    2082   -0.977257
    2083   -0.972963
    2084   -0.972963
    2085   -0.968461
    2086   -0.968461
    2087   -0.963774
    2088   -0.963774
    2089   -0.958897
    2090   -0.958897
    2091   -0.953806
    2092   -0.953806
    2093   -0.948488
    2094   -0.948488
    2095   -0.943018
    2096   -0.943018
    2097   -0.937690
    2098   -0.937690
    2099   -0.933314
    2100   -0.933314
    2101   -0.930827
    2102   -0.930827
    2103   -0.930075
    2104   -0.930075
    2105   -0.930083
    2106   -0.930083
    2107   -0.930184
    2108   -0.930184
    2109   -0.930149
    2110   -0.930149
    2111   -0.929904
    2112   -0.929904
    2113   -0.929332
    2114   -0.929332
    2115   -0.928316
    2116   -0.928316
    2117   -0.926871
    2118   -0.926871
    2119   -0.925032
    2120   -0.925032
    2121   -0.922766
    2122   -0.922766
    2123   -0.920082
    2124   -0.920082
    2125   -0.916969
    2126   -0.916969
    2127   -0.913355
    2128   -0.913355
    2129   -0.909184
    2130   -0.909184
    2131   -0.904433
    2132   -0.904433
    2133   -0.899117
    2134   -0.899117
    2135   -0.893203
    2136   -0.893203
    2137   -0.886704
    2138   -0.886704
    2139   -0.879544
    2140   -0.879544
    2141   -0.871557
    2142   -0.871557
    2143   -0.862612
    2144   -0.862612
    2145   -0.852509
    2146   -0.852509
    2147   -0.841194
    2148   -0.841194
    2149   -0.828602
    2150   -0.828602
    2151   -0.814435
    2152   -0.814435
    2153   -0.798328
    2154   -0.798328
    2155   -0.779928
    2156   -0.779928
    2157   -0.758996
    2158   -0.758996
    2159   -0.735195
    2160   -0.735195
    2161   -0.708089
    2162   -0.708089
    2163   -0.677724
    2164   -0.677724
    2165   -0.642885
    2166   -0.642885
    2167   -0.601242
    2168   -0.601242
    2169   -0.552047
    2170   -0.552047
    2171   -0.494735
    2172   -0.494735
    2173   -0.428851
    2174   -0.428851
    2175   -0.358249
    2176   -0.358249
    2177   -0.301082
    2178   -0.301082
    2179   -1.343077
    2180   -1.343077
    2181   -1.340558
    2182   -1.340558
    2183   -1.336799
    2184   -1.336799
    2185   -1.333350
    2186   -1.333350
    2187   -1.330201
    2188   -1.330201
    2189   -1.327170
    2190   -1.327170
    2191   -1.324361
    2192   -1.324361
    2193   -1.321782
    2194   -1.321782
    2195   -1.319386
    2196   -1.319386
    2197   -1.317158
    2198   -1.317158
    2199   -1.315087
    2200   -1.315087
    2201   -1.313176
    2202   -1.313176
    2203   -1.311404
    2204   -1.311404
    2205   -1.309707
    2206   -1.309707
    2207   -1.308036
    2208   -1.308036
    2209   -1.306366
    2210   -1.306366
    2211   -1.304686
    2212   -1.304686
    2213   -1.302974
    2214   -1.302974
    2215   -1.301216
    2216   -1.301216
    2217   -1.299415
    2218   -1.299415
    2219   -1.297571
    2220   -1.297571
    2221   -1.295692
    2222   -1.295692
    2223   -1.293799
    2224   -1.293799
    2225   -1.291915
    2226   -1.291915
    2227   -1.290037
    2228   -1.290037
    2229   -1.288148
    2230   -1.288148
    2231   -1.286236
    2232   -1.286236
    2233   -1.284283
    2234   -1.284283
    2235   -1.282274
    2236   -1.282274
    2237   -1.280199
    2238   -1.280199
    2239   -1.278044
    2240   -1.278044
    2241   -1.275791
    2242   -1.275791
    2243   -1.273438
    2244   -1.273438
    2245   -1.270995
    2246   -1.270995
    2247   -1.268467
    2248   -1.268467
    2249   -1.265862
    2250   -1.265862
    2251   -1.263194
    2252   -1.263194
    2253   -1.260471
    2254   -1.260471
    2255   -1.257683
    2256   -1.257683
    2257   -1.254811
    2258   -1.254811
    2259   -1.251850
    2260   -1.251850
    2261   -1.248809
    2262   -1.248809
    2263   -1.245711
    2264   -1.245711
    2265   -1.242554
    2266   -1.242554
    2267   -1.239202
    2268   -1.239202
    2269   -1.235446
    2270   -1.235446
    2271   -1.231334
    2272   -1.231334
    2273   -1.227078
    2274   -1.227078
    2275   -1.222725
    2276   -1.222725
    2277   -1.218213
    2278   -1.218213
    2279   -1.213522
    2280   -1.213522
    2281   -1.208669
    2282   -1.208669
    2283   -1.203640
    2284   -1.203640
    2285   -1.198424
    2286   -1.198424
    2287   -1.193025
    2288   -1.193025
    2289   -1.187393
    2290   -1.187393
    2291   -1.181527
    2292   -1.181527
    2293   -1.175555
    2294   -1.175555
    2295   -1.169816
    2296   -1.169816
    2297   -1.165298
    2298   -1.165298
    2299   -1.162955
    2300   -1.162955
    2301   -1.162433
    2302   -1.162433
    2303   -1.162774
    2304   -1.162774
    2305   -1.163330
    2306   -1.163330
    2307   -1.163693
    2308   -1.163693
    2309   -1.163711
    2310   -1.163711
    2311   -1.163327
    2312   -1.163327
    2313   -1.162367
    2314   -1.162367
    2315   -1.160810
    2316   -1.160810
    2317   -1.158755
    2318   -1.158755
    2319   -1.156228
    2320   -1.156228
    2321   -1.153213
    2322   -1.153213
    2323   -1.149592
    2324   -1.149592
    2325   -1.145308
    2326   -1.145308
    2327   -1.140369
    2328   -1.140369
    2329   -1.134748
    2330   -1.134748
    2331   -1.128468
    2332   -1.128468
    2333   -1.121512
    2334   -1.121512
    2335   -1.113801
    2336   -1.113801
    2337   -1.105287
    2338   -1.105287
    2339   -1.095866
    2340   -1.095866
    2341   -1.085383
    2342   -1.085383
    2343   -1.073566
    2344   -1.073566
    2345   -1.060265
    2346   -1.060265
    2347   -1.045320
    2348   -1.045320
    2349   -1.028400
    2350   -1.028400
    2351   -1.009324
    2352   -1.009324
    2353   -0.987758
    2354   -0.987758
    2355   -0.963187
    2356   -0.963187
    2357   -0.935037
    2358   -0.935037
    2359   -0.902151
    2360   -0.902151
    2361   -0.864621
    2362   -0.864621
    2363   -0.822311
    2364   -0.822311
    2365   -0.772262
    2366   -0.772262
    2367   -0.712196
    2368   -0.712196
    2369   -0.640446
    2370   -0.640446
    2371   -0.556457
    2372   -0.556457
    2373   -0.465850
    2374   -0.465850
    2375   -0.392256
    2376   -0.392256
    2377   -1.694799
    2378   -1.694799
    2379   -1.692779
    2380   -1.692779
    2381   -1.689366
    2382   -1.689366
    2383   -1.685963
    2384   -1.685963
    2385   -1.682698
    2386   -1.682698
    2387   -1.679384
    2388   -1.679384
    2389   -1.676298
    2390   -1.676298
    2391   -1.673444
    2392   -1.673444
    2393   -1.670723
    2394   -1.670723
    2395   -1.668115
    2396   -1.668115
    2397   -1.665625
    2398   -1.665625
    2399   -1.663287
    2400   -1.663287
    2401   -1.661087
    2402   -1.661087
    2403   -1.658971
    2404   -1.658971
    2405   -1.656895
    2406   -1.656895
    2407   -1.654836
    2408   -1.654836
    2409   -1.652782
    2410   -1.652782
    2411   -1.650702
    2412   -1.650702
    2413   -1.648571
    2414   -1.648571
    2415   -1.646384
    2416   -1.646384
    2417   -1.644152
    2418   -1.644152
    2419   -1.641890
    2420   -1.641890
    2421   -1.639618
    2422   -1.639618
    2423   -1.637338
    2424   -1.637338
    2425   -1.635044
    2426   -1.635044
    2427   -1.632731
    2428   -1.632731
    2429   -1.630392
    2430   -1.630392
    2431   -1.628016
    2432   -1.628016
    2433   -1.625587
    2434   -1.625587
    2435   -1.623082
    2436   -1.623082
    2437   -1.620484
    2438   -1.620484
    2439   -1.617776
    2440   -1.617776
    2441   -1.614955
    2442   -1.614955
    2443   -1.612016
    2444   -1.612016
    2445   -1.608963
    2446   -1.608963
    2447   -1.605803
    2448   -1.605803
    2449   -1.602550
    2450   -1.602550
    2451   -1.599219
    2452   -1.599219
    2453   -1.595804
    2454   -1.595804
    2455   -1.592292
    2456   -1.592292
    2457   -1.588685
    2458   -1.588685
    2459   -1.584991
    2460   -1.584991
    2461   -1.581218
    2462   -1.581218
    2463   -1.577373
    2464   -1.577373
    2465   -1.573313
    2466   -1.573313
    2467   -1.568817
    2468   -1.568817
    2469   -1.563952
    2470   -1.563952
    2471   -1.558937
    2472   -1.558937
    2473   -1.553816
    2474   -1.553816
    2475   -1.548517
    2476   -1.548517
    2477   -1.543011
    2478   -1.543011
    2479   -1.537347
    2480   -1.537347
    2481   -1.531501
    2482   -1.531501
    2483   -1.525402
    2484   -1.525402
    2485   -1.519034
    2486   -1.519034
    2487   -1.512389
    2488   -1.512389
    2489   -1.505537
    2490   -1.505537
    2491   -1.498639
    2492   -1.498639
    2493   -1.492073
    2494   -1.492073
    2495   -1.487043
    2496   -1.487043
    2497   -1.484687
    2498   -1.484687
    2499   -1.484453
    2500   -1.484453
    2501   -1.485170
    2502   -1.485170
    2503   -1.486142
    2504   -1.486142
    2505   -1.486850
    2506   -1.486850
    2507   -1.487080
    2508   -1.487080
    2509   -1.486786
    2510   -1.486786
    2511   -1.485775
    2512   -1.485775
    2513   -1.483968
    2514   -1.483968
    2515   -1.481554
    2516   -1.481554
    2517   -1.478664
    2518   -1.478664
    2519   -1.475124
    2520   -1.475124
    2521   -1.470730
    2522   -1.470730
    2523   -1.465493
    2524   -1.465493
    2525   -1.459474
    2526   -1.459474
    2527   -1.452670
    2528   -1.452670
    2529   -1.445056
    2530   -1.445056
    2531   -1.436558
    2532   -1.436558
    2533   -1.427057
    2534   -1.427057
    2535   -1.416592
    2536   -1.416592
    2537   -1.405054
    2538   -1.405054
    2539   -1.392204
    2540   -1.392204
    2541   -1.377799
    2542   -1.377799
    2543   -1.361563
    2544   -1.361563
    2545   -1.343224
    2546   -1.343224
    2547   -1.322512
    2548   -1.322512
    2549   -1.299316
    2550   -1.299316
    2551   -1.273293
    2552   -1.273293
    2553   -1.243790
    2554   -1.243790
    2555   -1.210090
    2556   -1.210090
    2557   -1.170310
    2558   -1.170310
    2559   -1.123513
    2560   -1.123513
    2561   -1.070288
    2562   -1.070288
    2563   -1.009068
    2564   -1.009068
    2565   -0.936191
    2566   -0.936191
    2567   -0.846914
    2568   -0.846914
    2569   -0.740064
    2570   -0.740064
    2571   -0.623221
    2572   -0.623221
    2573   -0.527142
    2574   -0.527142
    2575   -2.198112
    2576   -2.198112
    2577   -2.198067
    2578   -2.198067
    2579   -2.196956
    2580   -2.196956
    2581   -2.194726
    2582   -2.194726
    2583   -2.191812
    2584   -2.191812
    2585   -2.188536
    2586   -2.188536
    2587   -2.185430
    2588   -2.185430
    2589   -2.182466
    2590   -2.182466
    2591   -2.179555
    2592   -2.179555
    2593   -2.176680
    2594   -2.176680
    2595   -2.173854
    2596   -2.173854
    2597   -2.171085
    2598   -2.171085
    2599   -2.168364
    2600   -2.168364
    2601   -2.165707
    2602   -2.165707
    2603   -2.163106
    2604   -2.163106
    2605   -2.160526
    2606   -2.160526
    2607   -2.157949
    2608   -2.157949
    2609   -2.155356
    2610   -2.155356
    2611   -2.152719
    2612   -2.152719
    2613   -2.150011
    2614   -2.150011
    2615   -2.147237
    2616   -2.147237
    2617   -2.144427
    2618   -2.144427
    2619   -2.141593
    2620   -2.141593
    2621   -2.138722
    2622   -2.138722
    2623   -2.135811
    2624   -2.135811
    2625   -2.132868
    2626   -2.132868
    2627   -2.129888
    2628   -2.129888
    2629   -2.126859
    2630   -2.126859
    2631   -2.123761
    2632   -2.123761
    2633   -2.120565
    2634   -2.120565
    2635   -2.117255
    2636   -2.117255
    2637   -2.113829
    2638   -2.113829
    2639   -2.110273
    2640   -2.110273
    2641   -2.106565
    2642   -2.106565
    2643   -2.102705
    2644   -2.102705
    2645   -2.098709
    2646   -2.098709
    2647   -2.094583
    2648   -2.094583
    2649   -2.090337
    2650   -2.090337
    2651   -2.085970
    2652   -2.085970
    2653   -2.081479
    2654   -2.081479
    2655   -2.076867
    2656   -2.076867
    2657   -2.072114
    2658   -2.072114
    2659   -2.067201
    2660   -2.067201
    2661   -2.062126
    2662   -2.062126
    2663   -2.056825
    2664   -2.056825
    2665   -2.051222
    2666   -2.051222
    2667   -2.045365
    2668   -2.045365
    2669   -2.039309
    2670   -2.039309
    2671   -2.033054
    2672   -2.033054
    2673   -2.026589
    2674   -2.026589
    2675   -2.019864
    2676   -2.019864
    2677   -2.012868
    2678   -2.012868
    2679   -2.005587
    2680   -2.005587
    2681   -1.997936
    2682   -1.997936
    2683   -1.989866
    2684   -1.989866
    2685   -1.981402
    2686   -1.981402
    2687   -1.972633
    2688   -1.972633
    2689   -1.963718
    2690   -1.963718
    2691   -1.955090
    2692   -1.955090
    2693   -1.948153
    2694   -1.948153
    2695   -1.944567
    2696   -1.944567
    2697   -1.943887
    2698   -1.943887
    2699   -1.944344
    2700   -1.944344
    2701   -1.944877
    2702   -1.944877
    2703   -1.945009
    2704   -1.945009
    2705   -1.944582
    2706   -1.944582
    2707   -1.943521
    2708   -1.943521
    2709   -1.941780
    2710   -1.941780
    2711   -1.939218
    2712   -1.939218
    2713   -1.935819
    2714   -1.935819
    2715   -1.931771
    2716   -1.931771
    2717   -1.926911
    2718   -1.926911
    2719   -1.921082
    2720   -1.921082
    2721   -1.914289
    2722   -1.914289
    2723   -1.906526
    2724   -1.906526
    2725   -1.897796
    2726   -1.897796
    2727   -1.887988
    2728   -1.887988
    2729   -1.876983
    2730   -1.876983
    2731   -1.864686
    2732   -1.864686
    2733   -1.851092
    2734   -1.851092
    2735   -1.836040
    2736   -1.836040
    2737   -1.819328
    2738   -1.819328
    2739   -1.800838
    2740   -1.800838
    2741   -1.780143
    2742   -1.780143
    2743   -1.756828
    2744   -1.756828
    2745   -1.730698
    2746   -1.730698
    2747   -1.701470
    2748   -1.701470
    2749   -1.668715
    2750   -1.668715
    2751   -1.631780
    2752   -1.631780
    2753   -1.589715
    2754   -1.589715
    2755   -1.540830
    2756   -1.540830
    2757   -1.483741
    2758   -1.483741
    2759   -1.417105
    2760   -1.417105
    2761   -1.339667
    2762   -1.339667
    2763   -1.248560
    2764   -1.248560
    2765   -1.136253
    2766   -1.136253
    2767   -1.000222
    2768   -1.000222
    2769   -0.849777
    2770   -0.849777
    2771   -0.724330
    2772   -0.724330
    2773   -2.942763
    2774   -2.942763
    2775   -2.945833
    2776   -2.945833
    2777   -2.948161
    2778   -2.948161
    2779   -2.947071
    2780   -2.947071
    2781   -2.944236
    2782   -2.944236
    2783   -2.941003
    2784   -2.941003
    2785   -2.937897
    2786   -2.937897
    2787   -2.934789
    2788   -2.934789
    2789   -2.931606
    2790   -2.931606
    2791   -2.928367
    2792   -2.928367
    2793   -2.925095
    2794   -2.925095
    2795   -2.921764
    2796   -2.921764
    2797   -2.918362
    2798   -2.918362
    2799   -2.914961
    2800   -2.914961
    2801   -2.911594
    2802   -2.911594
    2803   -2.908254
    2804   -2.908254
    2805   -2.904915
    2806   -2.904915
    2807   -2.901545
    2808   -2.901545
    2809   -2.898125
    2810   -2.898125
    2811   -2.894637
    2812   -2.894637
    2813   -2.891074
    2814   -2.891074
    2815   -2.887437
    2816   -2.887437
    2817   -2.883727
    2818   -2.883727
    2819   -2.879943
    2820   -2.879943
    2821   -2.876086
    2822   -2.876086
    2823   -2.872156
    2824   -2.872156
    2825   -2.868139
    2826   -2.868139
    2827   -2.864020
    2828   -2.864020
    2829   -2.859791
    2830   -2.859791
    2831   -2.855442
    2832   -2.855442
    2833   -2.850964
    2834   -2.850964
    2835   -2.846344
    2836   -2.846344
    2837   -2.841567
    2838   -2.841567
    2839   -2.836614
    2840   -2.836614
    2841   -2.831477
    2842   -2.831477
    2843   -2.826153
    2844   -2.826153
    2845   -2.820639
    2846   -2.820639
    2847   -2.814944
    2848   -2.814944
    2849   -2.809071
    2850   -2.809071
    2851   -2.803019
    2852   -2.803019
    2853   -2.796778
    2854   -2.796778
    2855   -2.790310
    2856   -2.790310
    2857   -2.783568
    2858   -2.783568
    2859   -2.776536
    2860   -2.776536
    2861   -2.769262
    2862   -2.769262
    2863   -2.761859
    2864   -2.761859
    2865   -2.754328
    2866   -2.754328
    2867   -2.746520
    2868   -2.746520
    2869   -2.738377
    2870   -2.738377
    2871   -2.729952
    2872   -2.729952
    2873   -2.721178
    2874   -2.721178
    2875   -2.711946
    2876   -2.711946
    2877   -2.702248
    2878   -2.702248
    2879   -2.692033
    2880   -2.692033
    2881   -2.681233
    2882   -2.681233
    2883   -2.669838
    2884   -2.669838
    2885   -2.657876
    2886   -2.657876
    2887   -2.645523
    2888   -2.645523
    2889   -2.633427
    2890   -2.633427
    2891   -2.623258
    2892   -2.623258
    2893   -2.617257
    2894   -2.617257
    2895   -2.615326
    2896   -2.615326
    2897   -2.614921
    2898   -2.614921
    2899   -2.614292
    2900   -2.614292
    2901   -2.613006
    2902   -2.613006
    2903   -2.610981
    2904   -2.610981
    2905   -2.608199
    2906   -2.608199
    2907   -2.604875
    2908   -2.604875
    2909   -2.600881
    2910   -2.600881
    2911   -2.595780
    2912   -2.595780
    2913   -2.589555
    2914   -2.589555
    2915   -2.582278
    2916   -2.582278
    2917   -2.573939
    2918   -2.573939
    2919   -2.564435
    2920   -2.564435
    2921   -2.553706
    2922   -2.553706
    2923   -2.541697
    2924   -2.541697
    2925   -2.528183
    2926   -2.528183
    2927   -2.513041
    2928   -2.513041
    2929   -2.496171
    2930   -2.496171
    2931   -2.477417
    2932   -2.477417
    2933   -2.456650
    2934   -2.456650
    2935   -2.433769
    2936   -2.433769
    2937   -2.408641
    2938   -2.408641
    2939   -2.380752
    2940   -2.380752
    2941   -2.349583
    2942   -2.349583
    2943   -2.314896
    2944   -2.314896
    2945   -2.276205
    2946   -2.276205
    2947   -2.232920
    2948   -2.232920
    2949   -2.184307
    2950   -2.184307
    2951   -2.129241
    2952   -2.129241
    2953   -2.066338
    2954   -2.066338
    2955   -1.994255
    2956   -1.994255
    2957   -1.909232
    2958   -1.909232
    2959   -1.808105
    2960   -1.808105
    2961   -1.688557
    2962   -1.688557
    2963   -1.543074
    2964   -1.543074
    2965   -1.368262
    2966   -1.368262
    2967   -1.173482
    2968   -1.173482
    2969   -1.009515
    2970   -1.009515
    2971   -4.108715
    2972   -4.108715
    2973   -4.113500
    2974   -4.113500
    2975   -4.116269
    2976   -4.116269
    2977   -4.113302
    2978   -4.113302
    2979   -4.109065
    2980   -4.109065
    2981   -4.105206
    2982   -4.105206
    2983   -4.101488
    2984   -4.101488
    2985   -4.097747
    2986   -4.097747
    2987   -4.093894
    2988   -4.093894
    2989   -4.089914
    2990   -4.089914
    2991   -4.085806
    2992   -4.085806
    2993   -4.081542
    2994   -4.081542
    2995   -4.077122
    2996   -4.077122
    2997   -4.072601
    2998   -4.072601
    2999   -4.068036
    3000   -4.068036
    3001   -4.063477
    3002   -4.063477
    3003   -4.058906
    3004   -4.058906
    3005   -4.054258
    3006   -4.054258
    3007   -4.049524
    3008   -4.049524
    3009   -4.044739
    3010   -4.044739
    3011   -4.039882
    3012   -4.039882
    3013   -4.034889
    3014   -4.034889
    3015   -4.029741
    3016   -4.029741
    3017   -4.024455
    3018   -4.024455
    3019   -4.019029
    3020   -4.019029
    3021   -4.013442
    3022   -4.013442
    3023   -4.007672
    3024   -4.007672
    3025   -4.001699
    3026   -4.001699
    3027   -3.995533
    3028   -3.995533
    3029   -3.989212
    3030   -3.989212
    3031   -3.982733
    3032   -3.982733
    3033   -3.976061
    3034   -3.976061
    3035   -3.969185
    3036   -3.969185
    3037   -3.962103
    3038   -3.962103
    3039   -3.954795
    3040   -3.954795
    3041   -3.947222
    3042   -3.947222
    3043   -3.939365
    3044   -3.939365
    3045   -3.931226
    3046   -3.931226
    3047   -3.922814
    3048   -3.922814
    3049   -3.914124
    3050   -3.914124
    3051   -3.905130
    3052   -3.905130
    3053   -3.895793
    3054   -3.895793
    3055   -3.886059
    3056   -3.886059
    3057   -3.875876
    3058   -3.875876
    3059   -3.865390
    3060   -3.865390
    3061   -3.854890
    3062   -3.854890
    3063   -3.844311
    3064   -3.844311
    3065   -3.833327
    3066   -3.833327
    3067   -3.821820
    3068   -3.821820
    3069   -3.809823
    3070   -3.809823
    3071   -3.797297
    3072   -3.797297
    3073   -3.784145
    3074   -3.784145
    3075   -3.770336
    3076   -3.770336
    3077   -3.755830
    3078   -3.755830
    3079   -3.740551
    3080   -3.740551
    3081   -3.724442
    3082   -3.724442
    3083   -3.707445
    3084   -3.707445
    3085   -3.689687
    3086   -3.689687
    3087   -3.672160
    3088   -3.672160
    3089   -3.657290
    3090   -3.657290
    3091   -3.648053
    3092   -3.648053
    3093   -3.644338
    3094   -3.644338
    3095   -3.642656
    3096   -3.642656
    3097   -3.640631
    3098   -3.640631
    3099   -3.637777
    3100   -3.637777
    3101   -3.633896
    3102   -3.633896
    3103   -3.628946
    3104   -3.628946
    3105   -3.623076
    3106   -3.623076
    3107   -3.616308
    3108   -3.616308
    3109   -3.608267
    3110   -3.608267
    3111   -3.598538
    3112   -3.598538
    3113   -3.587250
    3114   -3.587250
    3115   -3.574526
    3116   -3.574526
    3117   -3.560197
    3118   -3.560197
    3119   -3.544191
    3120   -3.544191
    3121   -3.526363
    3122   -3.526363
    3123   -3.506475
    3124   -3.506475
    3125   -3.484428
    3126   -3.484428
    3127   -3.460021
    3128   -3.460021
    3129   -3.432902
    3130   -3.432902
    3131   -3.403003
    3132   -3.403003
    3133   -3.370229
    3134   -3.370229
    3135   -3.334252
    3136   -3.334252
    3137   -3.294551
    3138   -3.294551
    3139   -3.250556
    3140   -3.250556
    3141   -3.201771
    3142   -3.201771
    3143   -3.147489
    3144   -3.147489
    3145   -3.086870
    3146   -3.086870
    3147   -3.018965
    3148   -3.018965
    3149   -2.942512
    3150   -2.942512
    3151   -2.855650
    3152   -2.855650
    3153   -2.756227
    3154   -2.756227
    3155   -2.640026
    3156   -2.640026
    3157   -2.502360
    3158   -2.502360
    3159   -2.338107
    3160   -2.338107
    3161   -2.140934
    3162   -2.140934
    3163   -1.908061
    3164   -1.908061
    3165   -1.648137
    3166   -1.648137
    3167   -1.429034
    3168   -1.429034
    3169   -6.116114
    3170   -6.116114
    3171   -6.120785
    3172   -6.120785
    3173   -6.120821
    3174   -6.120821
    3175   -6.112936
    3176   -6.112936
    3177   -6.105336
    3178   -6.105336
    3179   -6.099606
    3180   -6.099606
    3181   -6.094304
    3182   -6.094304
    3183   -6.089088
    3184   -6.089088
    3185   -6.083781
    3186   -6.083781
    3187   -6.078267
    3188   -6.078267
    3189   -6.072499
    3190   -6.072499
    3191   -6.066469
    3192   -6.066469
    3193   -6.060195
    3194   -6.060195
    3195   -6.053705
    3196   -6.053705
    3197   -6.047049
    3198   -6.047049
    3199   -6.040293
    3200   -6.040293
    3201   -6.033434
    3202   -6.033434
    3203   -6.026434
    3204   -6.026434
    3205   -6.019309
    3206   -6.019309
    3207   -6.012115
    3208   -6.012115
    3209   -6.004817
    3210   -6.004817
    3211   -5.997318
    3212   -5.997318
    3213   -5.989571
    3214   -5.989571
    3215   -5.981561
    3216   -5.981561
    3217   -5.973262
    3218   -5.973262
    3219   -5.964645
    3220   -5.964645
    3221   -5.955689
    3222   -5.955689
    3223   -5.946384
    3224   -5.946384
    3225   -5.936753
    3226   -5.936753
    3227   -5.926849
    3228   -5.926849
    3229   -5.916682
    3230   -5.916682
    3231   -5.906230
    3232   -5.906230
    3233   -5.895486
    3234   -5.895486
    3235   -5.884450
    3236   -5.884450
    3237   -5.873092
    3238   -5.873092
    3239   -5.861360
    3240   -5.861360
    3241   -5.849217
    3242   -5.849217
    3243   -5.836622
    3244   -5.836622
    3245   -5.823571
    3246   -5.823571
    3247   -5.810073
    3248   -5.810073
    3249   -5.796092
    3250   -5.796092
    3251   -5.781589
    3252   -5.781589
    3253   -5.766517
    3254   -5.766517
    3255   -5.750808
    3256   -5.750808
    3257   -5.734659
    3258   -5.734659
    3259   -5.718421
    3260   -5.718421
    3261   -5.701968
    3262   -5.701968
    3263   -5.684891
    3264   -5.684891
    3265   -5.667008
    3266   -5.667008
    3267   -5.648286
    3268   -5.648286
    3269   -5.628723
    3270   -5.628723
    3271   -5.608301
    3272   -5.608301
    3273   -5.586967
    3274   -5.586967
    3275   -5.564660
    3276   -5.564660
    3277   -5.541285
    3278   -5.541285
    3279   -5.516766
    3280   -5.516766
    3281   -5.490979
    3282   -5.490979
    3283   -5.463912
    3284   -5.463912
    3285   -5.436618
    3286   -5.436618
    3287   -5.413020
    3288   -5.413020
    3289   -5.398225
    3290   -5.398225
    3291   -5.391740
    3292   -5.391740
    3293   -5.388113
    3294   -5.388113
    3295   -5.384139
    3296   -5.384139
    3297   -5.379211
    3298   -5.379211
    3299   -5.372790
    3300   -5.372790
    3301   -5.364574
    3302   -5.364574
    3303   -5.354429
    3304   -5.354429
    3305   -5.342493
    3306   -5.342493
    3307   -5.328768
    3308   -5.328768
    3309   -5.312709
    3310   -5.312709
    3311   -5.294305
    3312   -5.294305
    3313   -5.273682
    3314   -5.273682
    3315   -5.250653
    3316   -5.250653
    3317   -5.225038
    3318   -5.225038
    3319   -5.196585
    3320   -5.196585
    3321   -5.165156
    3322   -5.165156
    3323   -5.130663
    3324   -5.130663
    3325   -5.092741
    3326   -5.092741
    3327   -5.050802
    3328   -5.050802
    3329   -5.004640
    3330   -5.004640
    3331   -4.954114
    3332   -4.954114
    3333   -4.898719
    3334   -4.898719
    3335   -4.837809
    3336   -4.837809
    3337   -4.770710
    3338   -4.770710
    3339   -4.696542
    3340   -4.696542
    3341   -4.614153
    3342   -4.614153
    3343   -4.522202
    3344   -4.522202
    3345   -4.419313
    3346   -4.419313
    3347   -4.303808
    3348   -4.303808
    3349   -4.172908
    3350   -4.172908
    3351   -4.023002
    3352   -4.023002
    3353   -3.849398
    3354   -3.849398
    3355   -3.646055
    3356   -3.646055
    3357   -3.404114
    3358   -3.404114
    3359   -3.116702
    3360   -3.116702
    3361   -2.780502
    3362   -2.780502
    3363   -2.408164
    3364   -2.408164
    3365   -2.097347
    3366   -2.097347
    3367   -9.898303
    3368   -9.898303
    3369   -9.900312
    3370   -9.900312
    3371   -9.893445
    3372   -9.893445
    3373   -9.877585
    3374   -9.877585
    3375   -9.864914
    3376   -9.864914
    3377   -9.855721
    3378   -9.855721
    3379   -9.847410
    3380   -9.847410
    3381   -9.839294
    3382   -9.839294
    3383   -9.831024
    3384   -9.831024
    3385   -9.822374
    3386   -9.822374
    3387   -9.813263
    3388   -9.813263
    3389   -9.803708
    3390   -9.803708
    3391   -9.793750
    3392   -9.793750
    3393   -9.783408
    3394   -9.783408
    3395   -9.772701
    3396   -9.772701
    3397   -9.761635
    3398   -9.761635
    3399   -9.750240
    3400   -9.750240
    3401   -9.738613
    3402   -9.738613
    3403   -9.726828
    3404   -9.726828
    3405   -9.714894
    3406   -9.714894
    3407   -9.702753
    3408   -9.702753
    3409   -9.690316
    3410   -9.690316
    3411   -9.677487
    3412   -9.677487
    3413   -9.664160
    3414   -9.664160
    3415   -9.650254
    3416   -9.650254
    3417   -9.635734
    3418   -9.635734
    3419   -9.620605
    3420   -9.620605
    3421   -9.604879
    3422   -9.604879
    3423   -9.588582
    3424   -9.588582
    3425   -9.571749
    3426   -9.571749
    3427   -9.554414
    3428   -9.554414
    3429   -9.536613
    3430   -9.536613
    3431   -9.518342
    3432   -9.518342
    3433   -9.499577
    3434   -9.499577
    3435   -9.480280
    3436   -9.480280
    3437   -9.460416
    3438   -9.460416
    3439   -9.439931
    3440   -9.439931
    3441   -9.418707
    3442   -9.418707
    3443   -9.396671
    3444   -9.396671
    3445   -9.373853
    3446   -9.373853
    3447   -9.350243
    3448   -9.350243
    3449   -9.325774
    3450   -9.325774
    3451   -9.300400
    3452   -9.300400
    3453   -9.274101
    3454   -9.274101
    3455   -9.247102
    3456   -9.247102
    3457   -9.219707
    3458   -9.219707
    3459   -9.191697
    3460   -9.191697
    3461   -9.162600
    3462   -9.162600
    3463   -9.132186
    3464   -9.132186
    3465   -9.100361
    3466   -9.100361
    3467   -9.067158
    3468   -9.067158
    3469   -9.032603
    3470   -9.032603
    3471   -8.996609
    3472   -8.996609
    3473   -8.959107
    3474   -8.959107
    3475   -8.919977
    3476   -8.919977
    3477   -8.879065
    3478   -8.879065
    3479   -8.836194
    3480   -8.836194
    3481   -8.791387
    3482   -8.791387
    3483   -8.745466
    3484   -8.745466
    3485   -8.704370
    3486   -8.704370
    3487   -8.677866
    3488   -8.677866
    3489   -8.665890
    3490   -8.665890
    3491   -8.659338
    3492   -8.659338
    3493   -8.652585
    3494   -8.652585
    3495   -8.644029
    3496   -8.644029
    3497   -8.632791
    3498   -8.632791
    3499   -8.618485
    3500   -8.618485
    3501   -8.600892
    3502   -8.600892
    3503   -8.580043
    3504   -8.580043
    3505   -8.555958
    3506   -8.555958
    3507   -8.528255
    3508   -8.528255
    3509   -8.496820
    3510   -8.496820
    3511   -8.461620
    3512   -8.461620
    3513   -8.422394
    3514   -8.422394
    3515   -8.378776
    3516   -8.378776
    3517   -8.330403
    3518   -8.330403
    3519   -8.277118
    3520   -8.277118
    3521   -8.218732
    3522   -8.218732
    3523   -8.154768
    3524   -8.154768
    3525   -8.084368
    3526   -8.084368
    3527   -8.006890
    3528   -8.006890
    3529   -7.921994
    3530   -7.921994
    3531   -7.829043
    3532   -7.829043
    3533   -7.727085
    3534   -7.727085
    3535   -7.615078
    3536   -7.615078
    3537   -7.491603
    3538   -7.491603
    3539   -7.354741
    3540   -7.354741
    3541   -7.202106
    3542   -7.202106
    3543   -7.031370
    3544   -7.031370
    3545   -6.839784
    3546   -6.839784
    3547   -6.623278
    3548   -6.623278
    3549   -6.376332
    3550   -6.376332
    3551   -6.091818
    3552   -6.091818
    3553   -5.760181
    3554   -5.760181
    3555   -5.368448
    3556   -5.368448
    3557   -4.905209
    3558   -4.905209
    3559   -4.363623
    3560   -4.363623
    3561   -3.771023
    3562   -3.771023
    3563   -3.282225
    3564   -3.282225
    3565  -17.126011
    3566  -17.126011
    3567  -17.121288
    3568  -17.121288
    3569  -17.099075
    3570  -17.099075
    3571  -17.068856
    3572  -17.068856
    3573  -17.048528
    3574  -17.048528
    3575  -17.033376
    3576  -17.033376
    3577  -17.019456
    3578  -17.019456
    3579  -17.005728
    3580  -17.005728
    3581  -16.991642
    3582  -16.991642
    3583  -16.976862
    3584  -16.976862
    3585  -16.961265
    3586  -16.961265
    3587  -16.944881
    3588  -16.944881
    3589  -16.927792
    3590  -16.927792
    3591  -16.910004
    3592  -16.910004
    3593  -16.891476
    3594  -16.891476
    3595  -16.872112
    3596  -16.872112
    3597  -16.851984
    3598  -16.851984
    3599  -16.831459
    3600  -16.831459
    3601  -16.810731
    3602  -16.810731
    3603  -16.789721
    3604  -16.789721
    3605  -16.768297
    3606  -16.768297
    3607  -16.746360
    3608  -16.746360
    3609  -16.723744
    3610  -16.723744
    3611  -16.700228
    3612  -16.700228
    3613  -16.675609
    3614  -16.675609
    3615  -16.649805
    3616  -16.649805
    3617  -16.622881
    3618  -16.622881
    3619  -16.594895
    3620  -16.594895
    3621  -16.565881
    3622  -16.565881
    3623  -16.535835
    3624  -16.535835
    3625  -16.504846
    3626  -16.504846
    3627  -16.473043
    3628  -16.473043
    3629  -16.440425
    3630  -16.440425
    3631  -16.406920
    3632  -16.406920
    3633  -16.372473
    3634  -16.372473
    3635  -16.337057
    3636  -16.337057
    3637  -16.300618
    3638  -16.300618
    3639  -16.262955
    3640  -16.262955
    3641  -16.223799
    3642  -16.223799
    3643  -16.183188
    3644  -16.183188
    3645  -16.141227
    3646  -16.141227
    3647  -16.097734
    3648  -16.097734
    3649  -16.052655
    3650  -16.052655
    3651  -16.006073
    3652  -16.006073
    3653  -15.958291
    3654  -15.958291
    3655  -15.909681
    3656  -15.909681
    3657  -15.859791
    3658  -15.859791
    3659  -15.807807
    3660  -15.807807
    3661  -15.753455
    3662  -15.753455
    3663  -15.696604
    3664  -15.696604
    3665  -15.637361
    3666  -15.637361
    3667  -15.575829
    3668  -15.575829
    3669  -15.511807
    3670  -15.511807
    3671  -15.445242
    3672  -15.445242
    3673  -15.375966
    3674  -15.375966
    3675  -15.303612
    3676  -15.303612
    3677  -15.227879
    3678  -15.227879
    3679  -15.148862
    3680  -15.148862
    3681  -15.067095
    3682  -15.067095
    3683  -14.992076
    3684  -14.992076
    3685  -14.942367
    3686  -14.942367
    3687  -14.919613
    3688  -14.919613
    3689  -14.908819
    3690  -14.908819
    3691  -14.898832
    3692  -14.898832
    3693  -14.884050
    3694  -14.884050
    3695  -14.863514
    3696  -14.863514
    3697  -14.837912
    3698  -14.837912
    3699  -14.806822
    3700  -14.806822
    3701  -14.769956
    3702  -14.769956
    3703  -14.727111
    3704  -14.727111
    3705  -14.678019
    3706  -14.678019
    3707  -14.622462
    3708  -14.622462
    3709  -14.560214
    3710  -14.560214
    3711  -14.490770
    3712  -14.490770
    3713  -14.413497
    3714  -14.413497
    3715  -14.327838
    3716  -14.327838
    3717  -14.233380
    3718  -14.233380
    3719  -14.129777
    3720  -14.129777
    3721  -14.016483
    3722  -14.016483
    3723  -13.892067
    3724  -13.892067
    3725  -13.755050
    3726  -13.755050
    3727  -13.604617
    3728  -13.604617
    3729  -13.440081
    3730  -13.440081
    3731  -13.260017
    3732  -13.260017
    3733  -13.062235
    3734  -13.062235
    3735  -12.844440
    3736  -12.844440
    3737  -12.603588
    3738  -12.603588
    3739  -12.335156
    3740  -12.335156
    3741  -12.034889
    3742  -12.034889
    3743  -11.697930
    3744  -11.697930
    3745  -11.317901
    3746  -11.317901
    3747  -10.885923
    3748  -10.885923
    3749  -10.389736
    3750  -10.389736
    3751   -9.812325
    3752   -9.812325
    3753   -9.132493
    3754   -9.132493
    3755   -8.327033
    3756   -8.327033
    3757   -7.378620
    3758   -7.378620
    3759   -6.337531
    3760   -6.337531
    3761   -5.476472
    3762   -5.476472
    3763  -28.032616
    3764  -28.032616
    3765  -28.020783
    3766  -28.020783
    3767  -27.977937
    3768  -27.977937
    3769  -27.926839
    3770  -27.926839
    3771  -27.895301
    3772  -27.895301
    3773  -27.871116
    3774  -27.871116
    3775  -27.848770
    3776  -27.848770
    3777  -27.826548
    3778  -27.826548
    3779  -27.803639
    3780  -27.803639
    3781  -27.779599
    3782  -27.779599
    3783  -27.754239
    3784  -27.754239
    3785  -27.727576
    3786  -27.727576
    3787  -27.699752
    3788  -27.699752
    3789  -27.670760
    3790  -27.670760
    3791  -27.640501
    3792  -27.640501
    3793  -27.608723
    3794  -27.608723
    3795  -27.575538
    3796  -27.575538
    3797  -27.541714
    3798  -27.541714
    3799  -27.507641
    3800  -27.507641
    3801  -27.473110
    3802  -27.473110
    3803  -27.437858
    3804  -27.437858
    3805  -27.401754
    3806  -27.401754
    3807  -27.364529
    3808  -27.364529
    3809  -27.325845
    3810  -27.325845
    3811  -27.285297
    3812  -27.285297
    3813  -27.242690
    3814  -27.242690
    3815  -27.198202
    3816  -27.198202
    3817  -27.151960
    3818  -27.151960
    3819  -27.104015
    3820  -27.104015
    3821  -27.054314
    3822  -27.054314
    3823  -27.003020
    3824  -27.003020
    3825  -26.950409
    3826  -26.950409
    3827  -26.896471
    3828  -26.896471
    3829  -26.841063
    3830  -26.841063
    3831  -26.784093
    3832  -26.784093
    3833  -26.725528
    3834  -26.725528
    3835  -26.665340
    3836  -26.665340
    3837  -26.603242
    3838  -26.603242
    3839  -26.538612
    3840  -26.538612
    3841  -26.471504
    3842  -26.471504
    3843  -26.402248
    3844  -26.402248
    3845  -26.330424
    3846  -26.330424
    3847  -26.255959
    3848  -26.255959
    3849  -26.179094
    3850  -26.179094
    3851  -26.100270
    3852  -26.100270
    3853  -26.020156
    3854  -26.020156
    3855  -25.937883
    3856  -25.937883
    3857  -25.851919
    3858  -25.851919
    3859  -25.761956
    3860  -25.761956
    3861  -25.667843
    3862  -25.667843
    3863  -25.569834
    3864  -25.569834
    3865  -25.468175
    3866  -25.468175
    3867  -25.362426
    3868  -25.362426
    3869  -25.252564
    3870  -25.252564
    3871  -25.138348
    3872  -25.138348
    3873  -25.019060
    3874  -25.019060
    3875  -24.894134
    3876  -24.894134
    3877  -24.763331
    3878  -24.763331
    3879  -24.626308
    3880  -24.626308
    3881  -24.498992
    3882  -24.498992
    3883  -24.414649
    3884  -24.414649
    3885  -24.376675
    3886  -24.376675
    3887  -24.360967
    3888  -24.360967
    3889  -24.348003
    3890  -24.348003
    3891  -24.324561
    3892  -24.324561
    3893  -24.290129
    3894  -24.290129
    3895  -24.248039
    3896  -24.248039
    3897  -24.197180
    3898  -24.197180
    3899  -24.136772
    3900  -24.136772
    3901  -24.066453
    3902  -24.066453
    3903  -23.985922
    3904  -23.985922
    3905  -23.894781
    3906  -23.894781
    3907  -23.792677
    3908  -23.792677
    3909  -23.678697
    3910  -23.678697
    3911  -23.551770
    3912  -23.551770
    3913  -23.410984
    3914  -23.410984
    3915  -23.255506
    3916  -23.255506
    3917  -23.084916
    3918  -23.084916
    3919  -22.898625
    3920  -22.898625
    3921  -22.694112
    3922  -22.694112
    3923  -22.468609
    3924  -22.468609
    3925  -22.220594
    3926  -22.220594
    3927  -21.949514
    3928  -21.949514
    3929  -21.653338
    3930  -21.653338
    3931  -21.327758
    3932  -21.327758
    3933  -20.969334
    3934  -20.969334
    3935  -20.573629
    3936  -20.573629
    3937  -20.132630
    3938  -20.132630
    3939  -19.639242
    3940  -19.639242
    3941  -19.085666
    3942  -19.085666
    3943  -18.462041
    3944  -18.462041
    3945  -17.754114
    3946  -17.754114
    3947  -16.941871
    3948  -16.941871
    3949  -15.996830
    3950  -15.996830
    3951  -14.884616
    3952  -14.884616
    3953  -13.562440
    3954  -13.562440
    3955  -11.987780
    3956  -11.987780
    3957  -10.227150
    3958  -10.227150
    3959   -8.750587
    3960   -8.750587
