       1   -0.030265
       2   -0.030265
       3   -0.030032
       4   -0.030032
       5   -0.029746
       6   -0.029746
       7   -0.029679
       8   -0.029679
       9   -0.029734
      10   -0.029734
      11   -0.029752
      12   -0.029752
      13   -0.029745
      14   -0.029745
      15   -0.029733
      16   -0.029733
      17   -0.029724
      18   -0.029724
      19   -0.029710
      20   -0.029710
      21   -0.029694
      22   -0.029694
      23   -0.029674
      24   -0.029674
      25   -0.029648
      26   -0.029648
      27   -0.029618
      28   -0.029618
      29   -0.029583
      30   -0.029583
      31   -0.029544
      32   -0.029544
      33   -0.029501
      34   -0.029501
      35   -0.029456
      36   -0.029456
      37   -0.029408
      38   -0.029408
      39   -0.029358
      40   -0.029358
      41   -0.029307
      42   -0.029307
      43   -0.029256
      44   -0.029256
      45   -0.029204
      46   -0.029204
      47   -0.029149
      48   -0.029149
      49   -0.029093
      50   -0.029093
      51   -0.029035
      52   -0.029035
      53   -0.028973
      54   -0.028973
      55   -0.028907
      56   -0.028907
      57   -0.028839
      58   -0.028839
      59   -0.028769
      60   -0.028769
      61   -0.028697
      62   -0.028697
      63   -0.028622
      64   -0.028622
      65   -0.028546
      66   -0.028546
      67   -0.028468
      68   -0.028468
      69   -0.028390
      70   -0.028390
      71   -0.028311
      72   -0.028311
      73   -0.028224
      74   -0.028224
      75   -0.028126
      76   -0.028126
      77   -0.028019
      78   -0.028019
      79   -0.027909
      80   -0.027909
      81   -0.027797
      82   -0.027797
      83   -0.027685
      84   -0.027685
      85   -0.027567
      86   -0.027567
      87   -0.027439
      88   -0.027439
      89   -0.027309
      90   -0.027309
      91   -0.027170
      92   -0.027170
      93   -0.027015
      94   -0.027015
      95   -0.026860
      96   -0.026860
      97   -0.026697
      98   -0.026697
      99   -0.026509
     100   -0.026509
     101   -0.026310
     102   -0.026310
     103   -0.026105
     104   -0.026105
     105   -0.025871
     106   -0.025871
     107   -0.025597
     108   -0.025597
     109   -0.025277
     110   -0.025277
     111   -0.024896
     112   -0.024896
     113   -0.024455
     114   -0.024455
     115   -0.023953
     116   -0.023953
     117   -0.023395
     118   -0.023395
     119   -0.022988
     120   -0.022988
     121   -0.022915
     122   -0.022915
     123   -0.023034
     124   -0.023034
     125   -0.023179
     126   -0.023179
     127   -0.023296
     128   -0.023296
     129   -0.023360
     130   -0.023360
     131   -0.023349
     132   -0.023349
     133   -0.023274
     134   -0.023274
     135   -0.023178
     136   -0.023178
     137   -0.023067
     138   -0.023067
     139   -0.022942
     140   -0.022942
     141   -0.022803
     142   -0.022803
     143   -0.022652
     144   -0.022652
     145   -0.022492
     146   -0.022492
     147   -0.022320
     148   -0.022320
     149   -0.022110
     150   -0.022110
     151   -0.021870
     152   -0.021870
     153   -0.021626
     154   -0.021626
     155   -0.021358
     156   -0.021358
     157   -0.021051
     158   -0.021051
     159   -0.020706
     160   -0.020706
     161   -0.020334
     162   -0.020334
     163   -0.019953
     164   -0.019953
     165   -0.019499
     166   -0.019499
     167   -0.018929
     168   -0.018929
     169   -0.018282
     170   -0.018282
     171   -0.017580
     172   -0.017580
     173   -0.016780
     174   -0.016780
     175   -0.015832
     176   -0.015832
     177   -0.014731
     178   -0.014731
     179   -0.013446
     180   -0.013446
     181   -0.011854
     182   -0.011854
     183   -0.009938
     184   -0.009938
     185   -0.007705
     186   -0.007705
     187   -0.005240
     188   -0.005240
     189   -0.002271
     190   -0.002271
     191    0.001529
     192    0.001529
     193    0.007501
     194    0.007501
     195    0.016864
     196    0.016864
     197    0.025285
     198    0.025285
     199   -0.086236
     200   -0.086236
     201   -0.085803
     202   -0.085803
     203   -0.085327
     204   -0.085327
     205   -0.085268
     206   -0.085268
     207   -0.085380
     208   -0.085380
     209   -0.085405
     210   -0.085405
     211   -0.085384
     212   -0.085384
     213   -0.085354
     214   -0.085354
     215   -0.085327
     216   -0.085327
     217   -0.085288
     218   -0.085288
     219   -0.085238
     220   -0.085238
     221   -0.085181
     222   -0.085181
     223   -0.085109
     224   -0.085109
     225   -0.085025
     226   -0.085025
     227   -0.084930
     228   -0.084930
     229   -0.084820
     230   -0.084820
     231   -0.084701
     232   -0.084701
     233   -0.084574
     234   -0.084574
     235   -0.084439
     236   -0.084439
     237   -0.084297
     238   -0.084297
     239   -0.084152
     240   -0.084152
     241   -0.084006
     242   -0.084006
     243   -0.083857
     244   -0.083857
     245   -0.083702
     246   -0.083702
     247   -0.083544
     248   -0.083544
     249   -0.083380
     250   -0.083380
     251   -0.083206
     252   -0.083206
     253   -0.083021
     254   -0.083021
     255   -0.082830
     256   -0.082830
     257   -0.082632
     258   -0.082632
     259   -0.082428
     260   -0.082428
     261   -0.082218
     262   -0.082218
     263   -0.082003
     264   -0.082003
     265   -0.081786
     266   -0.081786
     267   -0.081567
     268   -0.081567
     269   -0.081345
     270   -0.081345
     271   -0.081105
     272   -0.081105
     273   -0.080830
     274   -0.080830
     275   -0.080530
     276   -0.080530
     277   -0.080218
     278   -0.080218
     279   -0.079899
     280   -0.079899
     281   -0.079578
     282   -0.079578
     283   -0.079246
     284   -0.079246
     285   -0.078891
     286   -0.078891
     287   -0.078529
     288   -0.078529
     289   -0.078145
     290   -0.078145
     291   -0.077720
     292   -0.077720
     293   -0.077281
     294   -0.077281
     295   -0.076813
     296   -0.076813
     297   -0.076286
     298   -0.076286
     299   -0.075735
     300   -0.075735
     301   -0.075163
     302   -0.075163
     303   -0.074513
     304   -0.074513
     305   -0.073750
     306   -0.073750
     307   -0.072859
     308   -0.072859
     309   -0.071813
     310   -0.071813
     311   -0.070615
     312   -0.070615
     313   -0.069247
     314   -0.069247
     315   -0.067727
     316   -0.067727
     317   -0.066626
     318   -0.066626
     319   -0.066417
     320   -0.066417
     321   -0.066729
     322   -0.066729
     323   -0.067129
     324   -0.067129
     325   -0.067452
     326   -0.067452
     327   -0.067625
     328   -0.067625
     329   -0.067610
     330   -0.067610
     331   -0.067448
     332   -0.067448
     333   -0.067227
     334   -0.067227
     335   -0.066954
     336   -0.066954
     337   -0.066635
     338   -0.066635
     339   -0.066272
     340   -0.066272
     341   -0.065866
     342   -0.065866
     343   -0.065428
     344   -0.065428
     345   -0.064952
     346   -0.064952
     347   -0.064371
     348   -0.064371
     349   -0.063715
     350   -0.063715
     351   -0.063049
     352   -0.063049
     353   -0.062312
     354   -0.062312
     355   -0.061461
     356   -0.061461
     357   -0.060498
     358   -0.060498
     359   -0.059456
     360   -0.059456
     361   -0.058377
     362   -0.058377
     363   -0.057113
     364   -0.057113
     365   -0.055574
     366   -0.055574
     367   -0.053837
     368   -0.053837
     369   -0.051945
     370   -0.051945
     371   -0.049783
     372   -0.049783
     373   -0.047209
     374   -0.047209
     375   -0.044224
     376   -0.044224
     377   -0.040747
     378   -0.040747
     379   -0.036475
     380   -0.036475
     381   -0.031406
     382   -0.031406
     383   -0.025611
     384   -0.025611
     385   -0.019376
     386   -0.019376
     387   -0.012102
     388   -0.012102
     389   -0.002781
     390   -0.002781
     391    0.011151
     392    0.011151
     393    0.030934
     394    0.030934
     395    0.047485
     396    0.047485
     397   -0.134712
     398   -0.134712
     399   -0.134372
     400   -0.134372
     401   -0.134094
     402   -0.134094
     403   -0.134182
     404   -0.134182
     405   -0.134319
     406   -0.134319
     407   -0.134337
     408   -0.134337
     409   -0.134312
     410   -0.134312
     411   -0.134272
     412   -0.134272
     413   -0.134228
     414   -0.134228
     415   -0.134165
     416   -0.134165
     417   -0.134084
     418   -0.134084
     419   -0.133990
     420   -0.133990
     421   -0.133879
     422   -0.133879
     423   -0.133753
     424   -0.133753
     425   -0.133609
     426   -0.133609
     427   -0.133445
     428   -0.133445
     429   -0.133264
     430   -0.133264
     431   -0.133068
     432   -0.133068
     433   -0.132860
     434   -0.132860
     435   -0.132641
     436   -0.132641
     437   -0.132415
     438   -0.132415
     439   -0.132186
     440   -0.132186
     441   -0.131952
     442   -0.131952
     443   -0.131713
     444   -0.131713
     445   -0.131470
     446   -0.131470
     447   -0.131219
     448   -0.131219
     449   -0.130950
     450   -0.130950
     451   -0.130668
     452   -0.130668
     453   -0.130374
     454   -0.130374
     455   -0.130071
     456   -0.130071
     457   -0.129759
     458   -0.129759
     459   -0.129438
     460   -0.129438
     461   -0.129110
     462   -0.129110
     463   -0.128777
     464   -0.128777
     465   -0.128443
     466   -0.128443
     467   -0.128109
     468   -0.128109
     469   -0.127751
     470   -0.127751
     471   -0.127335
     472   -0.127335
     473   -0.126872
     474   -0.126872
     475   -0.126389
     476   -0.126389
     477   -0.125894
     478   -0.125894
     479   -0.125398
     480   -0.125398
     481   -0.124891
     482   -0.124891
     483   -0.124357
     484   -0.124357
     485   -0.123810
     486   -0.123810
     487   -0.123234
     488   -0.123234
     489   -0.122601
     490   -0.122601
     491   -0.121925
     492   -0.121925
     493   -0.121196
     494   -0.121196
     495   -0.120400
     496   -0.120400
     497   -0.119568
     498   -0.119568
     499   -0.118686
     500   -0.118686
     501   -0.117681
     502   -0.117681
     503   -0.116510
     504   -0.116510
     505   -0.115167
     506   -0.115167
     507   -0.113635
     508   -0.113635
     509   -0.111909
     510   -0.111909
     511   -0.109954
     512   -0.109954
     513   -0.107851
     514   -0.107851
     515   -0.106311
     516   -0.106311
     517   -0.105930
     518   -0.105930
     519   -0.106313
     520   -0.106313
     521   -0.106874
     522   -0.106874
     523   -0.107332
     524   -0.107332
     525   -0.107573
     526   -0.107573
     527   -0.107566
     528   -0.107566
     529   -0.107388
     530   -0.107388
     531   -0.107118
     532   -0.107118
     533   -0.106760
     534   -0.106760
     535   -0.106319
     536   -0.106319
     537   -0.105802
     538   -0.105802
     539   -0.105211
     540   -0.105211
     541   -0.104549
     542   -0.104549
     543   -0.103802
     544   -0.103802
     545   -0.102921
     546   -0.102921
     547   -0.101948
     548   -0.101948
     549   -0.100933
     550   -0.100933
     551   -0.099799
     552   -0.099799
     553   -0.098493
     554   -0.098493
     555   -0.097007
     556   -0.097007
     557   -0.095384
     558   -0.095384
     559   -0.093666
     560   -0.093666
     561   -0.091731
     562   -0.091731
     563   -0.089493
     564   -0.089493
     565   -0.086970
     566   -0.086970
     567   -0.084210
     568   -0.084210
     569   -0.081056
     570   -0.081056
     571   -0.077301
     572   -0.077301
     573   -0.072974
     574   -0.072974
     575   -0.067940
     576   -0.067940
     577   -0.061915
     578   -0.061915
     579   -0.054976
     580   -0.054976
     581   -0.047379
     582   -0.047379
     583   -0.039578
     584   -0.039578
     585   -0.030806
     586   -0.030806
     587   -0.018601
     588   -0.018601
     589   -0.001618
     590   -0.001618
     591    0.016976
     592    0.016976
     593    0.030080
     594    0.030080
     595   -0.179936
     596   -0.179936
     597   -0.179596
     598   -0.179596
     599   -0.179343
     600   -0.179343
     601   -0.179468
     602   -0.179468
     603   -0.179638
     604   -0.179638
     605   -0.179683
     606   -0.179683
     607   -0.179672
     608   -0.179672
     609   -0.179626
     610   -0.179626
     611   -0.179562
     612   -0.179562
     613   -0.179473
     614   -0.179473
     615   -0.179358
     616   -0.179358
     617   -0.179224
     618   -0.179224
     619   -0.179070
     620   -0.179070
     621   -0.178898
     622   -0.178898
     623   -0.178706
     624   -0.178706
     625   -0.178494
     626   -0.178494
     627   -0.178258
     628   -0.178258
     629   -0.178002
     630   -0.178002
     631   -0.177729
     632   -0.177729
     633   -0.177441
     634   -0.177441
     635   -0.177143
     636   -0.177143
     637   -0.176837
     638   -0.176837
     639   -0.176528
     640   -0.176528
     641   -0.176214
     642   -0.176214
     643   -0.175892
     644   -0.175892
     645   -0.175558
     646   -0.175558
     647   -0.175206
     648   -0.175206
     649   -0.174838
     650   -0.174838
     651   -0.174455
     652   -0.174455
     653   -0.174059
     654   -0.174059
     655   -0.173651
     656   -0.173651
     657   -0.173232
     658   -0.173232
     659   -0.172803
     660   -0.172803
     661   -0.172368
     662   -0.172368
     663   -0.171931
     664   -0.171931
     665   -0.171496
     666   -0.171496
     667   -0.171037
     668   -0.171037
     669   -0.170503
     670   -0.170503
     671   -0.169902
     672   -0.169902
     673   -0.169271
     674   -0.169271
     675   -0.168631
     676   -0.168631
     677   -0.167988
     678   -0.167988
     679   -0.167329
     680   -0.167329
     681   -0.166645
     682   -0.166645
     683   -0.165937
     684   -0.165937
     685   -0.165188
     686   -0.165188
     687   -0.164375
     688   -0.164375
     689   -0.163493
     690   -0.163493
     691   -0.162545
     692   -0.162545
     693   -0.161527
     694   -0.161527
     695   -0.160440
     696   -0.160440
     697   -0.159247
     698   -0.159247
     699   -0.157887
     700   -0.157887
     701   -0.156343
     702   -0.156343
     703   -0.154631
     704   -0.154631
     705   -0.152741
     706   -0.152741
     707   -0.150644
     708   -0.150644
     709   -0.148335
     710   -0.148335
     711   -0.145996
     712   -0.145996
     713   -0.144242
     714   -0.144242
     715   -0.143646
     716   -0.143646
     717   -0.143961
     718   -0.143961
     719   -0.144545
     720   -0.144545
     721   -0.145043
     722   -0.145043
     723   -0.145308
     724   -0.145308
     725   -0.145309
     726   -0.145309
     727   -0.145122
     728   -0.145122
     729   -0.144799
     730   -0.144799
     731   -0.144353
     732   -0.144353
     733   -0.143790
     734   -0.143790
     735   -0.143126
     736   -0.143126
     737   -0.142360
     738   -0.142360
     739   -0.141474
     740   -0.141474
     741   -0.140452
     742   -0.140452
     743   -0.139290
     744   -0.139290
     745   -0.138017
     746   -0.138017
     747   -0.136633
     748   -0.136633
     749   -0.135071
     750   -0.135071
     751   -0.133298
     752   -0.133298
     753   -0.131302
     754   -0.131302
     755   -0.129107
     756   -0.129107
     757   -0.126742
     758   -0.126742
     759   -0.124170
     760   -0.124170
     761   -0.121320
     762   -0.121320
     763   -0.118114
     764   -0.118114
     765   -0.114604
     766   -0.114604
     767   -0.110616
     768   -0.110616
     769   -0.105947
     770   -0.105947
     771   -0.100639
     772   -0.100639
     773   -0.094536
     774   -0.094536
     775   -0.087527
     776   -0.087527
     777   -0.079739
     778   -0.079739
     779   -0.071778
     780   -0.071778
     781   -0.064083
     782   -0.064083
     783   -0.055471
     784   -0.055471
     785   -0.041886
     786   -0.041886
     787   -0.023827
     788   -0.023827
     789   -0.008999
     790   -0.008999
     791   -0.000316
     792   -0.000316
     793   -0.226299
     794   -0.226299
     795   -0.225795
     796   -0.225795
     797   -0.225320
     798   -0.225320
     799   -0.225393
     800   -0.225393
     801   -0.225653
     802   -0.225653
     803   -0.225769
     804   -0.225769
     805   -0.225775
     806   -0.225775
     807   -0.225713
     808   -0.225713
     809   -0.225613
     810   -0.225613
     811   -0.225484
     812   -0.225484
     813   -0.225329
     814   -0.225329
     815   -0.225148
     816   -0.225148
     817   -0.224944
     818   -0.224944
     819   -0.224716
     820   -0.224716
     821   -0.224469
     822   -0.224469
     823   -0.224202
     824   -0.224202
     825   -0.223913
     826   -0.223913
     827   -0.223599
     828   -0.223599
     829   -0.223263
     830   -0.223263
     831   -0.222906
     832   -0.222906
     833   -0.222536
     834   -0.222536
     835   -0.222157
     836   -0.222157
     837   -0.221774
     838   -0.221774
     839   -0.221386
     840   -0.221386
     841   -0.220985
     842   -0.220985
     843   -0.220570
     844   -0.220570
     845   -0.220138
     846   -0.220138
     847   -0.219686
     848   -0.219686
     849   -0.219216
     850   -0.219216
     851   -0.218731
     852   -0.218731
     853   -0.218230
     854   -0.218230
     855   -0.217714
     856   -0.217714
     857   -0.217186
     858   -0.217186
     859   -0.216648
     860   -0.216648
     861   -0.216105
     862   -0.216105
     863   -0.215558
     864   -0.215558
     865   -0.214982
     866   -0.214982
     867   -0.214337
     868   -0.214337
     869   -0.213623
     870   -0.213623
     871   -0.212871
     872   -0.212871
     873   -0.212107
     874   -0.212107
     875   -0.211329
     876   -0.211329
     877   -0.210526
     878   -0.210526
     879   -0.209695
     880   -0.209695
     881   -0.208825
     882   -0.208825
     883   -0.207900
     884   -0.207900
     885   -0.206906
     886   -0.206906
     887   -0.205834
     888   -0.205834
     889   -0.204688
     890   -0.204688
     891   -0.203458
     892   -0.203458
     893   -0.202113
     894   -0.202113
     895   -0.200612
     896   -0.200612
     897   -0.198929
     898   -0.198929
     899   -0.197084
     900   -0.197084
     901   -0.195086
     902   -0.195086
     903   -0.192912
     904   -0.192912
     905   -0.190526
     906   -0.190526
     907   -0.187977
     908   -0.187977
     909   -0.185502
     910   -0.185502
     911   -0.183614
     912   -0.183614
     913   -0.182824
     914   -0.182824
     915   -0.182973
     916   -0.182973
     917   -0.183444
     918   -0.183444
     919   -0.183883
     920   -0.183883
     921   -0.184133
     922   -0.184133
     923   -0.184134
     924   -0.184134
     925   -0.183928
     926   -0.183928
     927   -0.183535
     928   -0.183535
     929   -0.182967
     930   -0.182967
     931   -0.182263
     932   -0.182263
     933   -0.181440
     934   -0.181440
     935   -0.180483
     936   -0.180483
     937   -0.179375
     938   -0.179375
     939   -0.178095
     940   -0.178095
     941   -0.176659
     942   -0.176659
     943   -0.175076
     944   -0.175076
     945   -0.173309
     946   -0.173309
     947   -0.171300
     948   -0.171300
     949   -0.169049
     950   -0.169049
     951   -0.166564
     952   -0.166564
     953   -0.163836
     954   -0.163836
     955   -0.160861
     956   -0.160861
     957   -0.157652
     958   -0.157652
     959   -0.154146
     960   -0.154146
     961   -0.150238
     962   -0.150238
     963   -0.145972
     964   -0.145972
     965   -0.141208
     966   -0.141208
     967   -0.135787
     968   -0.135787
     969   -0.129704
     970   -0.129704
     971   -0.122834
     972   -0.122834
     973   -0.115138
     974   -0.115138
     975   -0.106656
     976   -0.106656
     977   -0.098758
     978   -0.098758
     979   -0.091503
     980   -0.091503
     981   -0.082376
     982   -0.082376
     983   -0.068357
     984   -0.068357
     985   -0.051016
     986   -0.051016
     987   -0.037320
     988   -0.037320
     989   -0.028900
     990   -0.028900
     991   -0.277069
     992   -0.277069
     993   -0.276554
     994   -0.276554
     995   -0.276057
     996   -0.276057
     997   -0.276099
     998   -0.276099
     999   -0.276293
    1000   -0.276293
    1001   -0.276321
    1002   -0.276321
    1003   -0.276249
    1004   -0.276249
    1005   -0.276120
    1006   -0.276120
    1007   -0.275959
    1008   -0.275959
    1009   -0.275772
    1010   -0.275772
    1011   -0.275563
    1012   -0.275563
    1013   -0.275328
    1014   -0.275328
    1015   -0.275066
    1016   -0.275066
    1017   -0.274779
    1018   -0.274779
    1019   -0.274468
    1020   -0.274468
    1021   -0.274137
    1022   -0.274137
    1023   -0.273785
    1024   -0.273785
    1025   -0.273409
    1026   -0.273409
    1027   -0.273004
    1028   -0.273004
    1029   -0.272574
    1030   -0.272574
    1031   -0.272127
    1032   -0.272127
    1033   -0.271673
    1034   -0.271673
    1035   -0.271216
    1036   -0.271216
    1037   -0.270752
    1038   -0.270752
    1039   -0.270275
    1040   -0.270275
    1041   -0.269781
    1042   -0.269781
    1043   -0.269268
    1044   -0.269268
    1045   -0.268732
    1046   -0.268732
    1047   -0.268175
    1048   -0.268175
    1049   -0.267598
    1050   -0.267598
    1051   -0.267000
    1052   -0.267000
    1053   -0.266382
    1054   -0.266382
    1055   -0.265747
    1056   -0.265747
    1057   -0.265101
    1058   -0.265101
    1059   -0.264446
    1060   -0.264446
    1061   -0.263775
    1062   -0.263775
    1063   -0.263070
    1064   -0.263070
    1065   -0.262310
    1066   -0.262310
    1067   -0.261493
    1068   -0.261493
    1069   -0.260635
    1070   -0.260635
    1071   -0.259749
    1072   -0.259749
    1073   -0.258830
    1074   -0.258830
    1075   -0.257878
    1076   -0.257878
    1077   -0.256890
    1078   -0.256890
    1079   -0.255848
    1080   -0.255848
    1081   -0.254740
    1082   -0.254740
    1083   -0.253563
    1084   -0.253563
    1085   -0.252306
    1086   -0.252306
    1087   -0.250966
    1088   -0.250966
    1089   -0.249523
    1090   -0.249523
    1091   -0.247942
    1092   -0.247942
    1093   -0.246199
    1094   -0.246199
    1095   -0.244305
    1096   -0.244305
    1097   -0.242264
    1098   -0.242264
    1099   -0.240056
    1100   -0.240056
    1101   -0.237645
    1102   -0.237645
    1103   -0.235015
    1104   -0.235015
    1105   -0.232247
    1106   -0.232247
    1107   -0.229566
    1108   -0.229566
    1109   -0.227430
    1110   -0.227430
    1111   -0.226349
    1112   -0.226349
    1113   -0.226237
    1114   -0.226237
    1115   -0.226521
    1116   -0.226521
    1117   -0.226817
    1118   -0.226817
    1119   -0.226961
    1120   -0.226961
    1121   -0.226880
    1122   -0.226880
    1123   -0.226601
    1124   -0.226601
    1125   -0.226144
    1126   -0.226144
    1127   -0.225502
    1128   -0.225502
    1129   -0.224702
    1130   -0.224702
    1131   -0.223739
    1132   -0.223739
    1133   -0.222600
    1134   -0.222600
    1135   -0.221297
    1136   -0.221297
    1137   -0.219817
    1138   -0.219817
    1139   -0.218155
    1140   -0.218155
    1141   -0.216304
    1142   -0.216304
    1143   -0.214219
    1144   -0.214219
    1145   -0.211852
    1146   -0.211852
    1147   -0.209211
    1148   -0.209211
    1149   -0.206321
    1150   -0.206321
    1151   -0.203132
    1152   -0.203132
    1153   -0.199615
    1154   -0.199615
    1155   -0.195796
    1156   -0.195796
    1157   -0.191608
    1158   -0.191608
    1159   -0.186983
    1160   -0.186983
    1161   -0.181955
    1162   -0.181955
    1163   -0.176447
    1164   -0.176447
    1165   -0.170327
    1166   -0.170327
    1167   -0.163516
    1168   -0.163516
    1169   -0.155891
    1170   -0.155891
    1171   -0.147316
    1172   -0.147316
    1173   -0.137627
    1174   -0.137627
    1175   -0.128908
    1176   -0.128908
    1177   -0.120824
    1178   -0.120824
    1179   -0.109405
    1180   -0.109405
    1181   -0.094499
    1182   -0.094499
    1183   -0.077949
    1184   -0.077949
    1185   -0.062485
    1186   -0.062485
    1187   -0.051344
    1188   -0.051344
    1189   -0.335043
    1190   -0.335043
    1191   -0.334729
    1192   -0.334729
    1193   -0.334447
    1194   -0.334447
    1195   -0.334372
    1196   -0.334372
    1197   -0.334233
    1198   -0.334233
    1199   -0.333987
    1200   -0.333987
    1201   -0.333748
    1202   -0.333748
    1203   -0.333500
    1204   -0.333500
    1205   -0.333239
    1206   -0.333239
    1207   -0.332968
    1208   -0.332968
    1209   -0.332686
    1210   -0.332686
    1211   -0.332382
    1212   -0.332382
    1213   -0.332050
    1214   -0.332050
    1215   -0.331692
    1216   -0.331692
    1217   -0.331309
    1218   -0.331309
    1219   -0.330902
    1220   -0.330902
    1221   -0.330472
    1222   -0.330472
    1223   -0.330017
    1224   -0.330017
    1225   -0.329531
    1226   -0.329531
    1227   -0.329015
    1228   -0.329015
    1229   -0.328480
    1230   -0.328480
    1231   -0.327946
    1232   -0.327946
    1233   -0.327415
    1234   -0.327415
    1235   -0.326874
    1236   -0.326874
    1237   -0.326317
    1238   -0.326317
    1239   -0.325744
    1240   -0.325744
    1241   -0.325148
    1242   -0.325148
    1243   -0.324526
    1244   -0.324526
    1245   -0.323878
    1246   -0.323878
    1247   -0.323202
    1248   -0.323202
    1249   -0.322499
    1250   -0.322499
    1251   -0.321766
    1252   -0.321766
    1253   -0.321011
    1254   -0.321011
    1255   -0.320249
    1256   -0.320249
    1257   -0.319479
    1258   -0.319479
    1259   -0.318685
    1260   -0.318685
    1261   -0.317855
    1262   -0.317855
    1263   -0.316981
    1264   -0.316981
    1265   -0.316060
    1266   -0.316060
    1267   -0.315088
    1268   -0.315088
    1269   -0.314065
    1270   -0.314065
    1271   -0.312994
    1272   -0.312994
    1273   -0.311881
    1274   -0.311881
    1275   -0.310723
    1276   -0.310723
    1277   -0.309503
    1278   -0.309503
    1279   -0.308212
    1280   -0.308212
    1281   -0.306855
    1282   -0.306855
    1283   -0.305419
    1284   -0.305419
    1285   -0.303889
    1286   -0.303889
    1287   -0.302249
    1288   -0.302249
    1289   -0.300478
    1290   -0.300478
    1291   -0.298569
    1292   -0.298569
    1293   -0.296533
    1294   -0.296533
    1295   -0.294340
    1296   -0.294340
    1297   -0.291950
    1298   -0.291950
    1299   -0.289331
    1300   -0.289331
    1301   -0.286489
    1302   -0.286489
    1303   -0.283522
    1304   -0.283522
    1305   -0.280603
    1306   -0.280603
    1307   -0.278111
    1308   -0.278111
    1309   -0.276620
    1310   -0.276620
    1311   -0.276212
    1312   -0.276212
    1313   -0.276318
    1314   -0.276318
    1315   -0.276433
    1316   -0.276433
    1317   -0.276379
    1318   -0.276379
    1319   -0.276118
    1320   -0.276118
    1321   -0.275685
    1322   -0.275685
    1323   -0.275138
    1324   -0.275138
    1325   -0.274450
    1326   -0.274450
    1327   -0.273563
    1328   -0.273563
    1329   -0.272457
    1330   -0.272457
    1331   -0.271144
    1332   -0.271144
    1333   -0.269653
    1334   -0.269653
    1335   -0.267998
    1336   -0.267998
    1337   -0.266149
    1338   -0.266149
    1339   -0.264059
    1340   -0.264059
    1341   -0.261692
    1342   -0.261692
    1343   -0.259041
    1344   -0.259041
    1345   -0.256091
    1346   -0.256091
    1347   -0.252822
    1348   -0.252822
    1349   -0.249196
    1350   -0.249196
    1351   -0.245173
    1352   -0.245173
    1353   -0.240754
    1354   -0.240754
    1355   -0.235888
    1356   -0.235888
    1357   -0.230564
    1358   -0.230564
    1359   -0.224784
    1360   -0.224784
    1361   -0.218494
    1362   -0.218494
    1363   -0.211589
    1364   -0.211589
    1365   -0.203938
    1366   -0.203938
    1367   -0.195388
    1368   -0.195388
    1369   -0.185891
    1370   -0.185891
    1371   -0.174997
    1372   -0.174997
    1373   -0.163899
    1374   -0.163899
    1375   -0.152811
    1376   -0.152811
    1377   -0.138808
    1378   -0.138808
    1379   -0.122485
    1380   -0.122485
    1381   -0.104911
    1382   -0.104911
    1383   -0.086507
    1384   -0.086507
    1385   -0.072228
    1386   -0.072228
    1387   -0.403073
    1388   -0.403073
    1389   -0.402687
    1390   -0.402687
    1391   -0.402164
    1392   -0.402164
    1393   -0.401663
    1394   -0.401663
    1395   -0.401123
    1396   -0.401123
    1397   -0.400579
    1398   -0.400579
    1399   -0.400097
    1400   -0.400097
    1401   -0.399643
    1402   -0.399643
    1403   -0.399205
    1404   -0.399205
    1405   -0.398793
    1406   -0.398793
    1407   -0.398398
    1408   -0.398398
    1409   -0.397998
    1410   -0.397998
    1411   -0.397577
    1412   -0.397577
    1413   -0.397136
    1414   -0.397136
    1415   -0.396670
    1416   -0.396670
    1417   -0.396176
    1418   -0.396176
    1419   -0.395655
    1420   -0.395655
    1421   -0.395105
    1422   -0.395105
    1423   -0.394525
    1424   -0.394525
    1425   -0.393911
    1426   -0.393911
    1427   -0.393274
    1428   -0.393274
    1429   -0.392645
    1430   -0.392645
    1431   -0.392029
    1432   -0.392029
    1433   -0.391401
    1434   -0.391401
    1435   -0.390754
    1436   -0.390754
    1437   -0.390092
    1438   -0.390092
    1439   -0.389407
    1440   -0.389407
    1441   -0.388692
    1442   -0.388692
    1443   -0.387943
    1444   -0.387943
    1445   -0.387161
    1446   -0.387161
    1447   -0.386341
    1448   -0.386341
    1449   -0.385482
    1450   -0.385482
    1451   -0.384595
    1452   -0.384595
    1453   -0.383706
    1454   -0.383706
    1455   -0.382812
    1456   -0.382812
    1457   -0.381893
    1458   -0.381893
    1459   -0.380936
    1460   -0.380936
    1461   -0.379943
    1462   -0.379943
    1463   -0.378908
    1464   -0.378908
    1465   -0.377808
    1466   -0.377808
    1467   -0.376639
    1468   -0.376639
    1469   -0.375417
    1470   -0.375417
    1471   -0.374143
    1472   -0.374143
    1473   -0.372813
    1474   -0.372813
    1475   -0.371418
    1476   -0.371418
    1477   -0.369949
    1478   -0.369949
    1479   -0.368409
    1480   -0.368409
    1481   -0.366789
    1482   -0.366789
    1483   -0.365066
    1484   -0.365066
    1485   -0.363231
    1486   -0.363231
    1487   -0.361277
    1488   -0.361277
    1489   -0.359197
    1490   -0.359197
    1491   -0.356987
    1492   -0.356987
    1493   -0.354618
    1494   -0.354618
    1495   -0.352055
    1496   -0.352055
    1497   -0.349278
    1498   -0.349278
    1499   -0.346314
    1500   -0.346314
    1501   -0.343242
    1502   -0.343242
    1503   -0.340205
    1504   -0.340205
    1505   -0.337559
    1506   -0.337559
    1507   -0.335921
    1508   -0.335921
    1509   -0.335412
    1510   -0.335412
    1511   -0.335432
    1512   -0.335432
    1513   -0.335440
    1514   -0.335440
    1515   -0.335266
    1516   -0.335266
    1517   -0.334869
    1518   -0.334869
    1519   -0.334260
    1520   -0.334260
    1521   -0.333517
    1522   -0.333517
    1523   -0.332626
    1524   -0.332626
    1525   -0.331524
    1526   -0.331524
    1527   -0.330213
    1528   -0.330213
    1529   -0.328700
    1530   -0.328700
    1531   -0.326998
    1532   -0.326998
    1533   -0.325130
    1534   -0.325130
    1535   -0.323055
    1536   -0.323055
    1537   -0.320704
    1538   -0.320704
    1539   -0.318047
    1540   -0.318047
    1541   -0.315095
    1542   -0.315095
    1543   -0.311807
    1544   -0.311807
    1545   -0.308125
    1546   -0.308125
    1547   -0.304049
    1548   -0.304049
    1549   -0.299514
    1550   -0.299514
    1551   -0.294492
    1552   -0.294492
    1553   -0.288996
    1554   -0.288996
    1555   -0.283029
    1556   -0.283029
    1557   -0.276506
    1558   -0.276506
    1559   -0.269363
    1560   -0.269363
    1561   -0.261532
    1562   -0.261532
    1563   -0.252814
    1564   -0.252814
    1565   -0.243035
    1566   -0.243035
    1567   -0.232529
    1568   -0.232529
    1569   -0.220628
    1570   -0.220628
    1571   -0.206443
    1572   -0.206443
    1573   -0.191180
    1574   -0.191180
    1575   -0.174685
    1576   -0.174685
    1577   -0.156191
    1578   -0.156191
    1579   -0.135407
    1580   -0.135407
    1581   -0.113037
    1582   -0.113037
    1583   -0.095336
    1584   -0.095336
    1585   -0.484844
    1586   -0.484844
    1587   -0.484014
    1588   -0.484014
    1589   -0.482770
    1590   -0.482770
    1591   -0.481613
    1592   -0.481613
    1593   -0.480600
    1594   -0.480600
    1595   -0.479675
    1596   -0.479675
    1597   -0.478833
    1598   -0.478833
    1599   -0.478061
    1600   -0.478061
    1601   -0.477368
    1602   -0.477368
    1603   -0.476751
    1604   -0.476751
    1605   -0.476185
    1606   -0.476185
    1607   -0.475643
    1608   -0.475643
    1609   -0.475107
    1610   -0.475107
    1611   -0.474566
    1612   -0.474566
    1613   -0.474007
    1614   -0.474007
    1615   -0.473414
    1616   -0.473414
    1617   -0.472787
    1618   -0.472787
    1619   -0.472131
    1620   -0.472131
    1621   -0.471451
    1622   -0.471451
    1623   -0.470735
    1624   -0.470735
    1625   -0.469991
    1626   -0.469991
    1627   -0.469249
    1628   -0.469249
    1629   -0.468516
    1630   -0.468516
    1631   -0.467773
    1632   -0.467773
    1633   -0.467017
    1634   -0.467017
    1635   -0.466253
    1636   -0.466253
    1637   -0.465470
    1638   -0.465470
    1639   -0.464654
    1640   -0.464654
    1641   -0.463795
    1642   -0.463795
    1643   -0.462893
    1644   -0.462893
    1645   -0.461946
    1646   -0.461946
    1647   -0.460956
    1648   -0.460956
    1649   -0.459934
    1650   -0.459934
    1651   -0.458898
    1652   -0.458898
    1653   -0.457851
    1654   -0.457851
    1655   -0.456782
    1656   -0.456782
    1657   -0.455683
    1658   -0.455683
    1659   -0.454550
    1660   -0.454550
    1661   -0.453373
    1662   -0.453373
    1663   -0.452132
    1664   -0.452132
    1665   -0.450820
    1666   -0.450820
    1667   -0.449448
    1668   -0.449448
    1669   -0.448016
    1670   -0.448016
    1671   -0.446521
    1672   -0.446521
    1673   -0.444957
    1674   -0.444957
    1675   -0.443310
    1676   -0.443310
    1677   -0.441571
    1678   -0.441571
    1679   -0.439735
    1680   -0.439735
    1681   -0.437789
    1682   -0.437789
    1683   -0.435725
    1684   -0.435725
    1685   -0.433545
    1686   -0.433545
    1687   -0.431239
    1688   -0.431239
    1689   -0.428796
    1690   -0.428796
    1691   -0.426209
    1692   -0.426209
    1693   -0.423458
    1694   -0.423458
    1695   -0.420541
    1696   -0.420541
    1697   -0.417491
    1698   -0.417491
    1699   -0.414356
    1700   -0.414356
    1701   -0.411281
    1702   -0.411281
    1703   -0.408684
    1704   -0.408684
    1705   -0.407156
    1706   -0.407156
    1707   -0.406696
    1708   -0.406696
    1709   -0.406681
    1710   -0.406681
    1711   -0.406638
    1712   -0.406638
    1713   -0.406427
    1714   -0.406427
    1715   -0.405983
    1716   -0.405983
    1717   -0.405264
    1718   -0.405264
    1719   -0.404324
    1720   -0.404324
    1721   -0.403177
    1722   -0.403177
    1723   -0.401833
    1724   -0.401833
    1725   -0.400311
    1726   -0.400311
    1727   -0.398593
    1728   -0.398593
    1729   -0.396673
    1730   -0.396673
    1731   -0.394559
    1732   -0.394559
    1733   -0.392207
    1734   -0.392207
    1735   -0.389574
    1736   -0.389574
    1737   -0.386627
    1738   -0.386627
    1739   -0.383336
    1740   -0.383336
    1741   -0.379676
    1742   -0.379676
    1743   -0.375608
    1744   -0.375608
    1745   -0.371104
    1746   -0.371104
    1747   -0.366077
    1748   -0.366077
    1749   -0.360495
    1750   -0.360495
    1751   -0.354411
    1752   -0.354411
    1753   -0.347804
    1754   -0.347804
    1755   -0.340516
    1756   -0.340516
    1757   -0.332440
    1758   -0.332440
    1759   -0.323481
    1760   -0.323481
    1761   -0.313433
    1762   -0.313433
    1763   -0.302164
    1764   -0.302164
    1765   -0.290078
    1766   -0.290078
    1767   -0.276524
    1768   -0.276524
    1769   -0.259755
    1770   -0.259755
    1771   -0.240825
    1772   -0.240825
    1773   -0.220721
    1774   -0.220721
    1775   -0.198107
    1776   -0.198107
    1777   -0.172057
    1778   -0.172057
    1779   -0.143907
    1780   -0.143907
    1781   -0.121374
    1782   -0.121374
    1783   -0.585458
    1784   -0.585458
    1785   -0.584220
    1786   -0.584220
    1787   -0.582420
    1788   -0.582420
    1789   -0.580788
    1790   -0.580788
    1791   -0.579349
    1792   -0.579349
    1793   -0.578038
    1794   -0.578038
    1795   -0.576830
    1796   -0.576830
    1797   -0.575726
    1798   -0.575726
    1799   -0.574758
    1800   -0.574758
    1801   -0.573902
    1802   -0.573902
    1803   -0.573121
    1804   -0.573121
    1805   -0.572388
    1806   -0.572388
    1807   -0.571691
    1808   -0.571691
    1809   -0.571012
    1810   -0.571012
    1811   -0.570326
    1812   -0.570326
    1813   -0.569610
    1814   -0.569610
    1815   -0.568857
    1816   -0.568857
    1817   -0.568080
    1818   -0.568080
    1819   -0.567285
    1820   -0.567285
    1821   -0.566456
    1822   -0.566456
    1823   -0.565594
    1824   -0.565594
    1825   -0.564719
    1826   -0.564719
    1827   -0.563836
    1828   -0.563836
    1829   -0.562951
    1830   -0.562951
    1831   -0.562066
    1832   -0.562066
    1833   -0.561181
    1834   -0.561181
    1835   -0.560285
    1836   -0.560285
    1837   -0.559352
    1838   -0.559352
    1839   -0.558369
    1840   -0.558369
    1841   -0.557335
    1842   -0.557335
    1843   -0.556251
    1844   -0.556251
    1845   -0.555122
    1846   -0.555122
    1847   -0.553954
    1848   -0.553954
    1849   -0.552752
    1850   -0.552752
    1851   -0.551522
    1852   -0.551522
    1853   -0.550272
    1854   -0.550272
    1855   -0.549000
    1856   -0.549000
    1857   -0.547692
    1858   -0.547692
    1859   -0.546339
    1860   -0.546339
    1861   -0.544932
    1862   -0.544932
    1863   -0.543458
    1864   -0.543458
    1865   -0.541917
    1866   -0.541917
    1867   -0.540315
    1868   -0.540315
    1869   -0.538646
    1870   -0.538646
    1871   -0.536898
    1872   -0.536898
    1873   -0.535046
    1874   -0.535046
    1875   -0.533070
    1876   -0.533070
    1877   -0.530976
    1878   -0.530976
    1879   -0.528768
    1880   -0.528768
    1881   -0.526437
    1882   -0.526437
    1883   -0.523989
    1884   -0.523989
    1885   -0.521416
    1886   -0.521416
    1887   -0.518698
    1888   -0.518698
    1889   -0.515845
    1890   -0.515845
    1891   -0.512847
    1892   -0.512847
    1893   -0.509708
    1894   -0.509708
    1895   -0.506447
    1896   -0.506447
    1897   -0.503093
    1898   -0.503093
    1899   -0.499812
    1900   -0.499812
    1901   -0.497059
    1902   -0.497059
    1903   -0.495412
    1904   -0.495412
    1905   -0.494816
    1906   -0.494816
    1907   -0.494649
    1908   -0.494649
    1909   -0.494473
    1910   -0.494473
    1911   -0.494166
    1912   -0.494166
    1913   -0.493676
    1914   -0.493676
    1915   -0.492932
    1916   -0.492932
    1917   -0.491921
    1918   -0.491921
    1919   -0.490666
    1920   -0.490666
    1921   -0.489200
    1922   -0.489200
    1923   -0.487515
    1924   -0.487515
    1925   -0.485595
    1926   -0.485595
    1927   -0.483443
    1928   -0.483443
    1929   -0.481040
    1930   -0.481040
    1931   -0.478348
    1932   -0.478348
    1933   -0.475347
    1934   -0.475347
    1935   -0.472019
    1936   -0.472019
    1937   -0.468313
    1938   -0.468313
    1939   -0.464248
    1940   -0.464248
    1941   -0.459801
    1942   -0.459801
    1943   -0.454877
    1944   -0.454877
    1945   -0.449384
    1946   -0.449384
    1947   -0.443259
    1948   -0.443259
    1949   -0.436523
    1950   -0.436523
    1951   -0.429155
    1952   -0.429155
    1953   -0.420995
    1954   -0.420995
    1955   -0.411836
    1956   -0.411836
    1957   -0.401500
    1958   -0.401500
    1959   -0.389870
    1960   -0.389870
    1961   -0.376852
    1962   -0.376852
    1963   -0.362498
    1964   -0.362498
    1965   -0.346391
    1966   -0.346391
    1967   -0.327287
    1968   -0.327287
    1969   -0.305002
    1970   -0.305002
    1971   -0.279819
    1972   -0.279819
    1973   -0.250946
    1974   -0.250946
    1975   -0.217730
    1976   -0.217730
    1977   -0.181989
    1978   -0.181989
    1979   -0.153177
    1980   -0.153177
    1981   -0.712499
    1982   -0.712499
    1983   -0.710949
    1984   -0.710949
    1985   -0.708759
    1986   -0.708759
    1987   -0.706828
    1988   -0.706828
    1989   -0.705086
    1990   -0.705086
    1991   -0.703448
    1992   -0.703448
    1993   -0.701923
    1994   -0.701923
    1995   -0.700527
    1996   -0.700527
    1997   -0.699279
    1998   -0.699279
    1999   -0.698155
    2000   -0.698155
    2001   -0.697123
    2002   -0.697123
    2003   -0.696162
    2004   -0.696162
    2005   -0.695263
    2006   -0.695263
    2007   -0.694399
    2008   -0.694399
    2009   -0.693542
    2010   -0.693542
    2011   -0.692668
    2012   -0.692668
    2013   -0.691768
    2014   -0.691768
    2015   -0.690847
    2016   -0.690847
    2017   -0.689905
    2018   -0.689905
    2019   -0.688930
    2020   -0.688930
    2021   -0.687922
    2022   -0.687922
    2023   -0.686890
    2024   -0.686890
    2025   -0.685844
    2026   -0.685844
    2027   -0.684802
    2028   -0.684802
    2029   -0.683767
    2030   -0.683767
    2031   -0.682733
    2032   -0.682733
    2033   -0.681687
    2034   -0.681687
    2035   -0.680606
    2036   -0.680606
    2037   -0.679479
    2038   -0.679479
    2039   -0.678301
    2040   -0.678301
    2041   -0.677072
    2042   -0.677072
    2043   -0.675788
    2044   -0.675788
    2045   -0.674452
    2046   -0.674452
    2047   -0.673066
    2048   -0.673066
    2049   -0.671637
    2050   -0.671637
    2051   -0.670176
    2052   -0.670176
    2053   -0.668689
    2054   -0.668689
    2055   -0.667168
    2056   -0.667168
    2057   -0.665603
    2058   -0.665603
    2059   -0.663987
    2060   -0.663987
    2061   -0.662307
    2062   -0.662307
    2063   -0.660563
    2064   -0.660563
    2065   -0.658769
    2066   -0.658769
    2067   -0.656919
    2068   -0.656919
    2069   -0.654967
    2070   -0.654967
    2071   -0.652848
    2072   -0.652848
    2073   -0.650555
    2074   -0.650555
    2075   -0.648144
    2076   -0.648144
    2077   -0.645635
    2078   -0.645635
    2079   -0.643008
    2080   -0.643008
    2081   -0.640264
    2082   -0.640264
    2083   -0.637395
    2084   -0.637395
    2085   -0.634388
    2086   -0.634388
    2087   -0.631255
    2088   -0.631255
    2089   -0.627993
    2090   -0.627993
    2091   -0.624585
    2092   -0.624585
    2093   -0.621020
    2094   -0.621020
    2095   -0.617340
    2096   -0.617340
    2097   -0.613730
    2098   -0.613730
    2099   -0.610687
    2100   -0.610687
    2101   -0.608806
    2102   -0.608806
    2103   -0.608016
    2104   -0.608016
    2105   -0.607713
    2106   -0.607713
    2107   -0.607460
    2108   -0.607460
    2109   -0.607097
    2110   -0.607097
    2111   -0.606572
    2112   -0.606572
    2113   -0.605813
    2114   -0.605813
    2115   -0.604746
    2116   -0.604746
    2117   -0.603380
    2118   -0.603380
    2119   -0.601744
    2120   -0.601744
    2121   -0.599826
    2122   -0.599826
    2123   -0.597633
    2124   -0.597633
    2125   -0.595157
    2126   -0.595157
    2127   -0.592355
    2128   -0.592355
    2129   -0.589194
    2130   -0.589194
    2131   -0.585662
    2132   -0.585662
    2133   -0.581767
    2134   -0.581767
    2135   -0.577494
    2136   -0.577494
    2137   -0.572853
    2138   -0.572853
    2139   -0.567800
    2140   -0.567800
    2141   -0.562232
    2142   -0.562232
    2143   -0.556071
    2144   -0.556071
    2145   -0.549193
    2146   -0.549193
    2147   -0.541572
    2148   -0.541572
    2149   -0.533173
    2150   -0.533173
    2151   -0.523807
    2152   -0.523807
    2153   -0.513254
    2154   -0.513254
    2155   -0.501302
    2156   -0.501302
    2157   -0.487799
    2158   -0.487799
    2159   -0.472536
    2160   -0.472536
    2161   -0.455262
    2162   -0.455262
    2163   -0.436016
    2164   -0.436016
    2165   -0.414003
    2166   -0.414003
    2167   -0.387727
    2168   -0.387727
    2169   -0.356619
    2170   -0.356619
    2171   -0.320174
    2172   -0.320174
    2173   -0.278010
    2174   -0.278010
    2175   -0.232690
    2176   -0.232690
    2177   -0.196033
    2178   -0.196033
    2179   -0.878102
    2180   -0.878102
    2181   -0.876467
    2182   -0.876467
    2183   -0.874110
    2184   -0.874110
    2185   -0.872007
    2186   -0.872007
    2187   -0.870062
    2188   -0.870062
    2189   -0.868168
    2190   -0.868168
    2191   -0.866411
    2192   -0.866411
    2193   -0.864802
    2194   -0.864802
    2195   -0.863309
    2196   -0.863309
    2197   -0.861912
    2198   -0.861912
    2199   -0.860608
    2200   -0.860608
    2201   -0.859400
    2202   -0.859400
    2203   -0.858275
    2204   -0.858275
    2205   -0.857196
    2206   -0.857196
    2207   -0.856133
    2208   -0.856133
    2209   -0.855069
    2210   -0.855069
    2211   -0.853995
    2212   -0.853995
    2213   -0.852899
    2214   -0.852899
    2215   -0.851769
    2216   -0.851769
    2217   -0.850606
    2218   -0.850606
    2219   -0.849415
    2220   -0.849415
    2221   -0.848199
    2222   -0.848199
    2223   -0.846973
    2224   -0.846973
    2225   -0.845752
    2226   -0.845752
    2227   -0.844534
    2228   -0.844534
    2229   -0.843309
    2230   -0.843309
    2231   -0.842066
    2232   -0.842066
    2233   -0.840795
    2234   -0.840795
    2235   -0.839486
    2236   -0.839486
    2237   -0.838131
    2238   -0.838131
    2239   -0.836722
    2240   -0.836722
    2241   -0.835245
    2242   -0.835245
    2243   -0.833701
    2244   -0.833701
    2245   -0.832096
    2246   -0.832096
    2247   -0.830434
    2248   -0.830434
    2249   -0.828720
    2250   -0.828720
    2251   -0.826963
    2252   -0.826963
    2253   -0.825170
    2254   -0.825170
    2255   -0.823332
    2256   -0.823332
    2257   -0.821439
    2258   -0.821439
    2259   -0.819485
    2260   -0.819485
    2261   -0.817479
    2262   -0.817479
    2263   -0.815434
    2264   -0.815434
    2265   -0.813354
    2266   -0.813354
    2267   -0.811154
    2268   -0.811154
    2269   -0.808692
    2270   -0.808692
    2271   -0.805991
    2272   -0.805991
    2273   -0.803187
    2274   -0.803187
    2275   -0.800313
    2276   -0.800313
    2277   -0.797333
    2278   -0.797333
    2279   -0.794233
    2280   -0.794233
    2281   -0.791023
    2282   -0.791023
    2283   -0.787696
    2284   -0.787696
    2285   -0.784243
    2286   -0.784243
    2287   -0.780659
    2288   -0.780659
    2289   -0.776911
    2290   -0.776911
    2291   -0.772996
    2292   -0.772996
    2293   -0.768986
    2294   -0.768986
    2295   -0.765085
    2296   -0.765085
    2297   -0.761890
    2298   -0.761890
    2299   -0.760010
    2300   -0.760010
    2301   -0.759267
    2302   -0.759267
    2303   -0.759066
    2304   -0.759066
    2305   -0.758977
    2306   -0.758977
    2307   -0.758735
    2308   -0.758735
    2309   -0.758241
    2310   -0.758241
    2311   -0.757464
    2312   -0.757464
    2313   -0.756298
    2314   -0.756298
    2315   -0.754729
    2316   -0.754729
    2317   -0.752818
    2318   -0.752818
    2319   -0.750592
    2320   -0.750592
    2321   -0.748048
    2322   -0.748048
    2323   -0.745115
    2324   -0.745115
    2325   -0.741755
    2326   -0.741755
    2327   -0.737973
    2328   -0.737973
    2329   -0.733754
    2330   -0.733754
    2331   -0.729115
    2332   -0.729115
    2333   -0.724049
    2334   -0.724049
    2335   -0.718510
    2336   -0.718510
    2337   -0.712468
    2338   -0.712468
    2339   -0.705861
    2340   -0.705861
    2341   -0.698600
    2342   -0.698600
    2343   -0.690518
    2344   -0.690518
    2345   -0.681527
    2346   -0.681527
    2347   -0.671537
    2348   -0.671537
    2349   -0.660348
    2350   -0.660348
    2351   -0.647861
    2352   -0.647861
    2353   -0.633877
    2354   -0.633877
    2355   -0.618082
    2356   -0.618082
    2357   -0.600129
    2358   -0.600129
    2359   -0.579333
    2360   -0.579333
    2361   -0.555755
    2362   -0.555755
    2363   -0.529250
    2364   -0.529250
    2365   -0.497927
    2366   -0.497927
    2367   -0.460309
    2368   -0.460309
    2369   -0.415222
    2370   -0.415222
    2371   -0.362125
    2372   -0.362125
    2373   -0.304459
    2374   -0.304459
    2375   -0.257417
    2376   -0.257417
    2377   -1.101996
    2378   -1.101996
    2379   -1.100742
    2380   -1.100742
    2381   -1.098744
    2382   -1.098744
    2383   -1.096807
    2384   -1.096807
    2385   -1.094902
    2386   -1.094902
    2387   -1.092936
    2388   -1.092936
    2389   -1.091097
    2390   -1.091097
    2391   -1.089396
    2392   -1.089396
    2393   -1.087762
    2394   -1.087762
    2395   -1.086177
    2396   -1.086177
    2397   -1.084649
    2398   -1.084649
    2399   -1.083201
    2400   -1.083201
    2401   -1.081829
    2402   -1.081829
    2403   -1.080504
    2404   -1.080504
    2405   -1.079201
    2406   -1.079201
    2407   -1.077905
    2408   -1.077905
    2409   -1.076609
    2410   -1.076609
    2411   -1.075292
    2412   -1.075292
    2413   -1.073936
    2414   -1.073936
    2415   -1.072541
    2416   -1.072541
    2417   -1.071114
    2418   -1.071114
    2419   -1.069668
    2420   -1.069668
    2421   -1.068213
    2422   -1.068213
    2423   -1.066753
    2424   -1.066753
    2425   -1.065283
    2426   -1.065283
    2427   -1.063799
    2428   -1.063799
    2429   -1.062297
    2430   -1.062297
    2431   -1.060771
    2432   -1.060771
    2433   -1.059208
    2434   -1.059208
    2435   -1.057595
    2436   -1.057595
    2437   -1.055918
    2438   -1.055918
    2439   -1.054168
    2440   -1.054168
    2441   -1.052342
    2442   -1.052342
    2443   -1.050437
    2444   -1.050437
    2445   -1.048456
    2446   -1.048456
    2447   -1.046403
    2448   -1.046403
    2449   -1.044288
    2450   -1.044288
    2451   -1.042122
    2452   -1.042122
    2453   -1.039902
    2454   -1.039902
    2455   -1.037617
    2456   -1.037617
    2457   -1.035271
    2458   -1.035271
    2459   -1.032868
    2460   -1.032868
    2461   -1.030413
    2462   -1.030413
    2463   -1.027915
    2464   -1.027915
    2465   -1.025286
    2466   -1.025286
    2467   -1.022379
    2468   -1.022379
    2469   -1.019226
    2470   -1.019226
    2471   -1.015965
    2472   -1.015965
    2473   -1.012628
    2474   -1.012628
    2475   -1.009174
    2476   -1.009174
    2477   -1.005587
    2478   -1.005587
    2479   -1.001893
    2480   -1.001893
    2481   -0.998080
    2482   -0.998080
    2483   -0.994097
    2484   -0.994097
    2485   -0.989928
    2486   -0.989928
    2487   -0.985557
    2488   -0.985557
    2489   -0.981022
    2490   -0.981022
    2491   -0.976420
    2492   -0.976420
    2493   -0.971965
    2494   -0.971965
    2495   -0.968367
    2496   -0.968367
    2497   -0.966345
    2498   -0.966345
    2499   -0.965616
    2500   -0.965616
    2501   -0.965468
    2502   -0.965468
    2503   -0.965444
    2504   -0.965444
    2505   -0.965213
    2506   -0.965213
    2507   -0.964648
    2508   -0.964648
    2509   -0.963724
    2510   -0.963724
    2511   -0.962330
    2512   -0.962330
    2513   -0.960412
    2514   -0.960412
    2515   -0.958081
    2516   -0.958081
    2517   -0.955425
    2518   -0.955425
    2519   -0.952351
    2520   -0.952351
    2521   -0.948737
    2522   -0.948737
    2523   -0.944589
    2524   -0.944589
    2525   -0.939942
    2526   -0.939942
    2527   -0.934795
    2528   -0.934795
    2529   -0.929139
    2530   -0.929139
    2531   -0.922928
    2532   -0.922928
    2533   -0.916087
    2534   -0.916087
    2535   -0.908642
    2536   -0.908642
    2537   -0.900533
    2538   -0.900533
    2539   -0.891622
    2540   -0.891622
    2541   -0.881765
    2542   -0.881765
    2543   -0.870786
    2544   -0.870786
    2545   -0.858526
    2546   -0.858526
    2547   -0.844852
    2548   -0.844852
    2549   -0.829710
    2550   -0.829710
    2551   -0.812894
    2552   -0.812894
    2553   -0.794017
    2554   -0.794017
    2555   -0.772664
    2556   -0.772664
    2557   -0.747702
    2558   -0.747702
    2559   -0.718567
    2560   -0.718567
    2561   -0.685552
    2562   -0.685552
    2563   -0.647594
    2564   -0.647594
    2565   -0.602465
    2566   -0.602465
    2567   -0.547194
    2568   -0.547194
    2569   -0.480732
    2570   -0.480732
    2571   -0.407402
    2572   -0.407402
    2573   -0.346637
    2574   -0.346637
    2575   -1.412281
    2576   -1.412281
    2577   -1.412166
    2578   -1.412166
    2579   -1.411525
    2580   -1.411525
    2581   -1.410329
    2582   -1.410329
    2583   -1.408725
    2584   -1.408725
    2585   -1.406900
    2586   -1.406900
    2587   -1.405155
    2588   -1.405155
    2589   -1.403468
    2590   -1.403468
    2591   -1.401781
    2592   -1.401781
    2593   -1.400087
    2594   -1.400087
    2595   -1.398397
    2596   -1.398397
    2597   -1.396721
    2598   -1.396721
    2599   -1.395060
    2600   -1.395060
    2601   -1.393429
    2602   -1.393429
    2603   -1.391825
    2604   -1.391825
    2605   -1.390229
    2606   -1.390229
    2607   -1.388628
    2608   -1.388628
    2609   -1.387012
    2610   -1.387012
    2611   -1.385362
    2612   -1.385362
    2613   -1.383661
    2614   -1.383661
    2615   -1.381916
    2616   -1.381916
    2617   -1.380147
    2618   -1.380147
    2619   -1.378362
    2620   -1.378362
    2621   -1.376552
    2622   -1.376552
    2623   -1.374716
    2624   -1.374716
    2625   -1.372859
    2626   -1.372859
    2627   -1.370978
    2628   -1.370978
    2629   -1.369065
    2630   -1.369065
    2631   -1.367107
    2632   -1.367107
    2633   -1.365084
    2634   -1.365084
    2635   -1.362987
    2636   -1.362987
    2637   -1.360813
    2638   -1.360813
    2639   -1.358552
    2640   -1.358552
    2641   -1.356192
    2642   -1.356192
    2643   -1.353732
    2644   -1.353732
    2645   -1.351182
    2646   -1.351182
    2647   -1.348547
    2648   -1.348547
    2649   -1.345835
    2650   -1.345835
    2651   -1.343045
    2652   -1.343045
    2653   -1.340177
    2654   -1.340177
    2655   -1.337232
    2656   -1.337232
    2657   -1.334199
    2658   -1.334199
    2659   -1.331063
    2660   -1.331063
    2661   -1.327826
    2662   -1.327826
    2663   -1.324457
    2664   -1.324457
    2665   -1.320902
    2666   -1.320902
    2667   -1.317172
    2668   -1.317172
    2669   -1.313300
    2670   -1.313300
    2671   -1.309294
    2672   -1.309294
    2673   -1.305148
    2674   -1.305148
    2675   -1.300837
    2676   -1.300837
    2677   -1.296352
    2678   -1.296352
    2679   -1.291683
    2680   -1.291683
    2681   -1.286772
    2682   -1.286772
    2683   -1.281580
    2684   -1.281580
    2685   -1.276116
    2686   -1.276116
    2687   -1.270432
    2688   -1.270432
    2689   -1.264616
    2690   -1.264616
    2691   -1.258897
    2692   -1.258897
    2693   -1.254073
    2694   -1.254073
    2695   -1.251150
    2696   -1.251150
    2697   -1.249921
    2698   -1.249921
    2699   -1.249344
    2700   -1.249344
    2701   -1.248768
    2702   -1.248768
    2703   -1.247902
    2704   -1.247902
    2705   -1.246657
    2706   -1.246657
    2707   -1.244992
    2708   -1.244992
    2709   -1.242883
    2710   -1.242883
    2711   -1.240237
    2712   -1.240237
    2713   -1.237042
    2714   -1.237042
    2715   -1.233421
    2716   -1.233421
    2717   -1.229278
    2718   -1.229278
    2719   -1.224518
    2720   -1.224518
    2721   -1.219148
    2722   -1.219148
    2723   -1.213165
    2724   -1.213165
    2725   -1.206576
    2726   -1.206576
    2727   -1.199314
    2728   -1.199314
    2729   -1.191307
    2730   -1.191307
    2731   -1.182500
    2732   -1.182500
    2733   -1.172896
    2734   -1.172896
    2735   -1.162401
    2736   -1.162401
    2737   -1.150901
    2738   -1.150901
    2739   -1.138333
    2740   -1.138333
    2741   -1.124434
    2742   -1.124434
    2743   -1.108965
    2744   -1.108965
    2745   -1.091835
    2746   -1.091835
    2747   -1.072886
    2748   -1.072886
    2749   -1.051871
    2750   -1.051871
    2751   -1.028418
    2752   -1.028418
    2753   -1.001979
    2754   -1.001979
    2755   -0.971543
    2756   -0.971543
    2757   -0.936284
    2758   -0.936284
    2759   -0.895399
    2760   -0.895399
    2761   -0.848121
    2762   -0.848121
    2763   -0.792713
    2764   -0.792713
    2765   -0.724518
    2766   -0.724518
    2767   -0.641663
    2768   -0.641663
    2769   -0.549206
    2770   -0.549206
    2771   -0.471428
    2772   -0.471428
    2773   -1.847013
    2774   -1.847013
    2775   -1.848572
    2776   -1.848572
    2777   -1.849843
    2778   -1.849843
    2779   -1.849325
    2780   -1.849325
    2781   -1.847837
    2782   -1.847837
    2783   -1.846159
    2784   -1.846159
    2785   -1.844531
    2786   -1.844531
    2787   -1.842850
    2788   -1.842850
    2789   -1.841075
    2790   -1.841075
    2791   -1.839226
    2792   -1.839226
    2793   -1.837325
    2794   -1.837325
    2795   -1.835361
    2796   -1.835361
    2797   -1.833334
    2798   -1.833334
    2799   -1.831291
    2800   -1.831291
    2801   -1.829260
    2802   -1.829260
    2803   -1.827235
    2804   -1.827235
    2805   -1.825204
    2806   -1.825204
    2807   -1.823147
    2808   -1.823147
    2809   -1.821050
    2810   -1.821050
    2811   -1.818907
    2812   -1.818907
    2813   -1.816714
    2814   -1.816714
    2815   -1.814473
    2816   -1.814473
    2817   -1.812184
    2818   -1.812184
    2819   -1.809848
    2820   -1.809848
    2821   -1.807465
    2822   -1.807465
    2823   -1.805036
    2824   -1.805036
    2825   -1.802553
    2826   -1.802553
    2827   -1.800006
    2828   -1.800006
    2829   -1.797389
    2830   -1.797389
    2831   -1.794695
    2832   -1.794695
    2833   -1.791918
    2834   -1.791918
    2835   -1.789051
    2836   -1.789051
    2837   -1.786082
    2838   -1.786082
    2839   -1.782999
    2840   -1.782999
    2841   -1.779797
    2842   -1.779797
    2843   -1.776475
    2844   -1.776475
    2845   -1.773032
    2846   -1.773032
    2847   -1.769474
    2848   -1.769474
    2849   -1.765805
    2850   -1.765805
    2851   -1.762026
    2852   -1.762026
    2853   -1.758130
    2854   -1.758130
    2855   -1.754092
    2856   -1.754092
    2857   -1.749881
    2858   -1.749881
    2859   -1.745492
    2860   -1.745492
    2861   -1.740965
    2862   -1.740965
    2863   -1.736366
    2864   -1.736366
    2865   -1.731674
    2866   -1.731674
    2867   -1.726791
    2868   -1.726791
    2869   -1.721687
    2870   -1.721687
    2871   -1.716399
    2872   -1.716399
    2873   -1.710887
    2874   -1.710887
    2875   -1.705085
    2876   -1.705085
    2877   -1.698986
    2878   -1.698986
    2879   -1.692554
    2880   -1.692554
    2881   -1.685752
    2882   -1.685752
    2883   -1.678576
    2884   -1.678576
    2885   -1.671037
    2886   -1.671037
    2887   -1.663220
    2888   -1.663220
    2889   -1.655461
    2890   -1.655461
    2891   -1.648649
    2892   -1.648649
    2893   -1.644065
    2894   -1.644065
    2895   -1.641721
    2896   -1.641721
    2897   -1.640189
    2898   -1.640189
    2899   -1.638465
    2900   -1.638465
    2901   -1.636305
    2902   -1.636305
    2903   -1.633670
    2904   -1.633670
    2905   -1.630550
    2906   -1.630550
    2907   -1.627075
    2908   -1.627075
    2909   -1.623166
    2910   -1.623166
    2911   -1.618557
    2912   -1.618557
    2913   -1.613241
    2914   -1.613241
    2915   -1.607248
    2916   -1.607248
    2917   -1.600572
    2918   -1.600572
    2919   -1.593160
    2920   -1.593160
    2921   -1.584985
    2922   -1.584985
    2923   -1.576020
    2924   -1.576020
    2925   -1.566127
    2926   -1.566127
    2927   -1.555234
    2928   -1.555234
    2929   -1.543290
    2930   -1.543290
    2931   -1.530214
    2932   -1.530214
    2933   -1.515935
    2934   -1.515935
    2935   -1.500391
    2936   -1.500391
    2937   -1.483517
    2938   -1.483517
    2939   -1.465017
    2940   -1.465017
    2941   -1.444592
    2942   -1.444592
    2943   -1.422112
    2944   -1.422112
    2945   -1.397299
    2946   -1.397299
    2947   -1.369830
    2948   -1.369830
    2949   -1.339299
    2950   -1.339299
    2951   -1.305060
    2952   -1.305060
    2953   -1.266309
    2954   -1.266309
    2955   -1.222260
    2956   -1.222260
    2957   -1.170790
    2958   -1.170790
    2959   -1.110199
    2960   -1.110199
    2961   -1.039040
    2962   -1.039040
    2963   -0.952639
    2964   -0.952639
    2965   -0.848839
    2966   -0.848839
    2967   -0.732584
    2968   -0.732584
    2969   -0.634033
    2970   -0.634033
    2971   -2.483357
    2972   -2.483357
    2973   -2.485569
    2974   -2.485569
    2975   -2.486902
    2976   -2.486902
    2977   -2.485445
    2978   -2.485445
    2979   -2.483369
    2980   -2.483369
    2981   -2.481528
    2982   -2.481528
    2983   -2.479694
    2984   -2.479694
    2985   -2.477762
    2986   -2.477762
    2987   -2.475692
    2988   -2.475692
    2989   -2.473492
    2990   -2.473492
    2991   -2.471174
    2992   -2.471174
    2993   -2.468730
    2994   -2.468730
    2995   -2.466165
    2996   -2.466165
    2997   -2.463517
    2998   -2.463517
    2999   -2.460827
    3000   -2.460827
    3001   -2.458131
    3002   -2.458131
    3003   -2.455419
    3004   -2.455419
    3005   -2.452648
    3006   -2.452648
    3007   -2.449817
    3008   -2.449817
    3009   -2.446952
    3010   -2.446952
    3011   -2.444042
    3012   -2.444042
    3013   -2.441043
    3014   -2.441043
    3015   -2.437945
    3016   -2.437945
    3017   -2.434761
    3018   -2.434761
    3019   -2.431490
    3020   -2.431490
    3021   -2.428121
    3022   -2.428121
    3023   -2.424638
    3024   -2.424638
    3025   -2.421029
    3026   -2.421029
    3027   -2.417300
    3028   -2.417300
    3029   -2.413476
    3030   -2.413476
    3031   -2.409554
    3032   -2.409554
    3033   -2.405512
    3034   -2.405512
    3035   -2.401342
    3036   -2.401342
    3037   -2.397044
    3038   -2.397044
    3039   -2.392605
    3040   -2.392605
    3041   -2.387998
    3042   -2.387998
    3043   -2.383213
    3044   -2.383213
    3045   -2.378253
    3046   -2.378253
    3047   -2.373128
    3048   -2.373128
    3049   -2.367834
    3050   -2.367834
    3051   -2.362354
    3052   -2.362354
    3053   -2.356662
    3054   -2.356662
    3055   -2.350724
    3056   -2.350724
    3057   -2.344514
    3058   -2.344514
    3059   -2.338128
    3060   -2.338128
    3061   -2.331747
    3062   -2.331747
    3063   -2.325314
    3064   -2.325314
    3065   -2.318615
    3066   -2.318615
    3067   -2.311578
    3068   -2.311578
    3069   -2.304234
    3070   -2.304234
    3071   -2.296558
    3072   -2.296558
    3073   -2.288489
    3074   -2.288489
    3075   -2.280006
    3076   -2.280006
    3077   -2.271090
    3078   -2.271090
    3079   -2.261713
    3080   -2.261713
    3081   -2.251851
    3082   -2.251851
    3083   -2.241456
    3084   -2.241456
    3085   -2.230570
    3086   -2.230570
    3087   -2.219711
    3088   -2.219711
    3089   -2.210096
    3090   -2.210096
    3091   -2.203281
    3092   -2.203281
    3093   -2.199299
    3094   -2.199299
    3095   -2.196311
    3096   -2.196311
    3097   -2.193039
    3098   -2.193039
    3099   -2.189241
    3100   -2.189241
    3101   -2.184810
    3102   -2.184810
    3103   -2.179714
    3104   -2.179714
    3105   -2.174038
    3106   -2.174038
    3107   -2.167805
    3108   -2.167805
    3109   -2.160788
    3110   -2.160788
    3111   -2.152718
    3112   -2.152718
    3113   -2.143667
    3114   -2.143667
    3115   -2.133712
    3116   -2.133712
    3117   -2.122761
    3118   -2.122761
    3119   -2.110786
    3120   -2.110786
    3121   -2.097707
    3122   -2.097707
    3123   -2.083383
    3124   -2.083383
    3125   -2.067757
    3126   -2.067757
    3127   -2.050720
    3128   -2.050720
    3129   -2.032079
    3130   -2.032079
    3131   -2.011810
    3132   -2.011810
    3133   -1.989860
    3134   -1.989860
    3135   -1.966043
    3136   -1.966043
    3137   -1.940073
    3138   -1.940073
    3139   -1.911627
    3140   -1.911627
    3141   -1.880429
    3142   -1.880429
    3143   -1.846084
    3144   -1.846084
    3145   -1.808140
    3146   -1.808140
    3147   -1.766080
    3148   -1.766080
    3149   -1.719202
    3150   -1.719202
    3151   -1.666451
    3152   -1.666451
    3153   -1.606621
    3154   -1.606621
    3155   -1.537410
    3156   -1.537410
    3157   -1.456320
    3158   -1.456320
    3159   -1.360412
    3160   -1.360412
    3161   -1.245992
    3162   -1.245992
    3163   -1.111645
    3164   -1.111645
    3165   -0.961964
    3166   -0.961964
    3167   -0.835557
    3168   -0.835557
    3169   -3.523072
    3170   -3.523072
    3171   -3.524505
    3172   -3.524505
    3173   -3.523897
    3174   -3.523897
    3175   -3.520014
    3176   -3.520014
    3177   -3.516493
    3178   -3.516493
    3179   -3.513917
    3180   -3.513917
    3181   -3.511403
    3182   -3.511403
    3183   -3.508797
    3184   -3.508797
    3185   -3.506033
    3186   -3.506033
    3187   -3.503073
    3188   -3.503073
    3189   -3.499907
    3190   -3.499907
    3191   -3.496544
    3192   -3.496544
    3193   -3.492999
    3194   -3.492999
    3195   -3.489296
    3196   -3.489296
    3197   -3.485474
    3198   -3.485474
    3199   -3.481578
    3200   -3.481578
    3201   -3.477609
    3202   -3.477609
    3203   -3.473543
    3204   -3.473543
    3205   -3.469392
    3206   -3.469392
    3207   -3.465196
    3208   -3.465196
    3209   -3.460937
    3210   -3.460937
    3211   -3.456552
    3212   -3.456552
    3213   -3.452011
    3214   -3.452011
    3215   -3.447308
    3216   -3.447308
    3217   -3.442430
    3218   -3.442430
    3219   -3.437362
    3220   -3.437362
    3221   -3.432089
    3222   -3.432089
    3223   -3.426602
    3224   -3.426602
    3225   -3.420915
    3226   -3.420915
    3227   -3.415065
    3228   -3.415065
    3229   -3.409057
    3230   -3.409057
    3231   -3.402877
    3232   -3.402877
    3233   -3.396520
    3234   -3.396520
    3235   -3.389987
    3236   -3.389987
    3237   -3.383259
    3238   -3.383259
    3239   -3.376301
    3240   -3.376301
    3241   -3.369090
    3242   -3.369090
    3243   -3.361606
    3244   -3.361606
    3245   -3.353849
    3246   -3.353849
    3247   -3.345827
    3248   -3.345827
    3249   -3.337514
    3250   -3.337514
    3251   -3.328884
    3252   -3.328884
    3253   -3.319907
    3254   -3.319907
    3255   -3.310546
    3256   -3.310546
    3257   -3.300926
    3258   -3.300926
    3259   -3.291270
    3260   -3.291270
    3261   -3.281498
    3262   -3.281498
    3263   -3.271334
    3264   -3.271334
    3265   -3.260665
    3266   -3.260665
    3267   -3.249487
    3268   -3.249487
    3269   -3.237799
    3270   -3.237799
    3271   -3.225586
    3272   -3.225586
    3273   -3.212821
    3274   -3.212821
    3275   -3.199481
    3276   -3.199481
    3277   -3.185530
    3278   -3.185530
    3279   -3.170934
    3280   -3.170934
    3281   -3.155608
    3282   -3.155608
    3283   -3.139513
    3284   -3.139513
    3285   -3.123158
    3286   -3.123158
    3287   -3.108422
    3288   -3.108422
    3289   -3.097841
    3290   -3.097841
    3291   -3.091255
    3292   -3.091255
    3293   -3.085932
    3294   -3.085932
    3295   -3.080292
    3296   -3.080292
    3297   -3.074077
    3298   -3.074077
    3299   -3.066975
    3300   -3.066975
    3301   -3.058779
    3302   -3.058779
    3303   -3.049401
    3304   -3.049401
    3305   -3.038935
    3306   -3.038935
    3307   -3.027389
    3308   -3.027389
    3309   -3.014408
    3310   -3.014408
    3311   -2.999986
    3312   -2.999986
    3313   -2.984212
    3314   -2.984212
    3315   -2.966984
    3316   -2.966984
    3317   -2.948207
    3318   -2.948207
    3319   -2.927746
    3320   -2.927746
    3321   -2.905531
    3322   -2.905531
    3323   -2.881514
    3324   -2.881514
    3325   -2.855486
    3326   -2.855486
    3327   -2.827118
    3328   -2.827118
    3329   -2.796321
    3330   -2.796321
    3331   -2.763031
    3332   -2.763031
    3333   -2.726958
    3334   -2.726958
    3335   -2.687746
    3336   -2.687746
    3337   -2.645033
    3338   -2.645033
    3339   -2.598334
    3340   -2.598334
    3341   -2.547020
    3342   -2.547020
    3343   -2.490376
    3344   -2.490376
    3345   -2.427665
    3346   -2.427665
    3347   -2.357975
    3348   -2.357975
    3349   -2.279771
    3350   -2.279771
    3351   -2.191088
    3352   -2.191088
    3353   -2.089442
    3354   -2.089442
    3355   -1.971635
    3356   -1.971635
    3357   -1.832944
    3358   -1.832944
    3359   -1.669991
    3360   -1.669991
    3361   -1.481517
    3362   -1.481517
    3363   -1.274678
    3364   -1.274678
    3365   -1.102966
    3366   -1.102966
    3367   -5.438919
    3368   -5.438919
    3369   -5.437681
    3370   -5.437681
    3371   -5.432776
    3372   -5.432776
    3373   -5.425242
    3374   -5.425242
    3375   -5.419625
    3376   -5.419625
    3377   -5.415598
    3378   -5.415598
    3379   -5.411752
    3380   -5.411752
    3381   -5.407788
    3382   -5.407788
    3383   -5.403577
    3384   -5.403577
    3385   -5.399035
    3386   -5.399035
    3387   -5.394143
    3388   -5.394143
    3389   -5.388929
    3390   -5.388929
    3391   -5.383427
    3392   -5.383427
    3393   -5.377660
    3394   -5.377660
    3395   -5.371650
    3396   -5.371650
    3397   -5.365406
    3398   -5.365406
    3399   -5.358949
    3400   -5.358949
    3401   -5.352340
    3402   -5.352340
    3403   -5.345627
    3404   -5.345627
    3405   -5.338823
    3406   -5.338823
    3407   -5.331894
    3408   -5.331894
    3409   -5.324784
    3410   -5.324784
    3411   -5.317435
    3412   -5.317435
    3413   -5.309785
    3414   -5.309785
    3415   -5.301794
    3416   -5.301794
    3417   -5.293442
    3418   -5.293442
    3419   -5.284726
    3420   -5.284726
    3421   -5.275654
    3422   -5.275654
    3423   -5.266240
    3424   -5.266240
    3425   -5.256507
    3426   -5.256507
    3427   -5.246478
    3428   -5.246478
    3429   -5.236174
    3430   -5.236174
    3431   -5.225593
    3432   -5.225593
    3433   -5.214721
    3434   -5.214721
    3435   -5.203536
    3436   -5.203536
    3437   -5.192012
    3438   -5.192012
    3439   -5.180115
    3440   -5.180115
    3441   -5.167778
    3442   -5.167778
    3443   -5.154967
    3444   -5.154967
    3445   -5.141701
    3446   -5.141701
    3447   -5.127965
    3448   -5.127965
    3449   -5.113715
    3450   -5.113715
    3451   -5.098925
    3452   -5.098925
    3453   -5.083580
    3454   -5.083580
    3455   -5.067823
    3456   -5.067823
    3457   -5.051855
    3458   -5.051855
    3459   -5.035549
    3460   -5.035549
    3461   -5.018589
    3462   -5.018589
    3463   -5.000830
    3464   -5.000830
    3465   -4.982238
    3466   -4.982238
    3467   -4.962834
    3468   -4.962834
    3469   -4.942633
    3470   -4.942633
    3471   -4.921597
    3472   -4.921597
    3473   -4.899703
    3474   -4.899703
    3475   -4.876895
    3476   -4.876895
    3477   -4.853098
    3478   -4.853098
    3479   -4.828216
    3480   -4.828216
    3481   -4.802234
    3482   -4.802234
    3483   -4.775447
    3484   -4.775447
    3485   -4.750484
    3486   -4.750484
    3487   -4.732074
    3488   -4.732074
    3489   -4.720400
    3490   -4.720400
    3491   -4.711129
    3492   -4.711129
    3493   -4.701606
    3494   -4.701606
    3495   -4.691068
    3496   -4.691068
    3497   -4.678977
    3498   -4.678977
    3499   -4.665054
    3500   -4.665054
    3501   -4.649156
    3502   -4.649156
    3503   -4.631311
    3504   -4.631311
    3505   -4.611532
    3506   -4.611532
    3507   -4.589574
    3508   -4.589574
    3509   -4.565377
    3510   -4.565377
    3511   -4.538937
    3512   -4.538937
    3513   -4.510114
    3514   -4.510114
    3515   -4.478712
    3516   -4.478712
    3517   -4.444544
    3518   -4.444544
    3519   -4.407545
    3520   -4.407545
    3521   -4.367608
    3522   -4.367608
    3523   -4.324451
    3524   -4.324451
    3525   -4.277613
    3526   -4.277613
    3527   -4.226777
    3528   -4.226777
    3529   -4.171772
    3530   -4.171772
    3531   -4.112247
    3532   -4.112247
    3533   -4.047682
    3534   -4.047682
    3535   -3.977532
    3536   -3.977532
    3537   -3.901029
    3538   -3.901029
    3539   -3.817142
    3540   -3.817142
    3541   -3.724614
    3542   -3.724614
    3543   -3.622210
    3544   -3.622210
    3545   -3.508451
    3546   -3.508451
    3547   -3.381137
    3548   -3.381137
    3549   -3.237354
    3550   -3.237354
    3551   -3.073406
    3552   -3.073406
    3553   -2.884369
    3554   -2.884369
    3555   -2.663727
    3556   -2.663727
    3557   -2.406426
    3558   -2.406426
    3559   -2.109904
    3560   -2.109904
    3561   -1.790076
    3562   -1.790076
    3563   -1.529448
    3564   -1.529448
    3565   -9.114905
    3566   -9.114905
    3567   -9.107510
    3568   -9.107510
    3569   -9.093191
    3570   -9.093191
    3571   -9.079313
    3572   -9.079313
    3573   -9.070820
    3574   -9.070820
    3575   -9.064353
    3576   -9.064353
    3577   -9.057995
    3578   -9.057995
    3579   -9.051356
    3580   -9.051356
    3581   -9.044256
    3582   -9.044256
    3583   -9.036578
    3584   -9.036578
    3585   -9.028296
    3586   -9.028296
    3587   -9.019454
    3588   -9.019454
    3589   -9.010119
    3590   -9.010119
    3591   -9.000318
    3592   -9.000318
    3593   -8.990040
    3594   -8.990040
    3595   -8.979231
    3596   -8.979231
    3597   -8.967944
    3598   -8.967944
    3599   -8.956404
    3600   -8.956404
    3601   -8.944735
    3602   -8.944735
    3603   -8.932895
    3604   -8.932895
    3605   -8.920808
    3606   -8.920808
    3607   -8.908413
    3608   -8.908413
    3609   -8.895611
    3610   -8.895611
    3611   -8.882274
    3612   -8.882274
    3613   -8.868295
    3614   -8.868295
    3615   -8.853624
    3616   -8.853624
    3617   -8.838293
    3618   -8.838293
    3619   -8.822335
    3620   -8.822335
    3621   -8.805767
    3622   -8.805767
    3623   -8.788589
    3624   -8.788589
    3625   -8.770856
    3626   -8.770856
    3627   -8.752650
    3628   -8.752650
    3629   -8.733973
    3630   -8.733973
    3631   -8.714780
    3632   -8.714780
    3633   -8.695037
    3634   -8.695037
    3635   -8.674726
    3636   -8.674726
    3637   -8.653809
    3638   -8.653809
    3639   -8.632169
    3640   -8.632169
    3641   -8.609672
    3642   -8.609672
    3643   -8.586338
    3644   -8.586338
    3645   -8.562205
    3646   -8.562205
    3647   -8.537166
    3648   -8.537166
    3649   -8.511187
    3650   -8.511187
    3651   -8.484313
    3652   -8.484313
    3653   -8.456734
    3654   -8.456734
    3655   -8.428702
    3656   -8.428702
    3657   -8.399965
    3658   -8.399965
    3659   -8.369997
    3660   -8.369997
    3661   -8.338614
    3662   -8.338614
    3663   -8.305778
    3664   -8.305778
    3665   -8.271554
    3666   -8.271554
    3667   -8.236004
    3668   -8.236004
    3669   -8.199041
    3670   -8.199041
    3671   -8.160650
    3672   -8.160650
    3673   -8.120746
    3674   -8.120746
    3675   -8.079155
    3676   -8.079155
    3677   -8.035737
    3678   -8.035737
    3679   -7.990549
    3680   -7.990549
    3681   -7.943626
    3682   -7.943626
    3683   -7.898806
    3684   -7.898806
    3685   -7.864780
    3686   -7.864780
    3687   -7.842973
    3688   -7.842973
    3689   -7.826879
    3690   -7.826879
    3691   -7.811243
    3692   -7.811243
    3693   -7.792900
    3694   -7.792900
    3695   -7.771217
    3696   -7.771217
    3697   -7.746557
    3698   -7.746557
    3699   -7.718648
    3700   -7.718648
    3701   -7.687315
    3702   -7.687315
    3703   -7.652423
    3704   -7.652423
    3705   -7.613810
    3706   -7.613810
    3707   -7.571367
    3708   -7.571367
    3709   -7.524974
    3710   -7.524974
    3711   -7.474363
    3712   -7.474363
    3713   -7.419202
    3714   -7.419202
    3715   -7.359219
    3716   -7.359219
    3717   -7.294225
    3718   -7.294225
    3719   -7.224009
    3720   -7.224009
    3721   -7.148235
    3722   -7.148235
    3723   -7.066166
    3724   -7.066166
    3725   -6.977050
    3726   -6.977050
    3727   -6.880445
    3728   -6.880445
    3729   -6.775997
    3730   -6.775997
    3731   -6.662962
    3732   -6.662962
    3733   -6.540154
    3734   -6.540154
    3735   -6.406352
    3736   -6.406352
    3737   -6.259960
    3738   -6.259960
    3739   -6.098607
    3740   -6.098607
    3741   -5.920036
    3742   -5.920036
    3743   -5.721620
    3744   -5.721620
    3745   -5.499962
    3746   -5.499962
    3747   -5.250476
    3748   -5.250476
    3749   -4.966868
    3750   -4.966868
    3751   -4.640467
    3752   -4.640467
    3753   -4.260954
    3754   -4.260954
    3755   -3.818071
    3756   -3.818071
    3757   -3.304905
    3758   -3.304905
    3759   -2.751675
    3760   -2.751675
    3761   -2.301373
    3762   -2.301373
    3763  -14.729353
    3764  -14.729353
    3765  -14.713649
    3766  -14.713649
    3767  -14.686095
    3768  -14.686095
    3769  -14.663356
    3770  -14.663356
    3771  -14.650798
    3772  -14.650798
    3773  -14.640630
    3774  -14.640630
    3775  -14.630467
    3776  -14.630467
    3777  -14.619729
    3778  -14.619729
    3779  -14.608189
    3780  -14.608189
    3781  -14.595716
    3782  -14.595716
    3783  -14.582268
    3784  -14.582268
    3785  -14.567892
    3786  -14.567892
    3787  -14.552704
    3788  -14.552704
    3789  -14.536745
    3790  -14.536745
    3791  -14.519974
    3792  -14.519974
    3793  -14.502240
    3794  -14.502240
    3795  -14.483624
    3796  -14.483624
    3797  -14.464610
    3798  -14.464610
    3799  -14.445441
    3800  -14.445441
    3801  -14.425995
    3802  -14.425995
    3803  -14.406120
    3804  -14.406120
    3805  -14.385734
    3806  -14.385734
    3807  -14.364675
    3808  -14.364675
    3809  -14.342754
    3810  -14.342754
    3811  -14.319751
    3812  -14.319751
    3813  -14.295545
    3814  -14.295545
    3815  -14.270230
    3816  -14.270230
    3817  -14.243876
    3818  -14.243876
    3819  -14.216513
    3820  -14.216513
    3821  -14.188107
    3822  -14.188107
    3823  -14.158762
    3824  -14.158762
    3825  -14.128655
    3826  -14.128655
    3827  -14.097783
    3828  -14.097783
    3829  -14.066057
    3830  -14.066057
    3831  -14.033422
    3832  -14.033422
    3833  -13.999853
    3834  -13.999853
    3835  -13.965320
    3836  -13.965320
    3837  -13.929660
    3838  -13.929660
    3839  -13.892555
    3840  -13.892555
    3841  -13.854025
    3842  -13.854025
    3843  -13.814216
    3844  -13.814216
    3845  -13.772888
    3846  -13.772888
    3847  -13.729993
    3848  -13.729993
    3849  -13.685665
    3850  -13.685665
    3851  -13.640185
    3852  -13.640185
    3853  -13.593997
    3854  -13.593997
    3855  -13.546629
    3856  -13.546629
    3857  -13.497099
    3858  -13.497099
    3859  -13.445178
    3860  -13.445178
    3861  -13.390845
    3862  -13.390845
    3863  -13.334258
    3864  -13.334258
    3865  -13.275555
    3866  -13.275555
    3867  -13.214542
    3868  -13.214542
    3869  -13.151220
    3870  -13.151220
    3871  -13.085467
    3872  -13.085467
    3873  -13.016940
    3874  -13.016940
    3875  -12.945395
    3876  -12.945395
    3877  -12.870776
    3878  -12.870776
    3879  -12.792576
    3880  -12.792576
    3881  -12.716986
    3882  -12.716986
    3883  -12.659265
    3884  -12.659265
    3885  -12.622309
    3886  -12.622309
    3887  -12.596573
    3888  -12.596573
    3889  -12.572842
    3890  -12.572842
    3891  -12.543082
    3892  -12.543082
    3893  -12.506855
    3894  -12.506855
    3895  -12.466178
    3896  -12.466178
    3897  -12.420322
    3898  -12.420322
    3899  -12.368803
    3900  -12.368803
    3901  -12.311363
    3902  -12.311363
    3903  -12.247836
    3904  -12.247836
    3905  -12.178034
    3906  -12.178034
    3907  -12.101758
    3908  -12.101758
    3909  -12.018504
    3910  -12.018504
    3911  -11.927722
    3912  -11.927722
    3913  -11.828980
    3914  -11.828980
    3915  -11.721877
    3916  -11.721877
    3917  -11.606140
    3918  -11.606140
    3919  -11.481376
    3920  -11.481376
    3921  -11.346289
    3922  -11.346289
    3923  -11.199468
    3924  -11.199468
    3925  -11.040044
    3926  -11.040044
    3927  -10.867791
    3928  -10.867791
    3929  -10.681694
    3930  -10.681694
    3931  -10.479337
    3932  -10.479337
    3933  -10.258912
    3934  -10.258912
    3935  -10.018151
    3936  -10.018151
    3937   -9.752828
    3938   -9.752828
    3939   -9.459168
    3940   -9.459168
    3941   -9.132923
    3942   -9.132923
    3943   -8.768840
    3944   -8.768840
    3945   -8.359586
    3946   -8.359586
    3947   -7.894877
    3948   -7.894877
    3949   -7.360114
    3950   -7.360114
    3951   -6.738661
    3952   -6.738661
    3953   -6.011263
    3954   -6.011263
    3955   -5.159624
    3956   -5.159624
    3957   -4.226891
    3958   -4.226891
    3959   -3.458606
    3960   -3.458606
