       1   -0.013585
       2   -0.013585
       3   -0.013492
       4   -0.013492
       5   -0.013371
       6   -0.013371
       7   -0.013339
       8   -0.013339
       9   -0.013361
      10   -0.013361
      11   -0.013367
      12   -0.013367
      13   -0.013362
      14   -0.013362
      15   -0.013356
      16   -0.013356
      17   -0.013349
      18   -0.013349
      19   -0.013342
      20   -0.013342
      21   -0.013334
      22   -0.013334
      23   -0.013322
      24   -0.013322
      25   -0.013307
      26   -0.013307
      27   -0.013289
      28   -0.013289
      29   -0.013271
      30   -0.013271
      31   -0.013256
      32   -0.013256
      33   -0.013243
      34   -0.013243
      35   -0.013228
      36   -0.013228
      37   -0.013211
      38   -0.013211
      39   -0.013191
      40   -0.013191
      41   -0.013169
      42   -0.013169
      43   -0.013148
      44   -0.013148
      45   -0.013125
      46   -0.013125
      47   -0.013099
      48   -0.013099
      49   -0.013072
      50   -0.013072
      51   -0.013046
      52   -0.013046
      53   -0.013020
      54   -0.013020
      55   -0.012991
      56   -0.012991
      57   -0.012960
      58   -0.012960
      59   -0.012928
      60   -0.012928
      61   -0.012894
      62   -0.012894
      63   -0.012860
      64   -0.012860
      65   -0.012825
      66   -0.012825
      67   -0.012789
      68   -0.012789
      69   -0.012753
      70   -0.012753
      71   -0.012716
      72   -0.012716
      73   -0.012676
      74   -0.012676
      75   -0.012631
      76   -0.012631
      77   -0.012581
      78   -0.012581
      79   -0.012530
      80   -0.012530
      81   -0.012478
      82   -0.012478
      83   -0.012425
      84   -0.012425
      85   -0.012369
      86   -0.012369
      87   -0.012306
      88   -0.012306
      89   -0.012239
      90   -0.012239
      91   -0.012170
      92   -0.012170
      93   -0.012094
      94   -0.012094
      95   -0.012019
      96   -0.012019
      97   -0.011942
      98   -0.011942
      99   -0.011855
     100   -0.011855
     101   -0.011767
     102   -0.011767
     103   -0.011679
     104   -0.011679
     105   -0.011571
     106   -0.011571
     107   -0.011430
     108   -0.011430
     109   -0.011259
     110   -0.011259
     111   -0.011060
     112   -0.011060
     113   -0.010838
     114   -0.010838
     115   -0.010589
     116   -0.010589
     117   -0.010316
     118   -0.010316
     119   -0.010120
     120   -0.010120
     121   -0.010075
     122   -0.010075
     123   -0.010104
     124   -0.010104
     125   -0.010136
     126   -0.010136
     127   -0.010153
     128   -0.010153
     129   -0.010150
     130   -0.010150
     131   -0.010124
     132   -0.010124
     133   -0.010079
     134   -0.010079
     135   -0.010026
     136   -0.010026
     137   -0.009959
     138   -0.009959
     139   -0.009884
     140   -0.009884
     141   -0.009802
     142   -0.009802
     143   -0.009712
     144   -0.009712
     145   -0.009615
     146   -0.009615
     147   -0.009512
     148   -0.009512
     149   -0.009393
     150   -0.009393
     151   -0.009257
     152   -0.009257
     153   -0.009114
     154   -0.009114
     155   -0.008957
     156   -0.008957
     157   -0.008782
     158   -0.008782
     159   -0.008591
     160   -0.008591
     161   -0.008390
     162   -0.008390
     163   -0.008180
     164   -0.008180
     165   -0.007931
     166   -0.007931
     167   -0.007626
     168   -0.007626
     169   -0.007283
     170   -0.007283
     171   -0.006912
     172   -0.006912
     173   -0.006493
     174   -0.006493
     175   -0.006007
     176   -0.006007
     177   -0.005460
     178   -0.005460
     179   -0.004865
     180   -0.004865
     181   -0.004202
     182   -0.004202
     183   -0.003485
     184   -0.003485
     185   -0.002745
     186   -0.002745
     187   -0.002020
     188   -0.002020
     189   -0.001341
     190   -0.001341
     191   -0.000836
     192   -0.000836
     193   -0.000099
     194   -0.000099
     195    0.001667
     196    0.001667
     197    0.003578
     198    0.003578
     199   -0.038694
     200   -0.038694
     201   -0.038523
     202   -0.038523
     203   -0.038325
     204   -0.038325
     205   -0.038294
     206   -0.038294
     207   -0.038338
     208   -0.038338
     209   -0.038345
     210   -0.038345
     211   -0.038331
     212   -0.038331
     213   -0.038314
     214   -0.038314
     215   -0.038297
     216   -0.038297
     217   -0.038277
     218   -0.038277
     219   -0.038252
     220   -0.038252
     221   -0.038222
     222   -0.038222
     223   -0.038182
     224   -0.038182
     225   -0.038136
     226   -0.038136
     227   -0.038090
     228   -0.038090
     229   -0.038047
     230   -0.038047
     231   -0.038006
     232   -0.038006
     233   -0.037961
     234   -0.037961
     235   -0.037910
     236   -0.037910
     237   -0.037853
     238   -0.037853
     239   -0.037791
     240   -0.037791
     241   -0.037728
     242   -0.037728
     243   -0.037662
     244   -0.037662
     245   -0.037589
     246   -0.037589
     247   -0.037514
     248   -0.037514
     249   -0.037441
     250   -0.037441
     251   -0.037366
     252   -0.037366
     253   -0.037284
     254   -0.037284
     255   -0.037197
     256   -0.037197
     257   -0.037106
     258   -0.037106
     259   -0.037012
     260   -0.037012
     261   -0.036915
     262   -0.036915
     263   -0.036816
     264   -0.036816
     265   -0.036716
     266   -0.036716
     267   -0.036614
     268   -0.036614
     269   -0.036511
     270   -0.036511
     271   -0.036400
     272   -0.036400
     273   -0.036273
     274   -0.036273
     275   -0.036134
     276   -0.036134
     277   -0.035989
     278   -0.035989
     279   -0.035840
     280   -0.035840
     281   -0.035689
     282   -0.035689
     283   -0.035530
     284   -0.035530
     285   -0.035354
     286   -0.035354
     287   -0.035171
     288   -0.035171
     289   -0.034978
     290   -0.034978
     291   -0.034770
     292   -0.034770
     293   -0.034557
     294   -0.034557
     295   -0.034334
     296   -0.034334
     297   -0.034090
     298   -0.034090
     299   -0.033845
     300   -0.033845
     301   -0.033598
     302   -0.033598
     303   -0.033301
     304   -0.033301
     305   -0.032912
     306   -0.032912
     307   -0.032440
     308   -0.032440
     309   -0.031898
     310   -0.031898
     311   -0.031297
     312   -0.031297
     313   -0.030624
     314   -0.030624
     315   -0.029888
     316   -0.029888
     317   -0.029358
     318   -0.029358
     319   -0.029228
     320   -0.029228
     321   -0.029304
     322   -0.029304
     323   -0.029396
     324   -0.029396
     325   -0.029451
     326   -0.029451
     327   -0.029447
     328   -0.029447
     329   -0.029379
     330   -0.029379
     331   -0.029268
     332   -0.029268
     333   -0.029131
     334   -0.029131
     335   -0.028957
     336   -0.028957
     337   -0.028758
     338   -0.028758
     339   -0.028536
     340   -0.028536
     341   -0.028289
     342   -0.028289
     343   -0.028021
     344   -0.028021
     345   -0.027734
     346   -0.027734
     347   -0.027400
     348   -0.027400
     349   -0.027025
     350   -0.027025
     351   -0.026633
     352   -0.026633
     353   -0.026200
     354   -0.026200
     355   -0.025716
     356   -0.025716
     357   -0.025187
     358   -0.025187
     359   -0.024624
     360   -0.024624
     361   -0.024032
     362   -0.024032
     363   -0.023339
     364   -0.023339
     365   -0.022512
     366   -0.022512
     367   -0.021588
     368   -0.021588
     369   -0.020583
     370   -0.020583
     371   -0.019446
     372   -0.019446
     373   -0.018125
     374   -0.018125
     375   -0.016644
     376   -0.016644
     377   -0.015032
     378   -0.015032
     379   -0.013235
     380   -0.013235
     381   -0.011304
     382   -0.011304
     383   -0.009333
     384   -0.009333
     385   -0.007435
     386   -0.007435
     387   -0.005692
     388   -0.005692
     389   -0.004282
     390   -0.004282
     391   -0.002424
     392   -0.002424
     393    0.001071
     394    0.001071
     395    0.004408
     396    0.004408
     397   -0.060411
     398   -0.060411
     399   -0.060278
     400   -0.060278
     401   -0.060167
     402   -0.060167
     403   -0.060198
     404   -0.060198
     405   -0.060251
     406   -0.060251
     407   -0.060253
     408   -0.060253
     409   -0.060237
     410   -0.060237
     411   -0.060214
     412   -0.060214
     413   -0.060190
     414   -0.060190
     415   -0.060160
     416   -0.060160
     417   -0.060121
     418   -0.060121
     419   -0.060076
     420   -0.060076
     421   -0.060021
     422   -0.060021
     423   -0.059959
     424   -0.059959
     425   -0.059894
     426   -0.059894
     427   -0.059827
     428   -0.059827
     429   -0.059758
     430   -0.059758
     431   -0.059683
     432   -0.059683
     433   -0.059600
     434   -0.059600
     435   -0.059509
     436   -0.059509
     437   -0.059411
     438   -0.059411
     439   -0.059310
     440   -0.059310
     441   -0.059206
     442   -0.059206
     443   -0.059095
     444   -0.059095
     445   -0.058983
     446   -0.058983
     447   -0.058869
     448   -0.058869
     449   -0.058750
     450   -0.058750
     451   -0.058624
     452   -0.058624
     453   -0.058491
     454   -0.058491
     455   -0.058352
     456   -0.058352
     457   -0.058208
     458   -0.058208
     459   -0.058060
     460   -0.058060
     461   -0.057908
     462   -0.057908
     463   -0.057754
     464   -0.057754
     465   -0.057600
     466   -0.057600
     467   -0.057445
     468   -0.057445
     469   -0.057280
     470   -0.057280
     471   -0.057087
     472   -0.057087
     473   -0.056872
     474   -0.056872
     475   -0.056647
     476   -0.056647
     477   -0.056415
     478   -0.056415
     479   -0.056181
     480   -0.056181
     481   -0.055937
     482   -0.055937
     483   -0.055674
     484   -0.055674
     485   -0.055400
     486   -0.055400
     487   -0.055113
     488   -0.055113
     489   -0.054801
     490   -0.054801
     491   -0.054471
     492   -0.054471
     493   -0.054120
     494   -0.054120
     495   -0.053746
     496   -0.053746
     497   -0.053373
     498   -0.053373
     499   -0.052995
     500   -0.052995
     501   -0.052542
     502   -0.052542
     503   -0.051958
     504   -0.051958
     505   -0.051262
     506   -0.051262
     507   -0.050484
     508   -0.050484
     509   -0.049628
     510   -0.049628
     511   -0.048675
     512   -0.048675
     513   -0.047664
     514   -0.047664
     515   -0.046920
     516   -0.046920
     517   -0.046690
     518   -0.046690
     519   -0.046773
     520   -0.046773
     521   -0.046912
     522   -0.046912
     523   -0.047001
     524   -0.047001
     525   -0.047003
     526   -0.047003
     527   -0.046912
     528   -0.046912
     529   -0.046763
     530   -0.046763
     531   -0.046575
     532   -0.046575
     533   -0.046336
     534   -0.046336
     535   -0.046057
     536   -0.046057
     537   -0.045740
     538   -0.045740
     539   -0.045385
     540   -0.045385
     541   -0.044991
     542   -0.044991
     543   -0.044556
     544   -0.044556
     545   -0.044062
     546   -0.044062
     547   -0.043520
     548   -0.043520
     549   -0.042948
     550   -0.042948
     551   -0.042317
     552   -0.042317
     553   -0.041610
     554   -0.041610
     555   -0.040831
     556   -0.040831
     557   -0.039995
     558   -0.039995
     559   -0.039103
     560   -0.039103
     561   -0.038093
     562   -0.038093
     563   -0.036936
     564   -0.036936
     565   -0.035649
     566   -0.035649
     567   -0.034245
     568   -0.034245
     569   -0.032655
     570   -0.032655
     571   -0.030810
     572   -0.030810
     573   -0.028749
     574   -0.028749
     575   -0.026486
     576   -0.026486
     577   -0.023971
     578   -0.023971
     579   -0.021278
     580   -0.021278
     581   -0.018537
     582   -0.018537
     583   -0.015908
     584   -0.015908
     585   -0.013408
     586   -0.013408
     587   -0.010669
     588   -0.010669
     589   -0.007274
     590   -0.007274
     591   -0.003725
     592   -0.003725
     593   -0.001405
     594   -0.001405
     595   -0.080647
     596   -0.080647
     597   -0.080511
     598   -0.080511
     599   -0.080405
     600   -0.080405
     601   -0.080448
     602   -0.080448
     603   -0.080510
     604   -0.080510
     605   -0.080521
     606   -0.080521
     607   -0.080509
     608   -0.080509
     609   -0.080485
     610   -0.080485
     611   -0.080453
     612   -0.080453
     613   -0.080412
     614   -0.080412
     615   -0.080361
     616   -0.080361
     617   -0.080300
     618   -0.080300
     619   -0.080230
     620   -0.080230
     621   -0.080151
     622   -0.080151
     623   -0.080068
     624   -0.080068
     625   -0.079980
     626   -0.079980
     627   -0.079885
     628   -0.079885
     629   -0.079780
     630   -0.079780
     631   -0.079666
     632   -0.079666
     633   -0.079543
     634   -0.079543
     635   -0.079413
     636   -0.079413
     637   -0.079277
     638   -0.079277
     639   -0.079138
     640   -0.079138
     641   -0.078994
     642   -0.078994
     643   -0.078847
     644   -0.078847
     645   -0.078695
     646   -0.078695
     647   -0.078538
     648   -0.078538
     649   -0.078372
     650   -0.078372
     651   -0.078198
     652   -0.078198
     653   -0.078017
     654   -0.078017
     655   -0.077830
     656   -0.077830
     657   -0.077637
     658   -0.077637
     659   -0.077439
     660   -0.077439
     661   -0.077238
     662   -0.077238
     663   -0.077035
     664   -0.077035
     665   -0.076835
     666   -0.076835
     667   -0.076622
     668   -0.076622
     669   -0.076375
     670   -0.076375
     671   -0.076096
     672   -0.076096
     673   -0.075802
     674   -0.075802
     675   -0.075502
     676   -0.075502
     677   -0.075198
     678   -0.075198
     679   -0.074881
     680   -0.074881
     681   -0.074546
     682   -0.074546
     683   -0.074196
     684   -0.074196
     685   -0.073825
     686   -0.073825
     687   -0.073425
     688   -0.073425
     689   -0.072992
     690   -0.072992
     691   -0.072530
     692   -0.072530
     693   -0.072043
     694   -0.072043
     695   -0.071542
     696   -0.071542
     697   -0.071015
     698   -0.071015
     699   -0.070399
     700   -0.070399
     701   -0.069652
     702   -0.069652
     703   -0.068800
     704   -0.068800
     705   -0.067866
     706   -0.067866
     707   -0.066840
     708   -0.066840
     709   -0.065720
     710   -0.065720
     711   -0.064594
     712   -0.064594
     713   -0.063737
     714   -0.063737
     715   -0.063390
     716   -0.063390
     717   -0.063427
     718   -0.063427
     719   -0.063571
     720   -0.063571
     721   -0.063677
     722   -0.063677
     723   -0.063685
     724   -0.063685
     725   -0.063589
     726   -0.063589
     727   -0.063420
     728   -0.063420
     729   -0.063193
     730   -0.063193
     731   -0.062907
     732   -0.062907
     733   -0.062568
     734   -0.062568
     735   -0.062183
     736   -0.062183
     737   -0.061752
     738   -0.061752
     739   -0.061265
     740   -0.061265
     741   -0.060718
     742   -0.060718
     743   -0.060112
     744   -0.060112
     745   -0.059458
     746   -0.059458
     747   -0.058754
     748   -0.058754
     749   -0.057974
     750   -0.057974
     751   -0.057110
     752   -0.057110
     753   -0.056162
     754   -0.056162
     755   -0.055136
     756   -0.055136
     757   -0.054031
     758   -0.054031
     759   -0.052828
     760   -0.052828
     761   -0.051505
     762   -0.051505
     763   -0.050037
     764   -0.050037
     765   -0.048439
     766   -0.048439
     767   -0.046640
     768   -0.046640
     769   -0.044568
     770   -0.044568
     771   -0.042260
     772   -0.042260
     773   -0.039694
     774   -0.039694
     775   -0.036850
     776   -0.036850
     777   -0.033765
     778   -0.033765
     779   -0.030616
     780   -0.030616
     781   -0.027525
     782   -0.027525
     783   -0.024234
     784   -0.024234
     785   -0.019612
     786   -0.019612
     787   -0.013828
     788   -0.013828
     789   -0.009444
     790   -0.009444
     791   -0.007255
     792   -0.007255
     793   -0.101375
     794   -0.101375
     795   -0.101165
     796   -0.101165
     797   -0.100961
     798   -0.100961
     799   -0.100977
     800   -0.100977
     801   -0.101073
     802   -0.101073
     803   -0.101112
     804   -0.101112
     805   -0.101108
     806   -0.101108
     807   -0.101076
     808   -0.101076
     809   -0.101030
     810   -0.101030
     811   -0.100972
     812   -0.100972
     813   -0.100903
     814   -0.100903
     815   -0.100823
     816   -0.100823
     817   -0.100732
     818   -0.100732
     819   -0.100632
     820   -0.100632
     821   -0.100525
     822   -0.100525
     823   -0.100412
     824   -0.100412
     825   -0.100291
     826   -0.100291
     827   -0.100158
     828   -0.100158
     829   -0.100014
     830   -0.100014
     831   -0.099859
     832   -0.099859
     833   -0.099695
     834   -0.099695
     835   -0.099526
     836   -0.099526
     837   -0.099353
     838   -0.099353
     839   -0.099176
     840   -0.099176
     841   -0.098993
     842   -0.098993
     843   -0.098805
     844   -0.098805
     845   -0.098610
     846   -0.098610
     847   -0.098406
     848   -0.098406
     849   -0.098194
     850   -0.098194
     851   -0.097972
     852   -0.097972
     853   -0.097742
     854   -0.097742
     855   -0.097505
     856   -0.097505
     857   -0.097261
     858   -0.097261
     859   -0.097013
     860   -0.097013
     861   -0.096761
     862   -0.096761
     863   -0.096508
     864   -0.096508
     865   -0.096242
     866   -0.096242
     867   -0.095944
     868   -0.095944
     869   -0.095612
     870   -0.095612
     871   -0.095261
     872   -0.095261
     873   -0.094903
     874   -0.094903
     875   -0.094536
     876   -0.094536
     877   -0.094152
     878   -0.094152
     879   -0.093750
     880   -0.093750
     881   -0.093326
     882   -0.093326
     883   -0.092874
     884   -0.092874
     885   -0.092387
     886   -0.092387
     887   -0.091862
     888   -0.091862
     889   -0.091301
     890   -0.091301
     891   -0.090702
     892   -0.090702
     893   -0.090057
     894   -0.090057
     895   -0.089349
     896   -0.089349
     897   -0.088556
     898   -0.088556
     899   -0.087675
     900   -0.087675
     901   -0.086715
     902   -0.086715
     903   -0.085667
     904   -0.085667
     905   -0.084514
     906   -0.084514
     907   -0.083283
     908   -0.083283
     909   -0.082087
     910   -0.082087
     911   -0.081152
     912   -0.081152
     913   -0.080698
     914   -0.080698
     915   -0.080651
     916   -0.080651
     917   -0.080743
     918   -0.080743
     919   -0.080823
     920   -0.080823
     921   -0.080825
     922   -0.080825
     923   -0.080723
     924   -0.080723
     925   -0.080536
     926   -0.080536
     927   -0.080267
     928   -0.080267
     929   -0.079921
     930   -0.079921
     931   -0.079516
     932   -0.079516
     933   -0.079060
     934   -0.079060
     935   -0.078548
     936   -0.078548
     937   -0.077972
     938   -0.077972
     939   -0.077326
     940   -0.077326
     941   -0.076618
     942   -0.076618
     943   -0.075854
     944   -0.075854
     945   -0.075019
     946   -0.075019
     947   -0.074092
     948   -0.074092
     949   -0.073077
     950   -0.073077
     951   -0.071983
     952   -0.071983
     953   -0.070804
     954   -0.070804
     955   -0.069525
     956   -0.069525
     957   -0.068153
     958   -0.068153
     959   -0.066680
     960   -0.066680
     961   -0.065064
     962   -0.065064
     963   -0.063317
     964   -0.063317
     965   -0.061378
     966   -0.061378
     967   -0.059185
     968   -0.059185
     969   -0.056740
     970   -0.056740
     971   -0.053997
     972   -0.053997
     973   -0.050927
     974   -0.050927
     975   -0.047490
     976   -0.047490
     977   -0.044096
     978   -0.044096
     979   -0.040731
     980   -0.040731
     981   -0.036550
     982   -0.036550
     983   -0.030592
     984   -0.030592
     985   -0.023445
     986   -0.023445
     987   -0.017786
     988   -0.017786
     989   -0.014501
     990   -0.014501
     991   -0.124060
     992   -0.124060
     993   -0.123845
     994   -0.123845
     995   -0.123634
     996   -0.123634
     997   -0.123645
     998   -0.123645
     999   -0.123720
    1000   -0.123720
    1001   -0.123726
    1002   -0.123726
    1003   -0.123691
    1004   -0.123691
    1005   -0.123631
    1006   -0.123631
    1007   -0.123557
    1008   -0.123557
    1009   -0.123471
    1010   -0.123471
    1011   -0.123377
    1012   -0.123377
    1013   -0.123271
    1014   -0.123271
    1015   -0.123154
    1016   -0.123154
    1017   -0.123027
    1018   -0.123027
    1019   -0.122891
    1020   -0.122891
    1021   -0.122747
    1022   -0.122747
    1023   -0.122595
    1024   -0.122595
    1025   -0.122432
    1026   -0.122432
    1027   -0.122256
    1028   -0.122256
    1029   -0.122066
    1030   -0.122066
    1031   -0.121867
    1032   -0.121867
    1033   -0.121663
    1034   -0.121663
    1035   -0.121456
    1036   -0.121456
    1037   -0.121245
    1038   -0.121245
    1039   -0.121028
    1040   -0.121028
    1041   -0.120804
    1042   -0.120804
    1043   -0.120571
    1044   -0.120571
    1045   -0.120328
    1046   -0.120328
    1047   -0.120075
    1048   -0.120075
    1049   -0.119811
    1050   -0.119811
    1051   -0.119537
    1052   -0.119537
    1053   -0.119252
    1054   -0.119252
    1055   -0.118960
    1056   -0.118960
    1057   -0.118661
    1058   -0.118661
    1059   -0.118358
    1060   -0.118358
    1061   -0.118047
    1062   -0.118047
    1063   -0.117720
    1064   -0.117720
    1065   -0.117368
    1066   -0.117368
    1067   -0.116987
    1068   -0.116987
    1069   -0.116587
    1070   -0.116587
    1071   -0.116171
    1072   -0.116171
    1073   -0.115738
    1074   -0.115738
    1075   -0.115286
    1076   -0.115286
    1077   -0.114815
    1078   -0.114815
    1079   -0.114315
    1080   -0.114315
    1081   -0.113782
    1082   -0.113782
    1083   -0.113215
    1084   -0.113215
    1085   -0.112607
    1086   -0.112607
    1087   -0.111958
    1088   -0.111958
    1089   -0.111255
    1090   -0.111255
    1091   -0.110480
    1092   -0.110480
    1093   -0.109618
    1094   -0.109618
    1095   -0.108690
    1096   -0.108690
    1097   -0.107712
    1098   -0.107712
    1099   -0.106665
    1100   -0.106665
    1101   -0.105514
    1102   -0.105514
    1103   -0.104251
    1104   -0.104251
    1105   -0.102916
    1106   -0.102916
    1107   -0.101616
    1108   -0.101616
    1109   -0.100552
    1110   -0.100552
    1111   -0.099947
    1112   -0.099947
    1113   -0.099765
    1114   -0.099765
    1115   -0.099756
    1116   -0.099756
    1117   -0.099752
    1118   -0.099752
    1119   -0.099683
    1120   -0.099683
    1121   -0.099516
    1122   -0.099516
    1123   -0.099264
    1124   -0.099264
    1125   -0.098936
    1126   -0.098936
    1127   -0.098525
    1128   -0.098525
    1129   -0.098044
    1130   -0.098044
    1131   -0.097494
    1132   -0.097494
    1133   -0.096871
    1134   -0.096871
    1135   -0.096181
    1136   -0.096181
    1137   -0.095420
    1138   -0.095420
    1139   -0.094587
    1140   -0.094587
    1141   -0.093681
    1142   -0.093681
    1143   -0.092686
    1144   -0.092686
    1145   -0.091586
    1146   -0.091586
    1147   -0.090386
    1148   -0.090386
    1149   -0.089107
    1150   -0.089107
    1151   -0.087726
    1152   -0.087726
    1153   -0.086219
    1154   -0.086219
    1155   -0.084600
    1156   -0.084600
    1157   -0.082866
    1158   -0.082866
    1159   -0.080987
    1160   -0.080987
    1161   -0.078968
    1162   -0.078968
    1163   -0.076770
    1164   -0.076770
    1165   -0.074332
    1166   -0.074332
    1167   -0.071619
    1168   -0.071619
    1169   -0.068572
    1170   -0.068572
    1171   -0.065109
    1172   -0.065109
    1173   -0.061125
    1174   -0.061125
    1175   -0.057301
    1176   -0.057301
    1177   -0.053511
    1178   -0.053511
    1179   -0.048382
    1180   -0.048382
    1181   -0.041878
    1182   -0.041878
    1183   -0.034711
    1184   -0.034711
    1185   -0.028077
    1186   -0.028077
    1187   -0.023421
    1188   -0.023421
    1189   -0.150019
    1190   -0.150019
    1191   -0.149887
    1192   -0.149887
    1193   -0.149771
    1194   -0.149771
    1195   -0.149745
    1196   -0.149745
    1197   -0.149692
    1198   -0.149692
    1199   -0.149591
    1200   -0.149591
    1201   -0.149487
    1202   -0.149487
    1203   -0.149374
    1204   -0.149374
    1205   -0.149252
    1206   -0.149252
    1207   -0.149125
    1208   -0.149125
    1209   -0.148993
    1210   -0.148993
    1211   -0.148853
    1212   -0.148853
    1213   -0.148702
    1214   -0.148702
    1215   -0.148541
    1216   -0.148541
    1217   -0.148371
    1218   -0.148371
    1219   -0.148191
    1220   -0.148191
    1221   -0.148002
    1222   -0.148002
    1223   -0.147801
    1224   -0.147801
    1225   -0.147586
    1226   -0.147586
    1227   -0.147356
    1228   -0.147356
    1229   -0.147117
    1230   -0.147117
    1231   -0.146876
    1232   -0.146876
    1233   -0.146637
    1234   -0.146637
    1235   -0.146392
    1236   -0.146392
    1237   -0.146139
    1238   -0.146139
    1239   -0.145878
    1240   -0.145878
    1241   -0.145606
    1242   -0.145606
    1243   -0.145322
    1244   -0.145322
    1245   -0.145025
    1246   -0.145025
    1247   -0.144715
    1248   -0.144715
    1249   -0.144392
    1250   -0.144392
    1251   -0.144053
    1252   -0.144053
    1253   -0.143705
    1254   -0.143705
    1255   -0.143352
    1256   -0.143352
    1257   -0.142996
    1258   -0.142996
    1259   -0.142627
    1260   -0.142627
    1261   -0.142241
    1262   -0.142241
    1263   -0.141834
    1264   -0.141834
    1265   -0.141403
    1266   -0.141403
    1267   -0.140947
    1268   -0.140947
    1269   -0.140466
    1270   -0.140466
    1271   -0.139962
    1272   -0.139962
    1273   -0.139437
    1274   -0.139437
    1275   -0.138890
    1276   -0.138890
    1277   -0.138312
    1278   -0.138312
    1279   -0.137701
    1280   -0.137701
    1281   -0.137057
    1282   -0.137057
    1283   -0.136374
    1284   -0.136374
    1285   -0.135642
    1286   -0.135642
    1287   -0.134852
    1288   -0.134852
    1289   -0.133986
    1290   -0.133986
    1291   -0.133039
    1292   -0.133039
    1293   -0.132035
    1294   -0.132035
    1295   -0.130981
    1296   -0.130981
    1297   -0.129843
    1298   -0.129843
    1299   -0.128590
    1300   -0.128590
    1301   -0.127222
    1302   -0.127222
    1303   -0.125787
    1304   -0.125787
    1305   -0.124363
    1306   -0.124363
    1307   -0.123116
    1308   -0.123116
    1309   -0.122298
    1310   -0.122298
    1311   -0.121948
    1312   -0.121948
    1313   -0.121818
    1314   -0.121818
    1315   -0.121687
    1316   -0.121687
    1317   -0.121478
    1318   -0.121478
    1319   -0.121175
    1320   -0.121175
    1321   -0.120795
    1322   -0.120795
    1323   -0.120365
    1324   -0.120365
    1325   -0.119872
    1326   -0.119872
    1327   -0.119288
    1328   -0.119288
    1329   -0.118608
    1330   -0.118608
    1331   -0.117840
    1332   -0.117840
    1333   -0.117000
    1334   -0.117000
    1335   -0.116091
    1336   -0.116091
    1337   -0.115101
    1338   -0.115101
    1339   -0.114013
    1340   -0.114013
    1341   -0.112818
    1342   -0.112818
    1343   -0.111514
    1344   -0.111514
    1345   -0.110097
    1346   -0.110097
    1347   -0.108569
    1348   -0.108569
    1349   -0.106912
    1350   -0.106912
    1351   -0.105108
    1352   -0.105108
    1353   -0.103166
    1354   -0.103166
    1355   -0.101076
    1356   -0.101076
    1357   -0.098828
    1358   -0.098828
    1359   -0.096416
    1360   -0.096416
    1361   -0.093814
    1362   -0.093814
    1363   -0.090972
    1364   -0.090972
    1365   -0.087832
    1366   -0.087832
    1367   -0.084328
    1368   -0.084328
    1369   -0.080406
    1370   -0.080406
    1371   -0.075882
    1372   -0.075882
    1373   -0.071158
    1374   -0.071158
    1375   -0.066293
    1376   -0.066293
    1377   -0.060290
    1378   -0.060290
    1379   -0.053355
    1380   -0.053355
    1381   -0.045885
    1382   -0.045885
    1383   -0.038160
    1384   -0.038160
    1385   -0.032207
    1386   -0.032207
    1387   -0.180650
    1388   -0.180650
    1389   -0.180478
    1390   -0.180478
    1391   -0.180253
    1392   -0.180253
    1393   -0.180046
    1394   -0.180046
    1395   -0.179824
    1396   -0.179824
    1397   -0.179595
    1398   -0.179595
    1399   -0.179382
    1400   -0.179382
    1401   -0.179170
    1402   -0.179170
    1403   -0.178960
    1404   -0.178960
    1405   -0.178762
    1406   -0.178762
    1407   -0.178575
    1408   -0.178575
    1409   -0.178389
    1410   -0.178389
    1411   -0.178197
    1412   -0.178197
    1413   -0.177998
    1414   -0.177998
    1415   -0.177791
    1416   -0.177791
    1417   -0.177571
    1418   -0.177571
    1419   -0.177340
    1420   -0.177340
    1421   -0.177097
    1422   -0.177097
    1423   -0.176838
    1424   -0.176838
    1425   -0.176564
    1426   -0.176564
    1427   -0.176278
    1428   -0.176278
    1429   -0.175995
    1430   -0.175995
    1431   -0.175718
    1432   -0.175718
    1433   -0.175434
    1434   -0.175434
    1435   -0.175141
    1436   -0.175141
    1437   -0.174839
    1438   -0.174839
    1439   -0.174525
    1440   -0.174525
    1441   -0.174196
    1442   -0.174196
    1443   -0.173852
    1444   -0.173852
    1445   -0.173493
    1446   -0.173493
    1447   -0.173115
    1448   -0.173115
    1449   -0.172719
    1450   -0.172719
    1451   -0.172309
    1452   -0.172309
    1453   -0.171898
    1454   -0.171898
    1455   -0.171484
    1456   -0.171484
    1457   -0.171057
    1458   -0.171057
    1459   -0.170612
    1460   -0.170612
    1461   -0.170148
    1462   -0.170148
    1463   -0.169663
    1464   -0.169663
    1465   -0.169146
    1466   -0.169146
    1467   -0.168596
    1468   -0.168596
    1469   -0.168020
    1470   -0.168020
    1471   -0.167420
    1472   -0.167420
    1473   -0.166795
    1474   -0.166795
    1475   -0.166140
    1476   -0.166140
    1477   -0.165449
    1478   -0.165449
    1479   -0.164723
    1480   -0.164723
    1481   -0.163958
    1482   -0.163958
    1483   -0.163140
    1484   -0.163140
    1485   -0.162263
    1486   -0.162263
    1487   -0.161320
    1488   -0.161320
    1489   -0.160307
    1490   -0.160307
    1491   -0.159233
    1492   -0.159233
    1493   -0.158095
    1494   -0.158095
    1495   -0.156866
    1496   -0.156866
    1497   -0.155527
    1498   -0.155527
    1499   -0.154089
    1500   -0.154089
    1501   -0.152589
    1502   -0.152589
    1503   -0.151091
    1504   -0.151091
    1505   -0.149748
    1506   -0.149748
    1507   -0.148829
    1508   -0.148829
    1509   -0.148391
    1510   -0.148391
    1511   -0.148170
    1512   -0.148170
    1513   -0.147934
    1514   -0.147934
    1515   -0.147609
    1516   -0.147609
    1517   -0.147177
    1518   -0.147177
    1519   -0.146645
    1520   -0.146645
    1521   -0.146050
    1522   -0.146050
    1523   -0.145386
    1524   -0.145386
    1525   -0.144626
    1526   -0.144626
    1527   -0.143769
    1528   -0.143769
    1529   -0.142824
    1530   -0.142824
    1531   -0.141795
    1532   -0.141795
    1533   -0.140694
    1534   -0.140694
    1535   -0.139507
    1536   -0.139507
    1537   -0.138206
    1538   -0.138206
    1539   -0.136785
    1540   -0.136785
    1541   -0.135253
    1542   -0.135253
    1543   -0.133593
    1544   -0.133593
    1545   -0.131784
    1546   -0.131784
    1547   -0.129826
    1548   -0.129826
    1549   -0.127707
    1550   -0.127707
    1551   -0.125425
    1552   -0.125425
    1553   -0.122974
    1554   -0.122974
    1555   -0.120350
    1556   -0.120350
    1557   -0.117522
    1558   -0.117522
    1559   -0.114463
    1560   -0.114463
    1561   -0.111142
    1562   -0.111142
    1563   -0.107481
    1564   -0.107481
    1565   -0.103407
    1566   -0.103407
    1567   -0.099005
    1568   -0.099005
    1569   -0.094045
    1570   -0.094045
    1571   -0.088206
    1572   -0.088206
    1573   -0.081870
    1574   -0.081870
    1575   -0.074975
    1576   -0.074975
    1577   -0.067216
    1578   -0.067216
    1579   -0.058480
    1580   -0.058480
    1581   -0.049109
    1582   -0.049109
    1583   -0.041670
    1584   -0.041670
    1585   -0.217676
    1586   -0.217676
    1587   -0.217289
    1588   -0.217289
    1589   -0.216727
    1590   -0.216727
    1591   -0.216225
    1592   -0.216225
    1593   -0.215793
    1594   -0.215793
    1595   -0.215396
    1596   -0.215396
    1597   -0.215016
    1598   -0.215016
    1599   -0.214646
    1600   -0.214646
    1601   -0.214307
    1602   -0.214307
    1603   -0.214008
    1604   -0.214008
    1605   -0.213741
    1606   -0.213741
    1607   -0.213490
    1608   -0.213490
    1609   -0.213247
    1610   -0.213247
    1611   -0.213006
    1612   -0.213006
    1613   -0.212758
    1614   -0.212758
    1615   -0.212495
    1616   -0.212495
    1617   -0.212217
    1618   -0.212217
    1619   -0.211927
    1620   -0.211927
    1621   -0.211624
    1622   -0.211624
    1623   -0.211303
    1624   -0.211303
    1625   -0.210969
    1626   -0.210969
    1627   -0.210635
    1628   -0.210635
    1629   -0.210304
    1630   -0.210304
    1631   -0.209969
    1632   -0.209969
    1633   -0.209626
    1634   -0.209626
    1635   -0.209278
    1636   -0.209278
    1637   -0.208921
    1638   -0.208921
    1639   -0.208547
    1640   -0.208547
    1641   -0.208153
    1642   -0.208153
    1643   -0.207739
    1644   -0.207739
    1645   -0.207304
    1646   -0.207304
    1647   -0.206848
    1648   -0.206848
    1649   -0.206376
    1650   -0.206376
    1651   -0.205898
    1652   -0.205898
    1653   -0.205414
    1654   -0.205414
    1655   -0.204919
    1656   -0.204919
    1657   -0.204407
    1658   -0.204407
    1659   -0.203879
    1660   -0.203879
    1661   -0.203329
    1662   -0.203329
    1663   -0.202747
    1664   -0.202747
    1665   -0.202131
    1666   -0.202131
    1667   -0.201486
    1668   -0.201486
    1669   -0.200813
    1670   -0.200813
    1671   -0.200111
    1672   -0.200111
    1673   -0.199379
    1674   -0.199379
    1675   -0.198606
    1676   -0.198606
    1677   -0.197789
    1678   -0.197789
    1679   -0.196925
    1680   -0.196925
    1681   -0.196004
    1682   -0.196004
    1683   -0.195024
    1684   -0.195024
    1685   -0.193982
    1686   -0.193982
    1687   -0.192876
    1688   -0.192876
    1689   -0.191705
    1690   -0.191705
    1691   -0.190466
    1692   -0.190466
    1693   -0.189146
    1694   -0.189146
    1695   -0.187736
    1696   -0.187736
    1697   -0.186250
    1698   -0.186250
    1699   -0.184709
    1700   -0.184709
    1701   -0.183179
    1702   -0.183179
    1703   -0.181838
    1704   -0.181838
    1705   -0.180940
    1706   -0.180940
    1707   -0.180489
    1708   -0.180489
    1709   -0.180212
    1710   -0.180212
    1711   -0.179906
    1712   -0.179906
    1713   -0.179511
    1714   -0.179511
    1715   -0.178994
    1716   -0.178994
    1717   -0.178341
    1718   -0.178341
    1719   -0.177576
    1720   -0.177576
    1721   -0.176713
    1722   -0.176713
    1723   -0.175756
    1724   -0.175756
    1725   -0.174713
    1726   -0.174713
    1727   -0.173574
    1728   -0.173574
    1729   -0.172340
    1730   -0.172340
    1731   -0.171021
    1732   -0.171021
    1733   -0.169607
    1734   -0.169607
    1735   -0.168080
    1736   -0.168080
    1737   -0.166431
    1738   -0.166431
    1739   -0.164648
    1740   -0.164648
    1741   -0.162723
    1742   -0.162723
    1743   -0.160640
    1744   -0.160640
    1745   -0.158396
    1746   -0.158396
    1747   -0.155973
    1748   -0.155973
    1749   -0.153360
    1750   -0.153360
    1751   -0.150559
    1752   -0.150559
    1753   -0.147563
    1754   -0.147563
    1755   -0.144319
    1756   -0.144319
    1757   -0.140788
    1758   -0.140788
    1759   -0.136933
    1760   -0.136933
    1761   -0.132674
    1762   -0.132674
    1763   -0.127951
    1764   -0.127951
    1765   -0.122896
    1766   -0.122896
    1767   -0.117301
    1768   -0.117301
    1769   -0.110538
    1770   -0.110538
    1771   -0.102913
    1772   -0.102913
    1773   -0.094707
    1774   -0.094707
    1775   -0.085368
    1776   -0.085368
    1777   -0.074537
    1778   -0.074537
    1779   -0.062762
    1780   -0.062762
    1781   -0.053247
    1782   -0.053247
    1783   -0.263384
    1784   -0.263384
    1785   -0.262793
    1786   -0.262793
    1787   -0.261960
    1788   -0.261960
    1789   -0.261238
    1790   -0.261238
    1791   -0.260614
    1792   -0.260614
    1793   -0.260047
    1794   -0.260047
    1795   -0.259501
    1796   -0.259501
    1797   -0.258975
    1798   -0.258975
    1799   -0.258505
    1800   -0.258505
    1801   -0.258098
    1802   -0.258098
    1803   -0.257735
    1804   -0.257735
    1805   -0.257399
    1806   -0.257399
    1807   -0.257084
    1808   -0.257084
    1809   -0.256779
    1810   -0.256779
    1811   -0.256474
    1812   -0.256474
    1813   -0.256156
    1814   -0.256156
    1815   -0.255821
    1816   -0.255821
    1817   -0.255475
    1818   -0.255475
    1819   -0.255120
    1820   -0.255120
    1821   -0.254749
    1822   -0.254749
    1823   -0.254361
    1824   -0.254361
    1825   -0.253967
    1826   -0.253967
    1827   -0.253568
    1828   -0.253568
    1829   -0.253168
    1830   -0.253168
    1831   -0.252768
    1832   -0.252768
    1833   -0.252367
    1834   -0.252367
    1835   -0.251961
    1836   -0.251961
    1837   -0.251537
    1838   -0.251537
    1839   -0.251089
    1840   -0.251089
    1841   -0.250616
    1842   -0.250616
    1843   -0.250119
    1844   -0.250119
    1845   -0.249601
    1846   -0.249601
    1847   -0.249064
    1848   -0.249064
    1849   -0.248511
    1850   -0.248511
    1851   -0.247943
    1852   -0.247943
    1853   -0.247366
    1854   -0.247366
    1855   -0.246777
    1856   -0.246777
    1857   -0.246171
    1858   -0.246171
    1859   -0.245542
    1860   -0.245542
    1861   -0.244887
    1862   -0.244887
    1863   -0.244198
    1864   -0.244198
    1865   -0.243476
    1866   -0.243476
    1867   -0.242725
    1868   -0.242725
    1869   -0.241943
    1870   -0.241943
    1871   -0.241125
    1872   -0.241125
    1873   -0.240261
    1874   -0.240261
    1875   -0.239338
    1876   -0.239338
    1877   -0.238358
    1878   -0.238358
    1879   -0.237321
    1880   -0.237321
    1881   -0.236221
    1882   -0.236221
    1883   -0.235062
    1884   -0.235062
    1885   -0.233841
    1886   -0.233841
    1887   -0.232549
    1888   -0.232549
    1889   -0.231193
    1890   -0.231193
    1891   -0.229766
    1892   -0.229766
    1893   -0.228265
    1894   -0.228265
    1895   -0.226695
    1896   -0.226695
    1897   -0.225067
    1898   -0.225067
    1899   -0.223454
    1900   -0.223454
    1901   -0.222048
    1902   -0.222048
    1903   -0.221096
    1904   -0.221096
    1905   -0.220576
    1906   -0.220576
    1907   -0.220213
    1908   -0.220213
    1909   -0.219819
    1910   -0.219819
    1911   -0.219337
    1912   -0.219337
    1913   -0.218744
    1914   -0.218744
    1915   -0.218012
    1916   -0.218012
    1917   -0.217139
    1918   -0.217139
    1919   -0.216136
    1920   -0.216136
    1921   -0.215026
    1922   -0.215026
    1923   -0.213812
    1924   -0.213812
    1925   -0.212485
    1926   -0.212485
    1927   -0.211045
    1928   -0.211045
    1929   -0.209495
    1930   -0.209495
    1931   -0.207826
    1932   -0.207826
    1933   -0.206034
    1934   -0.206034
    1935   -0.204107
    1936   -0.204107
    1937   -0.202027
    1938   -0.202027
    1939   -0.199808
    1940   -0.199808
    1941   -0.197441
    1942   -0.197441
    1943   -0.194899
    1944   -0.194899
    1945   -0.192157
    1946   -0.192157
    1947   -0.189189
    1948   -0.189189
    1949   -0.185996
    1950   -0.185996
    1951   -0.182576
    1952   -0.182576
    1953   -0.178873
    1954   -0.178873
    1955   -0.174813
    1956   -0.174813
    1957   -0.170333
    1958   -0.170333
    1959   -0.165383
    1960   -0.165383
    1961   -0.159924
    1962   -0.159924
    1963   -0.153986
    1964   -0.153986
    1965   -0.147445
    1966   -0.147445
    1967   -0.139836
    1968   -0.139836
    1969   -0.131015
    1970   -0.131015
    1971   -0.120981
    1972   -0.120981
    1973   -0.109313
    1974   -0.109313
    1975   -0.095673
    1976   -0.095673
    1977   -0.080734
    1978   -0.080734
    1979   -0.068490
    1980   -0.068490
    1981   -0.321091
    1982   -0.321091
    1983   -0.320373
    1984   -0.320373
    1985   -0.319383
    1986   -0.319383
    1987   -0.318542
    1988   -0.318542
    1989   -0.317789
    1990   -0.317789
    1991   -0.317080
    1992   -0.317080
    1993   -0.316409
    1994   -0.316409
    1995   -0.315782
    1996   -0.315782
    1997   -0.315219
    1998   -0.315219
    1999   -0.314712
    2000   -0.314712
    2001   -0.314247
    2002   -0.314247
    2003   -0.313815
    2004   -0.313815
    2005   -0.313410
    2006   -0.313410
    2007   -0.313022
    2008   -0.313022
    2009   -0.312638
    2010   -0.312638
    2011   -0.312247
    2012   -0.312247
    2013   -0.311845
    2014   -0.311845
    2015   -0.311433
    2016   -0.311433
    2017   -0.311011
    2018   -0.311011
    2019   -0.310573
    2020   -0.310573
    2021   -0.310120
    2022   -0.310120
    2023   -0.309655
    2024   -0.309655
    2025   -0.309185
    2026   -0.309185
    2027   -0.308716
    2028   -0.308716
    2029   -0.308251
    2030   -0.308251
    2031   -0.307787
    2032   -0.307787
    2033   -0.307316
    2034   -0.307316
    2035   -0.306830
    2036   -0.306830
    2037   -0.306320
    2038   -0.306320
    2039   -0.305785
    2040   -0.305785
    2041   -0.305225
    2042   -0.305225
    2043   -0.304639
    2044   -0.304639
    2045   -0.304028
    2046   -0.304028
    2047   -0.303393
    2048   -0.303393
    2049   -0.302738
    2050   -0.302738
    2051   -0.302068
    2052   -0.302068
    2053   -0.301386
    2054   -0.301386
    2055   -0.300686
    2056   -0.300686
    2057   -0.299965
    2058   -0.299965
    2059   -0.299218
    2060   -0.299218
    2061   -0.298438
    2062   -0.298438
    2063   -0.297627
    2064   -0.297627
    2065   -0.296789
    2066   -0.296789
    2067   -0.295922
    2068   -0.295922
    2069   -0.295010
    2070   -0.295010
    2071   -0.294028
    2072   -0.294028
    2073   -0.292971
    2074   -0.292971
    2075   -0.291857
    2076   -0.291857
    2077   -0.290691
    2078   -0.290691
    2079   -0.289465
    2080   -0.289465
    2081   -0.288180
    2082   -0.288180
    2083   -0.286832
    2084   -0.286832
    2085   -0.285417
    2086   -0.285417
    2087   -0.283937
    2088   -0.283937
    2089   -0.282391
    2090   -0.282391
    2091   -0.280775
    2092   -0.280775
    2093   -0.279083
    2094   -0.279083
    2095   -0.277326
    2096   -0.277326
    2097   -0.275575
    2098   -0.275575
    2099   -0.274037
    2100   -0.274037
    2101   -0.272966
    2102   -0.272966
    2103   -0.272333
    2104   -0.272333
    2105   -0.271866
    2106   -0.271866
    2107   -0.271373
    2108   -0.271373
    2109   -0.270785
    2110   -0.270785
    2111   -0.270081
    2112   -0.270081
    2113   -0.269241
    2114   -0.269241
    2115   -0.268234
    2116   -0.268234
    2117   -0.267062
    2118   -0.267062
    2119   -0.265752
    2120   -0.265752
    2121   -0.264309
    2122   -0.264309
    2123   -0.262741
    2124   -0.262741
    2125   -0.261042
    2126   -0.261042
    2127   -0.259195
    2128   -0.259195
    2129   -0.257194
    2130   -0.257194
    2131   -0.255035
    2132   -0.255035
    2133   -0.252723
    2134   -0.252723
    2135   -0.250256
    2136   -0.250256
    2137   -0.247646
    2138   -0.247646
    2139   -0.244877
    2140   -0.244877
    2141   -0.241912
    2142   -0.241912
    2143   -0.238729
    2144   -0.238729
    2145   -0.235281
    2146   -0.235281
    2147   -0.231571
    2148   -0.231571
    2149   -0.227592
    2150   -0.227592
    2151   -0.223267
    2152   -0.223267
    2153   -0.218522
    2154   -0.218522
    2155   -0.213289
    2156   -0.213289
    2157   -0.207506
    2158   -0.207506
    2159   -0.201100
    2160   -0.201100
    2161   -0.194018
    2162   -0.194018
    2163   -0.186286
    2164   -0.186286
    2165   -0.177583
    2166   -0.177583
    2167   -0.167328
    2168   -0.167328
    2169   -0.155198
    2170   -0.155198
    2171   -0.140804
    2172   -0.140804
    2173   -0.123791
    2174   -0.123791
    2175   -0.104983
    2176   -0.104983
    2177   -0.089392
    2178   -0.089392
    2179   -0.395810
    2180   -0.395810
    2181   -0.395166
    2182   -0.395166
    2183   -0.394266
    2184   -0.394266
    2185   -0.393471
    2186   -0.393471
    2187   -0.392692
    2188   -0.392692
    2189   -0.391908
    2190   -0.391908
    2191   -0.391184
    2192   -0.391184
    2193   -0.390532
    2194   -0.390532
    2195   -0.389923
    2196   -0.389923
    2197   -0.389337
    2198   -0.389337
    2199   -0.388778
    2200   -0.388778
    2201   -0.388252
    2202   -0.388252
    2203   -0.387755
    2204   -0.387755
    2205   -0.387276
    2206   -0.387276
    2207   -0.386803
    2208   -0.386803
    2209   -0.386330
    2210   -0.386330
    2211   -0.385853
    2212   -0.385853
    2213   -0.385365
    2214   -0.385365
    2215   -0.384861
    2216   -0.384861
    2217   -0.384341
    2218   -0.384341
    2219   -0.383808
    2220   -0.383808
    2221   -0.383265
    2222   -0.383265
    2223   -0.382718
    2224   -0.382718
    2225   -0.382174
    2226   -0.382174
    2227   -0.381632
    2228   -0.381632
    2229   -0.381086
    2230   -0.381086
    2231   -0.380533
    2232   -0.380533
    2233   -0.379966
    2234   -0.379966
    2235   -0.379379
    2236   -0.379379
    2237   -0.378771
    2238   -0.378771
    2239   -0.378136
    2240   -0.378136
    2241   -0.377469
    2242   -0.377469
    2243   -0.376770
    2244   -0.376770
    2245   -0.376042
    2246   -0.376042
    2247   -0.375288
    2248   -0.375288
    2249   -0.374510
    2250   -0.374510
    2251   -0.373713
    2252   -0.373713
    2253   -0.372897
    2254   -0.372897
    2255   -0.372060
    2256   -0.372060
    2257   -0.371194
    2258   -0.371194
    2259   -0.370299
    2260   -0.370299
    2261   -0.369375
    2262   -0.369375
    2263   -0.368428
    2264   -0.368428
    2265   -0.367459
    2266   -0.367459
    2267   -0.366435
    2268   -0.366435
    2269   -0.365306
    2270   -0.365306
    2271   -0.364080
    2272   -0.364080
    2273   -0.362803
    2274   -0.362803
    2275   -0.361485
    2276   -0.361485
    2277   -0.360115
    2278   -0.360115
    2279   -0.358684
    2280   -0.358684
    2281   -0.357195
    2282   -0.357195
    2283   -0.355643
    2284   -0.355643
    2285   -0.354021
    2286   -0.354021
    2287   -0.352326
    2288   -0.352326
    2289   -0.350547
    2290   -0.350547
    2291   -0.348680
    2292   -0.348680
    2293   -0.346743
    2294   -0.346743
    2295   -0.344806
    2296   -0.344806
    2297   -0.343108
    2298   -0.343108
    2299   -0.341918
    2300   -0.341918
    2301   -0.341167
    2302   -0.341167
    2303   -0.340586
    2304   -0.340586
    2305   -0.339984
    2306   -0.339984
    2307   -0.339254
    2308   -0.339254
    2309   -0.338364
    2310   -0.338364
    2311   -0.337309
    2312   -0.337309
    2313   -0.336058
    2314   -0.336058
    2315   -0.334602
    2316   -0.334602
    2317   -0.332965
    2318   -0.332965
    2319   -0.331173
    2320   -0.331173
    2321   -0.329239
    2322   -0.329239
    2323   -0.327136
    2324   -0.327136
    2325   -0.324848
    2326   -0.324848
    2327   -0.322374
    2328   -0.322374
    2329   -0.319711
    2330   -0.319711
    2331   -0.316870
    2332   -0.316870
    2333   -0.313856
    2334   -0.313856
    2335   -0.310651
    2336   -0.310651
    2337   -0.307244
    2338   -0.307244
    2339   -0.303617
    2340   -0.303617
    2341   -0.299744
    2342   -0.299744
    2343   -0.295565
    2344   -0.295565
    2345   -0.291057
    2346   -0.291057
    2347   -0.286197
    2348   -0.286197
    2349   -0.280917
    2350   -0.280917
    2351   -0.275200
    2352   -0.275200
    2353   -0.268979
    2354   -0.268979
    2355   -0.262147
    2356   -0.262147
    2357   -0.254594
    2358   -0.254594
    2359   -0.246123
    2360   -0.246123
    2361   -0.236759
    2362   -0.236759
    2363   -0.226380
    2364   -0.226380
    2365   -0.214265
    2366   -0.214265
    2367   -0.199850
    2368   -0.199850
    2369   -0.182529
    2370   -0.182529
    2371   -0.161732
    2372   -0.161732
    2373   -0.138360
    2374   -0.138360
    2375   -0.118694
    2376   -0.118694
    2377   -0.494407
    2378   -0.494407
    2379   -0.494078
    2380   -0.494078
    2381   -0.493559
    2382   -0.493559
    2383   -0.492989
    2384   -0.492989
    2385   -0.492322
    2386   -0.492322
    2387   -0.491582
    2388   -0.491582
    2389   -0.490884
    2390   -0.490884
    2391   -0.490249
    2392   -0.490249
    2393   -0.489628
    2394   -0.489628
    2395   -0.489001
    2396   -0.489001
    2397   -0.488376
    2398   -0.488376
    2399   -0.487768
    2400   -0.487768
    2401   -0.487181
    2402   -0.487181
    2403   -0.486608
    2404   -0.486608
    2405   -0.486041
    2406   -0.486041
    2407   -0.485475
    2408   -0.485475
    2409   -0.484909
    2410   -0.484909
    2411   -0.484331
    2412   -0.484331
    2413   -0.483735
    2414   -0.483735
    2415   -0.483119
    2416   -0.483119
    2417   -0.482489
    2418   -0.482489
    2419   -0.481851
    2420   -0.481851
    2421   -0.481210
    2422   -0.481210
    2423   -0.480568
    2424   -0.480568
    2425   -0.479921
    2426   -0.479921
    2427   -0.479269
    2428   -0.479269
    2429   -0.478609
    2430   -0.478609
    2431   -0.477937
    2432   -0.477937
    2433   -0.477247
    2434   -0.477247
    2435   -0.476533
    2436   -0.476533
    2437   -0.475790
    2438   -0.475790
    2439   -0.475012
    2440   -0.475012
    2441   -0.474198
    2442   -0.474198
    2443   -0.473347
    2444   -0.473347
    2445   -0.472462
    2446   -0.472462
    2447   -0.471544
    2448   -0.471544
    2449   -0.470597
    2450   -0.470597
    2451   -0.469626
    2452   -0.469626
    2453   -0.468630
    2454   -0.468630
    2455   -0.467602
    2456   -0.467602
    2457   -0.466545
    2458   -0.466545
    2459   -0.465459
    2460   -0.465459
    2461   -0.464345
    2462   -0.464345
    2463   -0.463203
    2464   -0.463203
    2465   -0.462003
    2466   -0.462003
    2467   -0.460690
    2468   -0.460690
    2469   -0.459274
    2470   -0.459274
    2471   -0.457804
    2472   -0.457804
    2473   -0.456293
    2474   -0.456293
    2475   -0.454729
    2476   -0.454729
    2477   -0.453103
    2478   -0.453103
    2479   -0.451417
    2480   -0.451417
    2481   -0.449662
    2482   -0.449662
    2483   -0.447815
    2484   -0.447815
    2485   -0.445865
    2486   -0.445865
    2487   -0.443803
    2488   -0.443803
    2489   -0.441634
    2490   -0.441634
    2491   -0.439386
    2492   -0.439386
    2493   -0.437118
    2494   -0.437118
    2495   -0.435100
    2496   -0.435100
    2497   -0.433649
    2498   -0.433649
    2499   -0.432668
    2500   -0.432668
    2501   -0.431851
    2502   -0.431851
    2503   -0.430994
    2504   -0.430994
    2505   -0.429970
    2506   -0.429970
    2507   -0.428745
    2508   -0.428745
    2509   -0.427321
    2510   -0.427321
    2511   -0.425673
    2512   -0.425673
    2513   -0.423778
    2514   -0.423778
    2515   -0.421661
    2516   -0.421661
    2517   -0.419369
    2518   -0.419369
    2519   -0.416892
    2520   -0.416892
    2521   -0.414193
    2522   -0.414193
    2523   -0.411270
    2524   -0.411270
    2525   -0.408128
    2526   -0.408128
    2527   -0.404770
    2528   -0.404770
    2529   -0.401199
    2530   -0.401199
    2531   -0.397399
    2532   -0.397399
    2533   -0.393338
    2534   -0.393338
    2535   -0.389025
    2536   -0.389025
    2537   -0.384446
    2538   -0.384446
    2539   -0.379568
    2540   -0.379568
    2541   -0.374342
    2542   -0.374342
    2543   -0.368693
    2544   -0.368693
    2545   -0.362577
    2546   -0.362577
    2547   -0.355989
    2548   -0.355989
    2549   -0.348935
    2550   -0.348935
    2551   -0.341345
    2552   -0.341345
    2553   -0.333101
    2554   -0.333101
    2555   -0.324094
    2556   -0.324094
    2557   -0.313964
    2558   -0.313964
    2559   -0.302537
    2560   -0.302537
    2561   -0.289815
    2562   -0.289815
    2563   -0.275294
    2564   -0.275294
    2565   -0.258330
    2566   -0.258330
    2567   -0.237868
    2568   -0.237868
    2569   -0.212983
    2570   -0.212983
    2571   -0.184493
    2572   -0.184493
    2573   -0.160043
    2574   -0.160043
    2575   -0.621335
    2576   -0.621335
    2577   -0.621393
    2578   -0.621393
    2579   -0.621300
    2580   -0.621300
    2581   -0.620909
    2582   -0.620909
    2583   -0.620333
    2584   -0.620333
    2585   -0.619692
    2586   -0.619692
    2587   -0.619069
    2588   -0.619069
    2589   -0.618461
    2590   -0.618461
    2591   -0.617837
    2592   -0.617837
    2593   -0.617188
    2594   -0.617188
    2595   -0.616519
    2596   -0.616519
    2597   -0.615837
    2598   -0.615837
    2599   -0.615150
    2600   -0.615150
    2601   -0.614468
    2602   -0.614468
    2603   -0.613789
    2604   -0.613789
    2605   -0.613110
    2606   -0.613110
    2607   -0.612426
    2608   -0.612426
    2609   -0.611733
    2610   -0.611733
    2611   -0.611022
    2612   -0.611022
    2613   -0.610287
    2614   -0.610287
    2615   -0.609531
    2616   -0.609531
    2617   -0.608766
    2618   -0.608766
    2619   -0.607993
    2620   -0.607993
    2621   -0.607211
    2622   -0.607211
    2623   -0.606417
    2624   -0.606417
    2625   -0.605615
    2626   -0.605615
    2627   -0.604803
    2628   -0.604803
    2629   -0.603976
    2630   -0.603976
    2631   -0.603129
    2632   -0.603129
    2633   -0.602251
    2634   -0.602251
    2635   -0.601340
    2636   -0.601340
    2637   -0.600394
    2638   -0.600394
    2639   -0.599409
    2640   -0.599409
    2641   -0.598377
    2642   -0.598377
    2643   -0.597299
    2644   -0.597299
    2645   -0.596181
    2646   -0.596181
    2647   -0.595025
    2648   -0.595025
    2649   -0.593833
    2650   -0.593833
    2651   -0.592606
    2652   -0.592606
    2653   -0.591344
    2654   -0.591344
    2655   -0.590047
    2656   -0.590047
    2657   -0.588710
    2658   -0.588710
    2659   -0.587326
    2660   -0.587326
    2661   -0.585894
    2662   -0.585894
    2663   -0.584401
    2664   -0.584401
    2665   -0.582825
    2666   -0.582825
    2667   -0.581167
    2668   -0.581167
    2669   -0.579441
    2670   -0.579441
    2671   -0.577654
    2672   -0.577654
    2673   -0.575804
    2674   -0.575804
    2675   -0.573882
    2676   -0.573882
    2677   -0.571882
    2678   -0.571882
    2679   -0.569784
    2680   -0.569784
    2681   -0.567560
    2682   -0.567560
    2683   -0.565189
    2684   -0.565189
    2685   -0.562668
    2686   -0.562668
    2687   -0.560010
    2688   -0.560010
    2689   -0.557236
    2690   -0.557236
    2691   -0.554397
    2692   -0.554397
    2693   -0.551774
    2694   -0.551774
    2695   -0.549764
    2696   -0.549764
    2697   -0.548290
    2698   -0.548290
    2699   -0.546952
    2700   -0.546952
    2701   -0.545506
    2702   -0.545506
    2703   -0.543855
    2704   -0.543855
    2705   -0.541983
    2706   -0.541983
    2707   -0.539888
    2708   -0.539888
    2709   -0.537574
    2710   -0.537574
    2711   -0.535000
    2712   -0.535000
    2713   -0.532156
    2714   -0.532156
    2715   -0.529101
    2716   -0.529101
    2717   -0.525806
    2718   -0.525806
    2719   -0.522241
    2720   -0.522241
    2721   -0.518410
    2722   -0.518410
    2723   -0.514311
    2724   -0.514311
    2725   -0.509953
    2726   -0.509953
    2727   -0.505312
    2728   -0.505312
    2729   -0.500364
    2730   -0.500364
    2731   -0.495088
    2732   -0.495088
    2733   -0.489492
    2734   -0.489492
    2735   -0.483546
    2736   -0.483546
    2737   -0.477222
    2738   -0.477222
    2739   -0.470509
    2740   -0.470509
    2741   -0.463309
    2742   -0.463309
    2743   -0.455550
    2744   -0.455550
    2745   -0.447243
    2746   -0.447243
    2747   -0.438349
    2748   -0.438349
    2749   -0.428801
    2750   -0.428801
    2751   -0.418511
    2752   -0.418511
    2753   -0.407331
    2754   -0.407331
    2755   -0.394945
    2756   -0.394945
    2757   -0.381101
    2758   -0.381101
    2759   -0.365542
    2760   -0.365542
    2761   -0.347989
    2762   -0.347989
    2763   -0.327929
    2764   -0.327929
    2765   -0.303803
    2766   -0.303803
    2767   -0.274530
    2768   -0.274530
    2769   -0.240862
    2770   -0.240862
    2771   -0.211579
    2772   -0.211579
    2773   -0.770626
    2774   -0.770626
    2775   -0.771081
    2776   -0.771081
    2777   -0.771388
    2778   -0.771388
    2779   -0.771000
    2780   -0.771000
    2781   -0.770338
    2782   -0.770338
    2783   -0.769735
    2784   -0.769735
    2785   -0.769171
    2786   -0.769171
    2787   -0.768578
    2788   -0.768578
    2789   -0.767929
    2790   -0.767929
    2791   -0.767233
    2792   -0.767233
    2793   -0.766497
    2794   -0.766497
    2795   -0.765720
    2796   -0.765720
    2797   -0.764906
    2798   -0.764906
    2799   -0.764077
    2800   -0.764077
    2801   -0.763242
    2802   -0.763242
    2803   -0.762403
    2804   -0.762403
    2805   -0.761558
    2806   -0.761558
    2807   -0.760697
    2808   -0.760697
    2809   -0.759817
    2810   -0.759817
    2811   -0.758915
    2812   -0.758915
    2813   -0.757990
    2814   -0.757990
    2815   -0.757044
    2816   -0.757044
    2817   -0.756078
    2818   -0.756078
    2819   -0.755092
    2820   -0.755092
    2821   -0.754086
    2822   -0.754086
    2823   -0.753061
    2824   -0.753061
    2825   -0.752014
    2826   -0.752014
    2827   -0.750939
    2828   -0.750939
    2829   -0.749832
    2830   -0.749832
    2831   -0.748692
    2832   -0.748692
    2833   -0.747515
    2834   -0.747515
    2835   -0.746299
    2836   -0.746299
    2837   -0.745039
    2838   -0.745039
    2839   -0.743727
    2840   -0.743727
    2841   -0.742361
    2842   -0.742361
    2843   -0.740942
    2844   -0.740942
    2845   -0.739468
    2846   -0.739468
    2847   -0.737944
    2848   -0.737944
    2849   -0.736372
    2850   -0.736372
    2851   -0.734752
    2852   -0.734752
    2853   -0.733082
    2854   -0.733082
    2855   -0.731351
    2856   -0.731351
    2857   -0.729546
    2858   -0.729546
    2859   -0.727667
    2860   -0.727667
    2861   -0.725724
    2862   -0.725724
    2863   -0.723732
    2864   -0.723732
    2865   -0.721682
    2866   -0.721682
    2867   -0.719545
    2868   -0.719545
    2869   -0.717315
    2870   -0.717315
    2871   -0.715002
    2872   -0.715002
    2873   -0.712597
    2874   -0.712597
    2875   -0.710077
    2876   -0.710077
    2877   -0.707421
    2878   -0.707421
    2879   -0.704599
    2880   -0.704599
    2881   -0.701581
    2882   -0.701581
    2883   -0.698371
    2884   -0.698371
    2885   -0.694974
    2886   -0.694974
    2887   -0.691403
    2888   -0.691403
    2889   -0.687734
    2890   -0.687734
    2891   -0.684234
    2892   -0.684234
    2893   -0.681316
    2894   -0.681316
    2895   -0.678963
    2896   -0.678963
    2897   -0.676712
    2898   -0.676712
    2899   -0.674266
    2900   -0.674266
    2901   -0.671563
    2902   -0.671563
    2903   -0.668609
    2904   -0.668609
    2905   -0.665408
    2906   -0.665408
    2907   -0.662008
    2908   -0.662008
    2909   -0.658381
    2910   -0.658381
    2911   -0.654441
    2912   -0.654441
    2913   -0.650186
    2914   -0.650186
    2915   -0.645607
    2916   -0.645607
    2917   -0.640698
    2918   -0.640698
    2919   -0.635455
    2920   -0.635455
    2921   -0.629878
    2922   -0.629878
    2923   -0.623967
    2924   -0.623967
    2925   -0.617669
    2926   -0.617669
    2927   -0.610960
    2928   -0.610960
    2929   -0.603834
    2930   -0.603834
    2931   -0.596278
    2932   -0.596278
    2933   -0.588271
    2934   -0.588271
    2935   -0.579785
    2936   -0.579785
    2937   -0.570816
    2938   -0.570816
    2939   -0.561284
    2940   -0.561284
    2941   -0.551096
    2942   -0.551096
    2943   -0.540217
    2944   -0.540217
    2945   -0.528565
    2946   -0.528565
    2947   -0.516074
    2948   -0.516074
    2949   -0.502662
    2950   -0.502662
    2951   -0.488157
    2952   -0.488157
    2953   -0.472330
    2954   -0.472330
    2955   -0.454950
    2956   -0.454950
    2957   -0.435546
    2958   -0.435546
    2959   -0.413869
    2960   -0.413869
    2961   -0.389336
    2962   -0.389336
    2963   -0.360310
    2964   -0.360310
    2965   -0.326184
    2966   -0.326184
    2967   -0.287777
    2968   -0.287777
    2969   -0.254572
    2970   -0.254572
    2971   -0.931663
    2972   -0.931663
    2973   -0.932049
    2974   -0.932049
    2975   -0.932116
    2976   -0.932116
    2977   -0.931366
    2978   -0.931366
    2979   -0.930540
    2980   -0.930540
    2981   -0.929915
    2982   -0.929915
    2983   -0.929298
    2984   -0.929298
    2985   -0.928627
    2986   -0.928627
    2987   -0.927880
    2988   -0.927880
    2989   -0.927062
    2990   -0.927062
    2991   -0.926181
    2992   -0.926181
    2993   -0.925234
    2994   -0.925234
    2995   -0.924227
    2996   -0.924227
    2997   -0.923175
    2998   -0.923175
    2999   -0.922096
    3000   -0.922096
    3001   -0.921008
    3002   -0.921008
    3003   -0.919910
    3004   -0.919910
    3005   -0.918783
    3006   -0.918783
    3007   -0.917627
    3008   -0.917627
    3009   -0.916457
    3010   -0.916457
    3011   -0.915268
    3012   -0.915268
    3013   -0.914041
    3014   -0.914041
    3015   -0.912771
    3016   -0.912771
    3017   -0.911464
    3018   -0.911464
    3019   -0.910122
    3020   -0.910122
    3021   -0.908740
    3022   -0.908740
    3023   -0.907311
    3024   -0.907311
    3025   -0.905827
    3026   -0.905827
    3027   -0.904293
    3028   -0.904293
    3029   -0.902718
    3030   -0.902718
    3031   -0.901103
    3032   -0.901103
    3033   -0.899438
    3034   -0.899438
    3035   -0.897718
    3036   -0.897718
    3037   -0.895942
    3038   -0.895942
    3039   -0.894106
    3040   -0.894106
    3041   -0.892196
    3042   -0.892196
    3043   -0.890207
    3044   -0.890207
    3045   -0.888144
    3046   -0.888144
    3047   -0.886012
    3048   -0.886012
    3049   -0.883808
    3050   -0.883808
    3051   -0.881527
    3052   -0.881527
    3053   -0.879156
    3054   -0.879156
    3055   -0.876682
    3056   -0.876682
    3057   -0.874098
    3058   -0.874098
    3059   -0.871434
    3060   -0.871434
    3061   -0.868746
    3062   -0.868746
    3063   -0.866012
    3064   -0.866012
    3065   -0.863161
    3066   -0.863161
    3067   -0.860171
    3068   -0.860171
    3069   -0.857051
    3070   -0.857051
    3071   -0.853792
    3072   -0.853792
    3073   -0.850373
    3074   -0.850373
    3075   -0.846781
    3076   -0.846781
    3077   -0.842987
    3078   -0.842987
    3079   -0.838970
    3080   -0.838970
    3081   -0.834730
    3082   -0.834730
    3083   -0.830247
    3084   -0.830247
    3085   -0.825503
    3086   -0.825503
    3087   -0.820627
    3088   -0.820627
    3089   -0.815906
    3090   -0.815906
    3091   -0.811707
    3092   -0.811707
    3093   -0.808022
    3094   -0.808022
    3095   -0.804366
    3096   -0.804366
    3097   -0.800435
    3098   -0.800435
    3099   -0.796201
    3100   -0.796201
    3101   -0.791653
    3102   -0.791653
    3103   -0.786776
    3104   -0.786776
    3105   -0.781597
    3106   -0.781597
    3107   -0.776142
    3108   -0.776142
    3109   -0.770339
    3110   -0.770339
    3111   -0.764070
    3112   -0.764070
    3113   -0.757340
    3114   -0.757340
    3115   -0.750181
    3116   -0.750181
    3117   -0.742574
    3118   -0.742574
    3119   -0.734524
    3120   -0.734524
    3121   -0.726013
    3122   -0.726013
    3123   -0.716990
    3124   -0.716990
    3125   -0.707442
    3126   -0.707442
    3127   -0.697344
    3128   -0.697344
    3129   -0.686642
    3130   -0.686642
    3131   -0.675343
    3132   -0.675343
    3133   -0.663425
    3134   -0.663425
    3135   -0.650836
    3136   -0.650836
    3137   -0.637511
    3138   -0.637511
    3139   -0.623354
    3140   -0.623354
    3141   -0.608279
    3142   -0.608279
    3143   -0.592177
    3144   -0.592177
    3145   -0.574956
    3146   -0.574956
    3147   -0.556508
    3148   -0.556508
    3149   -0.536671
    3150   -0.536671
    3151   -0.515178
    3152   -0.515178
    3153   -0.491746
    3154   -0.491746
    3155   -0.465985
    3156   -0.465985
    3157   -0.437569
    3158   -0.437569
    3159   -0.405701
    3160   -0.405701
    3161   -0.369416
    3162   -0.369416
    3163   -0.329005
    3164   -0.329005
    3165   -0.285746
    3166   -0.285746
    3167   -0.249695
    3168   -0.249695
    3169   -1.119382
    3170   -1.119382
    3171   -1.118963
    3172   -1.118963
    3173   -1.117970
    3174   -1.117970
    3175   -1.116571
    3176   -1.116571
    3177   -1.115525
    3178   -1.115525
    3179   -1.114766
    3180   -1.114766
    3181   -1.113957
    3182   -1.113957
    3183   -1.113066
    3184   -1.113066
    3185   -1.112080
    3186   -1.112080
    3187   -1.110993
    3188   -1.110993
    3189   -1.109806
    3190   -1.109806
    3191   -1.108526
    3192   -1.108526
    3193   -1.107160
    3194   -1.107160
    3195   -1.105718
    3196   -1.105718
    3197   -1.104220
    3198   -1.104220
    3199   -1.102687
    3200   -1.102687
    3201   -1.101122
    3202   -1.101122
    3203   -1.099513
    3204   -1.099513
    3205   -1.097868
    3206   -1.097868
    3207   -1.096205
    3208   -1.096205
    3209   -1.094519
    3210   -1.094519
    3211   -1.092780
    3212   -1.092780
    3213   -1.090976
    3214   -1.090976
    3215   -1.089105
    3216   -1.089105
    3217   -1.087163
    3218   -1.087163
    3219   -1.085143
    3220   -1.085143
    3221   -1.083040
    3222   -1.083040
    3223   -1.080849
    3224   -1.080849
    3225   -1.078577
    3226   -1.078577
    3227   -1.076238
    3228   -1.076238
    3229   -1.073836
    3230   -1.073836
    3231   -1.071363
    3232   -1.071363
    3233   -1.068816
    3234   -1.068816
    3235   -1.066197
    3236   -1.066197
    3237   -1.063497
    3238   -1.063497
    3239   -1.060699
    3240   -1.060699
    3241   -1.057793
    3242   -1.057793
    3243   -1.054772
    3244   -1.054772
    3245   -1.051640
    3246   -1.051640
    3247   -1.048399
    3248   -1.048399
    3249   -1.045036
    3250   -1.045036
    3251   -1.041540
    3252   -1.041540
    3253   -1.037900
    3254   -1.037900
    3255   -1.034102
    3256   -1.034102
    3257   -1.030190
    3258   -1.030190
    3259   -1.026241
    3260   -1.026241
    3261   -1.022226
    3262   -1.022226
    3263   -1.018046
    3264   -1.018046
    3265   -1.013656
    3266   -1.013656
    3267   -1.009053
    3268   -1.009053
    3269   -1.004229
    3270   -1.004229
    3271   -0.999178
    3272   -0.999178
    3273   -0.993901
    3274   -0.993901
    3275   -0.988397
    3276   -0.988397
    3277   -0.982659
    3278   -0.982659
    3279   -0.976659
    3280   -0.976659
    3281   -0.970338
    3282   -0.970338
    3283   -0.963632
    3284   -0.963632
    3285   -0.956637
    3286   -0.956637
    3287   -0.949705
    3288   -0.949705
    3289   -0.943358
    3290   -0.943358
    3291   -0.937541
    3292   -0.937541
    3293   -0.931599
    3294   -0.931599
    3295   -0.925257
    3296   -0.925257
    3297   -0.918561
    3298   -0.918561
    3299   -0.911431
    3300   -0.911431
    3301   -0.903781
    3302   -0.903781
    3303   -0.895573
    3304   -0.895573
    3305   -0.886869
    3306   -0.886869
    3307   -0.877679
    3308   -0.877679
    3309   -0.867844
    3310   -0.867844
    3311   -0.857358
    3312   -0.857358
    3313   -0.846265
    3314   -0.846265
    3315   -0.834537
    3316   -0.834537
    3317   -0.822152
    3318   -0.822152
    3319   -0.809076
    3320   -0.809076
    3321   -0.795295
    3322   -0.795295
    3323   -0.780804
    3324   -0.780804
    3325   -0.765539
    3326   -0.765539
    3327   -0.749396
    3328   -0.749396
    3329   -0.732368
    3330   -0.732368
    3331   -0.714447
    3332   -0.714447
    3333   -0.695547
    3334   -0.695547
    3335   -0.675573
    3336   -0.675573
    3337   -0.654436
    3338   -0.654436
    3339   -0.631998
    3340   -0.631998
    3341   -0.608093
    3342   -0.608093
    3343   -0.582564
    3344   -0.582564
    3345   -0.555253
    3346   -0.555253
    3347   -0.525976
    3348   -0.525976
    3349   -0.494388
    3350   -0.494388
    3351   -0.460110
    3352   -0.460110
    3353   -0.422797
    3354   -0.422797
    3355   -0.382035
    3356   -0.382035
    3357   -0.337186
    3358   -0.337186
    3359   -0.288352
    3360   -0.288352
    3361   -0.236637
    3362   -0.236637
    3363   -0.184988
    3364   -0.184988
    3365   -0.145007
    3366   -0.145007
    3367   -1.412261
    3368   -1.412261
    3369   -1.410251
    3370   -1.410251
    3371   -1.407478
    3372   -1.407478
    3373   -1.405249
    3374   -1.405249
    3375   -1.403816
    3376   -1.403816
    3377   -1.402667
    3378   -1.402667
    3379   -1.401455
    3380   -1.401455
    3381   -1.400120
    3382   -1.400120
    3383   -1.398639
    3384   -1.398639
    3385   -1.396997
    3386   -1.396997
    3387   -1.395194
    3388   -1.395194
    3389   -1.393247
    3390   -1.393247
    3391   -1.391168
    3392   -1.391168
    3393   -1.388971
    3394   -1.388971
    3395   -1.386670
    3396   -1.386670
    3397   -1.384272
    3398   -1.384272
    3399   -1.381787
    3400   -1.381787
    3401   -1.379239
    3402   -1.379239
    3403   -1.376649
    3404   -1.376649
    3405   -1.374025
    3406   -1.374025
    3407   -1.371355
    3408   -1.371355
    3409   -1.368614
    3410   -1.368614
    3411   -1.365777
    3412   -1.365777
    3413   -1.362819
    3414   -1.362819
    3415   -1.359724
    3416   -1.359724
    3417   -1.356485
    3418   -1.356485
    3419   -1.353101
    3420   -1.353101
    3421   -1.349577
    3422   -1.349577
    3423   -1.345918
    3424   -1.345918
    3425   -1.342132
    3426   -1.342132
    3427   -1.338226
    3428   -1.338226
    3429   -1.334210
    3430   -1.334210
    3431   -1.330083
    3432   -1.330083
    3433   -1.325839
    3434   -1.325839
    3435   -1.321469
    3436   -1.321469
    3437   -1.316961
    3438   -1.316961
    3439   -1.312298
    3440   -1.312298
    3441   -1.307455
    3442   -1.307455
    3443   -1.302421
    3444   -1.302421
    3445   -1.297204
    3446   -1.297204
    3447   -1.291792
    3448   -1.291792
    3449   -1.286168
    3450   -1.286168
    3451   -1.280319
    3452   -1.280319
    3453   -1.274239
    3454   -1.274239
    3455   -1.267981
    3456   -1.267981
    3457   -1.261621
    3458   -1.261621
    3459   -1.255118
    3460   -1.255118
    3461   -1.248349
    3462   -1.248349
    3463   -1.241252
    3464   -1.241252
    3465   -1.233806
    3466   -1.233806
    3467   -1.226008
    3468   -1.226008
    3469   -1.217862
    3470   -1.217862
    3471   -1.209389
    3472   -1.209389
    3473   -1.200624
    3474   -1.200624
    3475   -1.191557
    3476   -1.191557
    3477   -1.182114
    3478   -1.182114
    3479   -1.172199
    3480   -1.172199
    3481   -1.161737
    3482   -1.161737
    3483   -1.150655
    3484   -1.150655
    3485   -1.139269
    3486   -1.139269
    3487   -1.128576
    3488   -1.128576
    3489   -1.118683
    3490   -1.118683
    3491   -1.108646
    3492   -1.108646
    3493   -1.098065
    3494   -1.098065
    3495   -1.086914
    3496   -1.086914
    3497   -1.075035
    3498   -1.075035
    3499   -1.062310
    3500   -1.062310
    3501   -1.048687
    3502   -1.048687
    3503   -1.034196
    3504   -1.034196
    3505   -1.018845
    3506   -1.018845
    3507   -1.002528
    3508   -1.002528
    3509   -0.985224
    3510   -0.985224
    3511   -0.966948
    3512   -0.966948
    3513   -0.947658
    3514   -0.947658
    3515   -0.927302
    3516   -0.927302
    3517   -0.905832
    3518   -0.905832
    3519   -0.883252
    3520   -0.883252
    3521   -0.859537
    3522   -0.859537
    3523   -0.834595
    3524   -0.834595
    3525   -0.808291
    3526   -0.808291
    3527   -0.780551
    3528   -0.780551
    3529   -0.751344
    3530   -0.751344
    3531   -0.720574
    3532   -0.720574
    3533   -0.688103
    3534   -0.688103
    3535   -0.653800
    3536   -0.653800
    3537   -0.617463
    3538   -0.617463
    3539   -0.578832
    3540   -0.578832
    3541   -0.537621
    3542   -0.537621
    3543   -0.493554
    3544   -0.493554
    3545   -0.446332
    3546   -0.446332
    3547   -0.395519
    3548   -0.395519
    3549   -0.340645
    3550   -0.340645
    3551   -0.281248
    3552   -0.281248
    3553   -0.216824
    3554   -0.216824
    3555   -0.147126
    3556   -0.147126
    3557   -0.073295
    3558   -0.073295
    3559    0.002635
    3560    0.002635
    3561    0.073993
    3562    0.073993
    3563    0.124941
    3564    0.124941
    3565   -1.981218
    3566   -1.981218
    3567   -1.976023
    3568   -1.976023
    3569   -1.969668
    3570   -1.969668
    3571   -1.966014
    3572   -1.966014
    3573   -1.964059
    3574   -1.964059
    3575   -1.962218
    3576   -1.962218
    3577   -1.960219
    3578   -1.960219
    3579   -1.957995
    3580   -1.957995
    3581   -1.955521
    3582   -1.955521
    3583   -1.952775
    3584   -1.952775
    3585   -1.949760
    3586   -1.949760
    3587   -1.946496
    3588   -1.946496
    3589   -1.943011
    3590   -1.943011
    3591   -1.939328
    3592   -1.939328
    3593   -1.935450
    3594   -1.935450
    3595   -1.931355
    3596   -1.931355
    3597   -1.927066
    3598   -1.927066
    3599   -1.922680
    3600   -1.922680
    3601   -1.918246
    3602   -1.918246
    3603   -1.913749
    3604   -1.913749
    3605   -1.909160
    3606   -1.909160
    3607   -1.904454
    3608   -1.904454
    3609   -1.899588
    3610   -1.899588
    3611   -1.894511
    3612   -1.894511
    3613   -1.889181
    3614   -1.889181
    3615   -1.883578
    3616   -1.883578
    3617   -1.877715
    3618   -1.877715
    3619   -1.871608
    3620   -1.871608
    3621   -1.865264
    3622   -1.865264
    3623   -1.858678
    3624   -1.858678
    3625   -1.851869
    3626   -1.851869
    3627   -1.844873
    3628   -1.844873
    3629   -1.837692
    3630   -1.837692
    3631   -1.830308
    3632   -1.830308
    3633   -1.822707
    3634   -1.822707
    3635   -1.814879
    3636   -1.814879
    3637   -1.806805
    3638   -1.806805
    3639   -1.798437
    3640   -1.798437
    3641   -1.789730
    3642   -1.789730
    3643   -1.780691
    3644   -1.780691
    3645   -1.771321
    3646   -1.771321
    3647   -1.761581
    3648   -1.761581
    3649   -1.751453
    3650   -1.751453
    3651   -1.740950
    3652   -1.740950
    3653   -1.730146
    3654   -1.730146
    3655   -1.719135
    3656   -1.719135
    3657   -1.707831
    3658   -1.707831
    3659   -1.696045
    3660   -1.696045
    3661   -1.683692
    3662   -1.683692
    3663   -1.670741
    3664   -1.670741
    3665   -1.657197
    3666   -1.657197
    3667   -1.643086
    3668   -1.643086
    3669   -1.628439
    3670   -1.628439
    3671   -1.613317
    3672   -1.613317
    3673   -1.597703
    3674   -1.597703
    3675   -1.581464
    3676   -1.581464
    3677   -1.564459
    3678   -1.564459
    3679   -1.546598
    3680   -1.546598
    3681   -1.527561
    3682   -1.527561
    3683   -1.507494
    3684   -1.507494
    3685   -1.488114
    3686   -1.488114
    3687   -1.470061
    3688   -1.470061
    3689   -1.452375
    3690   -1.452375
    3691   -1.434240
    3692   -1.434240
    3693   -1.414774
    3694   -1.414774
    3695   -1.393793
    3696   -1.393793
    3697   -1.371460
    3698   -1.371460
    3699   -1.347670
    3700   -1.347670
    3701   -1.322366
    3702   -1.322366
    3703   -1.295490
    3704   -1.295490
    3705   -1.266977
    3706   -1.266977
    3707   -1.236803
    3708   -1.236803
    3709   -1.204940
    3710   -1.204940
    3711   -1.171308
    3712   -1.171308
    3713   -1.135816
    3714   -1.135816
    3715   -1.098409
    3716   -1.098409
    3717   -1.059062
    3718   -1.059062
    3719   -1.017712
    3720   -1.017712
    3721   -0.974253
    3722   -0.974253
    3723   -0.928487
    3724   -0.928487
    3725   -0.880214
    3726   -0.880214
    3727   -0.829314
    3728   -0.829314
    3729   -0.775725
    3730   -0.775725
    3731   -0.719276
    3732   -0.719276
    3733   -0.659629
    3734   -0.659629
    3735   -0.596486
    3736   -0.596486
    3737   -0.529488
    3738   -0.529488
    3739   -0.458074
    3740   -0.458074
    3741   -0.381713
    3742   -0.381713
    3743   -0.299841
    3744   -0.299841
    3745   -0.211843
    3746   -0.211843
    3747   -0.117093
    3748   -0.117093
    3749   -0.014821
    3750   -0.014821
    3751    0.095789
    3752    0.095789
    3753    0.214674
    3754    0.214674
    3755    0.339631
    3756    0.339631
    3757    0.466929
    3758    0.466929
    3759    0.582829
    3760    0.582829
    3761    0.661901
    3762    0.661901
    3763   -2.891675
    3764   -2.891675
    3765   -2.881667
    3766   -2.881667
    3767   -2.869885
    3768   -2.869885
    3769   -2.864274
    3770   -2.864274
    3771   -2.861628
    3772   -2.861628
    3773   -2.858751
    3774   -2.858751
    3775   -2.855544
    3776   -2.855544
    3777   -2.851938
    3778   -2.851938
    3779   -2.847914
    3780   -2.847914
    3781   -2.843457
    3782   -2.843457
    3783   -2.838566
    3784   -2.838566
    3785   -2.833261
    3786   -2.833261
    3787   -2.827591
    3788   -2.827591
    3789   -2.821598
    3790   -2.821598
    3791   -2.815276
    3792   -2.815276
    3793   -2.808559
    3794   -2.808559
    3795   -2.801483
    3796   -2.801483
    3797   -2.794258
    3798   -2.794258
    3799   -2.786982
    3800   -2.786982
    3801   -2.779602
    3802   -2.779602
    3803   -2.772064
    3804   -2.772064
    3805   -2.764331
    3806   -2.764331
    3807   -2.756334
    3808   -2.756334
    3809   -2.747997
    3810   -2.747997
    3811   -2.739238
    3812   -2.739238
    3813   -2.730004
    3814   -2.730004
    3815   -2.720331
    3816   -2.720331
    3817   -2.710253
    3818   -2.710253
    3819   -2.699782
    3820   -2.699782
    3821   -2.688895
    3822   -2.688895
    3823   -2.677628
    3824   -2.677628
    3825   -2.666062
    3826   -2.666062
    3827   -2.654200
    3828   -2.654200
    3829   -2.642002
    3830   -2.642002
    3831   -2.629445
    3832   -2.629445
    3833   -2.616518
    3834   -2.616518
    3835   -2.603199
    3836   -2.603199
    3837   -2.589419
    3838   -2.589419
    3839   -2.575073
    3840   -2.575073
    3841   -2.560162
    3842   -2.560162
    3843   -2.544717
    3844   -2.544717
    3845   -2.528649
    3846   -2.528649
    3847   -2.511936
    3848   -2.511936
    3849   -2.494621
    3850   -2.494621
    3851   -2.476814
    3852   -2.476814
    3853   -2.458669
    3854   -2.458669
    3855   -2.440030
    3856   -2.440030
    3857   -2.420556
    3858   -2.420556
    3859   -2.400133
    3860   -2.400133
    3861   -2.378725
    3862   -2.378725
    3863   -2.356355
    3864   -2.356355
    3865   -2.333078
    3866   -2.333078
    3867   -2.308934
    3868   -2.308934
    3869   -2.284017
    3870   -2.284017
    3871   -2.258301
    3872   -2.258301
    3873   -2.231574
    3874   -2.231574
    3875   -2.203618
    3876   -2.203618
    3877   -2.174274
    3878   -2.174274
    3879   -2.142865
    3880   -2.142865
    3881   -2.109367
    3882   -2.109367
    3883   -2.076587
    3884   -2.076587
    3885   -2.045851
    3886   -2.045851
    3887   -2.016571
    3888   -2.016571
    3889   -1.987330
    3890   -1.987330
    3891   -1.955269
    3892   -1.955269
    3893   -1.920297
    3894   -1.920297
    3895   -1.883314
    3896   -1.883314
    3897   -1.844012
    3898   -1.844012
    3899   -1.802200
    3900   -1.802200
    3901   -1.757762
    3902   -1.757762
    3903   -1.710639
    3904   -1.710639
    3905   -1.660796
    3906   -1.660796
    3907   -1.608180
    3908   -1.608180
    3909   -1.552631
    3910   -1.552631
    3911   -1.494000
    3912   -1.494000
    3913   -1.432209
    3914   -1.432209
    3915   -1.367180
    3916   -1.367180
    3917   -1.298833
    3918   -1.298833
    3919   -1.227038
    3920   -1.227038
    3921   -1.151453
    3922   -1.151453
    3923   -1.071688
    3924   -1.071688
    3925   -0.987471
    3926   -0.987471
    3927   -0.898845
    3928   -0.898845
    3929   -0.805628
    3930   -0.805628
    3931   -0.707044
    3932   -0.707044
    3933   -0.602683
    3934   -0.602683
    3935   -0.492112
    3936   -0.492112
    3937   -0.374290
    3938   -0.374290
    3939   -0.248294
    3940   -0.248294
    3941   -0.113185
    3942   -0.113185
    3943    0.031970
    3944    0.031970
    3945    0.188138
    3946    0.188138
    3947    0.356635
    3948    0.356635
    3949    0.538978
    3950    0.538978
    3951    0.734939
    3952    0.734939
    3953    0.941186
    3954    0.941186
    3955    1.151823
    3956    1.151823
    3957    1.342017
    3958    1.342017
    3959    1.469680
    3960    1.469680
