       1    0.003448
       2    0.003448
       3    0.003418
       4    0.003418
       5    0.003381
       6    0.003381
       7    0.003375
       8    0.003375
       9    0.003385
      10    0.003385
      11    0.003388
      12    0.003388
      13    0.003387
      14    0.003387
      15    0.003386
      16    0.003386
      17    0.003384
      18    0.003384
      19    0.003382
      20    0.003382
      21    0.003378
      22    0.003378
      23    0.003373
      24    0.003373
      25    0.003368
      26    0.003368
      27    0.003363
      28    0.003363
      29    0.003358
      30    0.003358
      31    0.003352
      32    0.003352
      33    0.003347
      34    0.003347
      35    0.003341
      36    0.003341
      37    0.003336
      38    0.003336
      39    0.003330
      40    0.003330
      41    0.003325
      42    0.003325
      43    0.003320
      44    0.003320
      45    0.003314
      46    0.003314
      47    0.003309
      48    0.003309
      49    0.003303
      50    0.003303
      51    0.003298
      52    0.003298
      53    0.003294
      54    0.003294
      55    0.003290
      56    0.003290
      57    0.003285
      58    0.003285
      59    0.003281
      60    0.003281
      61    0.003276
      62    0.003276
      63    0.003272
      64    0.003272
      65    0.003267
      66    0.003267
      67    0.003261
      68    0.003261
      69    0.003256
      70    0.003256
      71    0.003250
      72    0.003250
      73    0.003244
      74    0.003244
      75    0.003237
      76    0.003237
      77    0.003231
      78    0.003231
      79    0.003225
      80    0.003225
      81    0.003218
      82    0.003218
      83    0.003210
      84    0.003210
      85    0.003202
      86    0.003202
      87    0.003193
      88    0.003193
      89    0.003183
      90    0.003183
      91    0.003173
      92    0.003173
      93    0.003164
      94    0.003164
      95    0.003154
      96    0.003154
      97    0.003147
      98    0.003147
      99    0.003142
     100    0.003142
     101    0.003142
     102    0.003142
     103    0.003149
     104    0.003149
     105    0.003153
     106    0.003153
     107    0.003148
     108    0.003148
     109    0.003135
     110    0.003135
     111    0.003118
     112    0.003118
     113    0.003095
     114    0.003095
     115    0.003065
     116    0.003065
     117    0.003030
     118    0.003030
     119    0.003010
     120    0.003010
     121    0.003027
     122    0.003027
     123    0.003071
     124    0.003071
     125    0.003121
     126    0.003121
     127    0.003168
     128    0.003168
     129    0.003212
     130    0.003212
     131    0.003251
     132    0.003251
     133    0.003285
     134    0.003285
     135    0.003316
     136    0.003316
     137    0.003345
     138    0.003345
     139    0.003372
     140    0.003372
     141    0.003396
     142    0.003396
     143    0.003417
     144    0.003417
     145    0.003434
     146    0.003434
     147    0.003447
     148    0.003447
     149    0.003455
     150    0.003455
     151    0.003461
     152    0.003461
     153    0.003465
     154    0.003465
     155    0.003461
     156    0.003461
     157    0.003443
     158    0.003443
     159    0.003411
     160    0.003411
     161    0.003363
     162    0.003363
     163    0.003301
     164    0.003301
     165    0.003214
     166    0.003214
     167    0.003091
     168    0.003091
     169    0.002930
     170    0.002930
     171    0.002734
     172    0.002734
     173    0.002489
     174    0.002489
     175    0.002180
     176    0.002180
     177    0.001805
     178    0.001805
     179    0.001374
     180    0.001374
     181    0.000878
     182    0.000878
     183    0.000317
     184    0.000317
     185   -0.000288
     186   -0.000288
     187   -0.000864
     188   -0.000864
     189   -0.001369
     190   -0.001369
     191   -0.001698
     192   -0.001698
     193   -0.002382
     194   -0.002382
     195   -0.004159
     196   -0.004159
     197   -0.005915
     198   -0.005915
     199    0.009855
     200    0.009855
     201    0.009803
     202    0.009803
     203    0.009744
     204    0.009744
     205    0.009742
     206    0.009742
     207    0.009761
     208    0.009761
     209    0.009763
     210    0.009763
     211    0.009760
     212    0.009760
     213    0.009756
     214    0.009756
     215    0.009752
     216    0.009752
     217    0.009745
     218    0.009745
     219    0.009734
     220    0.009734
     221    0.009721
     222    0.009721
     223    0.009706
     224    0.009706
     225    0.009691
     226    0.009691
     227    0.009676
     228    0.009676
     229    0.009660
     230    0.009660
     231    0.009645
     232    0.009645
     233    0.009629
     234    0.009629
     235    0.009614
     236    0.009614
     237    0.009598
     238    0.009598
     239    0.009583
     240    0.009583
     241    0.009568
     242    0.009568
     243    0.009553
     244    0.009553
     245    0.009537
     246    0.009537
     247    0.009523
     248    0.009523
     249    0.009509
     250    0.009509
     251    0.009496
     252    0.009496
     253    0.009484
     254    0.009484
     255    0.009472
     256    0.009472
     257    0.009459
     258    0.009459
     259    0.009446
     260    0.009446
     261    0.009432
     262    0.009432
     263    0.009418
     264    0.009418
     265    0.009403
     266    0.009403
     267    0.009387
     268    0.009387
     269    0.009371
     270    0.009371
     271    0.009354
     272    0.009354
     273    0.009336
     274    0.009336
     275    0.009317
     276    0.009317
     277    0.009299
     278    0.009299
     279    0.009278
     280    0.009278
     281    0.009256
     282    0.009256
     283    0.009233
     284    0.009233
     285    0.009208
     286    0.009208
     287    0.009182
     288    0.009182
     289    0.009156
     290    0.009156
     291    0.009129
     292    0.009129
     293    0.009103
     294    0.009103
     295    0.009080
     296    0.009080
     297    0.009065
     298    0.009065
     299    0.009065
     300    0.009065
     301    0.009080
     302    0.009080
     303    0.009087
     304    0.009087
     305    0.009067
     306    0.009067
     307    0.009026
     308    0.009026
     309    0.008972
     310    0.008972
     311    0.008906
     312    0.008906
     313    0.008824
     314    0.008824
     315    0.008728
     316    0.008728
     317    0.008671
     318    0.008671
     319    0.008715
     320    0.008715
     321    0.008833
     322    0.008833
     323    0.008970
     324    0.008970
     325    0.009103
     326    0.009103
     327    0.009225
     328    0.009225
     329    0.009335
     330    0.009335
     331    0.009435
     332    0.009435
     333    0.009526
     334    0.009526
     335    0.009611
     336    0.009611
     337    0.009690
     338    0.009690
     339    0.009761
     340    0.009761
     341    0.009823
     342    0.009823
     343    0.009875
     344    0.009875
     345    0.009917
     346    0.009917
     347    0.009943
     348    0.009943
     349    0.009963
     350    0.009963
     351    0.009978
     352    0.009978
     353    0.009968
     354    0.009968
     355    0.009922
     356    0.009922
     357    0.009835
     358    0.009835
     359    0.009706
     360    0.009706
     361    0.009538
     362    0.009538
     363    0.009306
     364    0.009306
     365    0.008982
     366    0.008982
     367    0.008557
     368    0.008557
     369    0.008039
     370    0.008039
     371    0.007393
     372    0.007393
     373    0.006577
     374    0.006577
     375    0.005588
     376    0.005588
     377    0.004450
     378    0.004450
     379    0.003131
     380    0.003131
     381    0.001652
     382    0.001652
     383    0.000091
     384    0.000091
     385   -0.001353
     386   -0.001353
     387   -0.002578
     388   -0.002578
     389   -0.003420
     390   -0.003420
     391   -0.004934
     392   -0.004934
     393   -0.008175
     394   -0.008175
     395   -0.010882
     396   -0.010882
     397    0.015475
     398    0.015475
     399    0.015436
     400    0.015436
     401    0.015409
     402    0.015409
     403    0.015429
     404    0.015429
     405    0.015448
     406    0.015448
     407    0.015446
     408    0.015446
     409    0.015441
     410    0.015441
     411    0.015435
     412    0.015435
     413    0.015428
     414    0.015428
     415    0.015416
     416    0.015416
     417    0.015400
     418    0.015400
     419    0.015379
     420    0.015379
     421    0.015357
     422    0.015357
     423    0.015333
     424    0.015333
     425    0.015309
     426    0.015309
     427    0.015285
     428    0.015285
     429    0.015261
     430    0.015261
     431    0.015237
     432    0.015237
     433    0.015213
     434    0.015213
     435    0.015189
     436    0.015189
     437    0.015165
     438    0.015165
     439    0.015142
     440    0.015142
     441    0.015119
     442    0.015119
     443    0.015097
     444    0.015097
     445    0.015076
     446    0.015076
     447    0.015055
     448    0.015055
     449    0.015035
     450    0.015035
     451    0.015016
     452    0.015016
     453    0.014996
     454    0.014996
     455    0.014976
     456    0.014976
     457    0.014955
     458    0.014955
     459    0.014934
     460    0.014934
     461    0.014912
     462    0.014912
     463    0.014889
     464    0.014889
     465    0.014865
     466    0.014865
     467    0.014840
     468    0.014840
     469    0.014813
     470    0.014813
     471    0.014785
     472    0.014785
     473    0.014756
     474    0.014756
     475    0.014727
     476    0.014727
     477    0.014695
     478    0.014695
     479    0.014661
     480    0.014661
     481    0.014626
     482    0.014626
     483    0.014590
     484    0.014590
     485    0.014553
     486    0.014553
     487    0.014514
     488    0.014514
     489    0.014473
     490    0.014473
     491    0.014432
     492    0.014432
     493    0.014394
     494    0.014394
     495    0.014365
     496    0.014365
     497    0.014355
     498    0.014355
     499    0.014361
     500    0.014361
     501    0.014347
     502    0.014347
     503    0.014287
     504    0.014287
     505    0.014201
     506    0.014201
     507    0.014107
     508    0.014107
     509    0.014005
     510    0.014005
     511    0.013884
     512    0.013884
     513    0.013750
     514    0.013750
     515    0.013672
     516    0.013672
     517    0.013727
     518    0.013727
     519    0.013891
     520    0.013891
     521    0.014091
     522    0.014091
     523    0.014289
     524    0.014289
     525    0.014474
     526    0.014474
     527    0.014642
     528    0.014642
     529    0.014797
     530    0.014797
     531    0.014943
     532    0.014943
     533    0.015080
     534    0.015080
     535    0.015209
     536    0.015209
     537    0.015328
     538    0.015328
     539    0.015434
     540    0.015434
     541    0.015528
     542    0.015528
     543    0.015605
     544    0.015605
     545    0.015662
     546    0.015662
     547    0.015707
     548    0.015707
     549    0.015740
     550    0.015740
     551    0.015741
     552    0.015741
     553    0.015692
     554    0.015692
     555    0.015581
     556    0.015581
     557    0.015411
     558    0.015411
     559    0.015186
     560    0.015186
     561    0.014883
     562    0.014883
     563    0.014465
     564    0.014465
     565    0.013914
     566    0.013914
     567    0.013240
     568    0.013240
     569    0.012401
     570    0.012401
     571    0.011331
     572    0.011331
     573    0.010037
     574    0.010037
     575    0.008528
     576    0.008528
     577    0.006761
     578    0.006761
     579    0.004786
     580    0.004786
     581    0.002750
     582    0.002750
     583    0.000904
     584    0.000904
     585   -0.000706
     586   -0.000706
     587   -0.002389
     588   -0.002389
     589   -0.004764
     590   -0.004764
     591   -0.007272
     592   -0.007272
     593   -0.008335
     594   -0.008335
     595    0.020773
     596    0.020773
     597    0.020729
     598    0.020729
     599    0.020704
     600    0.020704
     601    0.020734
     602    0.020734
     603    0.020760
     604    0.020760
     605    0.020762
     606    0.020762
     607    0.020759
     608    0.020759
     609    0.020752
     610    0.020752
     611    0.020742
     612    0.020742
     613    0.020725
     614    0.020725
     615    0.020703
     616    0.020703
     617    0.020677
     618    0.020677
     619    0.020648
     620    0.020648
     621    0.020618
     622    0.020618
     623    0.020586
     624    0.020586
     625    0.020554
     626    0.020554
     627    0.020522
     628    0.020522
     629    0.020490
     630    0.020490
     631    0.020458
     632    0.020458
     633    0.020427
     634    0.020427
     635    0.020396
     636    0.020396
     637    0.020366
     638    0.020366
     639    0.020337
     640    0.020337
     641    0.020309
     642    0.020309
     643    0.020281
     644    0.020281
     645    0.020254
     646    0.020254
     647    0.020228
     648    0.020228
     649    0.020201
     650    0.020201
     651    0.020175
     652    0.020175
     653    0.020148
     654    0.020148
     655    0.020120
     656    0.020120
     657    0.020091
     658    0.020091
     659    0.020062
     660    0.020062
     661    0.020031
     662    0.020031
     663    0.019999
     664    0.019999
     665    0.019966
     666    0.019966
     667    0.019931
     668    0.019931
     669    0.019894
     670    0.019894
     671    0.019856
     672    0.019856
     673    0.019816
     674    0.019816
     675    0.019774
     676    0.019774
     677    0.019731
     678    0.019731
     679    0.019687
     680    0.019687
     681    0.019642
     682    0.019642
     683    0.019595
     684    0.019595
     685    0.019545
     686    0.019545
     687    0.019491
     688    0.019491
     689    0.019436
     690    0.019436
     691    0.019379
     692    0.019379
     693    0.019326
     694    0.019326
     695    0.019284
     696    0.019284
     697    0.019243
     698    0.019243
     699    0.019159
     700    0.019159
     701    0.019027
     702    0.019027
     703    0.018884
     704    0.018884
     705    0.018750
     706    0.018750
     707    0.018614
     708    0.018614
     709    0.018468
     710    0.018468
     711    0.018323
     712    0.018323
     713    0.018243
     714    0.018243
     715    0.018304
     716    0.018304
     717    0.018494
     718    0.018494
     719    0.018736
     720    0.018736
     721    0.018982
     722    0.018982
     723    0.019214
     724    0.019214
     725    0.019429
     726    0.019429
     727    0.019631
     728    0.019631
     729    0.019825
     730    0.019825
     731    0.020010
     732    0.020010
     733    0.020186
     734    0.020186
     735    0.020353
     736    0.020353
     737    0.020508
     738    0.020508
     739    0.020650
     740    0.020650
     741    0.020774
     742    0.020774
     743    0.020879
     744    0.020879
     745    0.020967
     746    0.020967
     747    0.021037
     748    0.021037
     749    0.021069
     750    0.021069
     751    0.021049
     752    0.021049
     753    0.020961
     754    0.020961
     755    0.020805
     756    0.020805
     757    0.020585
     758    0.020585
     759    0.020290
     760    0.020290
     761    0.019886
     762    0.019886
     763    0.019344
     764    0.019344
     765    0.018677
     766    0.018677
     767    0.017840
     768    0.017840
     769    0.016766
     770    0.016766
     771    0.015460
     772    0.015460
     773    0.013902
     774    0.013902
     775    0.012054
     776    0.012054
     777    0.009954
     778    0.009954
     779    0.007850
     780    0.007850
     781    0.005959
     782    0.005959
     783    0.004053
     784    0.004053
     785    0.001086
     786    0.001086
     787   -0.002769
     788   -0.002769
     789   -0.005060
     790   -0.005060
     791   -0.005375
     792   -0.005375
     793    0.026175
     794    0.026175
     795    0.026104
     796    0.026104
     797    0.026046
     798    0.026046
     799    0.026077
     800    0.026077
     801    0.026128
     802    0.026128
     803    0.026150
     804    0.026150
     805    0.026153
     806    0.026153
     807    0.026147
     808    0.026147
     809    0.026134
     810    0.026134
     811    0.026114
     812    0.026114
     813    0.026088
     814    0.026088
     815    0.026058
     816    0.026058
     817    0.026026
     818    0.026026
     819    0.025991
     820    0.025991
     821    0.025954
     822    0.025954
     823    0.025916
     824    0.025916
     825    0.025878
     826    0.025878
     827    0.025840
     828    0.025840
     829    0.025801
     830    0.025801
     831    0.025763
     832    0.025763
     833    0.025725
     834    0.025725
     835    0.025688
     836    0.025688
     837    0.025652
     838    0.025652
     839    0.025617
     840    0.025617
     841    0.025583
     842    0.025583
     843    0.025548
     844    0.025548
     845    0.025514
     846    0.025514
     847    0.025479
     848    0.025479
     849    0.025444
     850    0.025444
     851    0.025408
     852    0.025408
     853    0.025371
     854    0.025371
     855    0.025333
     856    0.025333
     857    0.025294
     858    0.025294
     859    0.025253
     860    0.025253
     861    0.025211
     862    0.025211
     863    0.025168
     864    0.025168
     865    0.025123
     866    0.025123
     867    0.025077
     868    0.025077
     869    0.025028
     870    0.025028
     871    0.024978
     872    0.024978
     873    0.024925
     874    0.024925
     875    0.024871
     876    0.024871
     877    0.024816
     878    0.024816
     879    0.024761
     880    0.024761
     881    0.024703
     882    0.024703
     883    0.024640
     884    0.024640
     885    0.024573
     886    0.024573
     887    0.024500
     888    0.024500
     889    0.024421
     890    0.024421
     891    0.024334
     892    0.024334
     893    0.024239
     894    0.024239
     895    0.024119
     896    0.024119
     897    0.023957
     898    0.023957
     899    0.023773
     900    0.023773
     901    0.023600
     902    0.023600
     903    0.023439
     904    0.023439
     905    0.023281
     906    0.023281
     907    0.023120
     908    0.023120
     909    0.022975
     910    0.022975
     911    0.022904
     912    0.022904
     913    0.022976
     914    0.022976
     915    0.023184
     916    0.023184
     917    0.023455
     918    0.023455
     919    0.023737
     920    0.023737
     921    0.024011
     922    0.024011
     923    0.024270
     924    0.024270
     925    0.024519
     926    0.024519
     927    0.024755
     928    0.024755
     929    0.024982
     930    0.024982
     931    0.025202
     932    0.025202
     933    0.025417
     934    0.025417
     935    0.025621
     936    0.025621
     937    0.025811
     938    0.025811
     939    0.025985
     940    0.025985
     941    0.026142
     942    0.026142
     943    0.026283
     944    0.026283
     945    0.026398
     946    0.026398
     947    0.026471
     948    0.026471
     949    0.026494
     950    0.026494
     951    0.026457
     952    0.026457
     953    0.026351
     954    0.026351
     955    0.026172
     956    0.026172
     957    0.025912
     958    0.025912
     959    0.025544
     960    0.025544
     961    0.025045
     962    0.025045
     963    0.024426
     964    0.024426
     965    0.023651
     966    0.023651
     967    0.022663
     968    0.022663
     969    0.021446
     970    0.021446
     971    0.019954
     972    0.019954
     973    0.018144
     974    0.018144
     975    0.016011
     976    0.016011
     977    0.014052
     978    0.014052
     979    0.012376
     980    0.012376
     981    0.010181
     982    0.010181
     983    0.006527
     984    0.006527
     985    0.002138
     986    0.002138
     987   -0.000477
     988   -0.000477
     989   -0.001275
     990   -0.001275
     991    0.031935
     992    0.031935
     993    0.031869
     994    0.031869
     995    0.031818
     996    0.031818
     997    0.031856
     998    0.031856
     999    0.031908
    1000    0.031908
    1001    0.031925
    1002    0.031925
    1003    0.031925
    1004    0.031925
    1005    0.031916
    1006    0.031916
    1007    0.031902
    1008    0.031902
    1009    0.031882
    1010    0.031882
    1011    0.031857
    1012    0.031857
    1013    0.031828
    1014    0.031828
    1015    0.031796
    1016    0.031796
    1017    0.031761
    1018    0.031761
    1019    0.031724
    1020    0.031724
    1021    0.031683
    1022    0.031683
    1023    0.031642
    1024    0.031642
    1025    0.031598
    1026    0.031598
    1027    0.031554
    1028    0.031554
    1029    0.031509
    1030    0.031509
    1031    0.031463
    1032    0.031463
    1033    0.031418
    1034    0.031418
    1035    0.031374
    1036    0.031374
    1037    0.031330
    1038    0.031330
    1039    0.031285
    1040    0.031285
    1041    0.031241
    1042    0.031241
    1043    0.031196
    1044    0.031196
    1045    0.031150
    1046    0.031150
    1047    0.031102
    1048    0.031102
    1049    0.031053
    1050    0.031053
    1051    0.031003
    1052    0.031003
    1053    0.030951
    1054    0.030951
    1055    0.030898
    1056    0.030898
    1057    0.030844
    1058    0.030844
    1059    0.030789
    1060    0.030789
    1061    0.030733
    1062    0.030733
    1063    0.030675
    1064    0.030675
    1065    0.030615
    1066    0.030615
    1067    0.030553
    1068    0.030553
    1069    0.030489
    1070    0.030489
    1071    0.030423
    1072    0.030423
    1073    0.030355
    1074    0.030355
    1075    0.030286
    1076    0.030286
    1077    0.030217
    1078    0.030217
    1079    0.030145
    1080    0.030145
    1081    0.030068
    1082    0.030068
    1083    0.029985
    1084    0.029985
    1085    0.029894
    1086    0.029894
    1087    0.029793
    1088    0.029793
    1089    0.029677
    1090    0.029677
    1091    0.029535
    1092    0.029535
    1093    0.029365
    1094    0.029365
    1095    0.029183
    1096    0.029183
    1097    0.029013
    1098    0.029013
    1099    0.028853
    1100    0.028853
    1101    0.028693
    1102    0.028693
    1103    0.028528
    1104    0.028528
    1105    0.028364
    1106    0.028364
    1107    0.028221
    1108    0.028221
    1109    0.028151
    1110    0.028151
    1111    0.028226
    1112    0.028226
    1113    0.028447
    1114    0.028447
    1115    0.028748
    1116    0.028748
    1117    0.029071
    1118    0.029071
    1119    0.029393
    1120    0.029393
    1121    0.029704
    1122    0.029704
    1123    0.030005
    1124    0.030005
    1125    0.030297
    1126    0.030297
    1127    0.030579
    1128    0.030579
    1129    0.030857
    1130    0.030857
    1131    0.031125
    1132    0.031125
    1133    0.031379
    1134    0.031379
    1135    0.031619
    1136    0.031619
    1137    0.031844
    1138    0.031844
    1139    0.032055
    1140    0.032055
    1141    0.032246
    1142    0.032246
    1143    0.032405
    1144    0.032405
    1145    0.032519
    1146    0.032519
    1147    0.032583
    1148    0.032583
    1149    0.032589
    1150    0.032589
    1151    0.032522
    1152    0.032522
    1153    0.032366
    1154    0.032366
    1155    0.032107
    1156    0.032107
    1157    0.031721
    1158    0.031721
    1159    0.031201
    1160    0.031201
    1161    0.030552
    1162    0.030552
    1163    0.029750
    1164    0.029750
    1165    0.028750
    1166    0.028750
    1167    0.027505
    1168    0.027505
    1169    0.025956
    1170    0.025956
    1171    0.024050
    1172    0.024050
    1173    0.021745
    1174    0.021745
    1175    0.019763
    1176    0.019763
    1177    0.018094
    1178    0.018094
    1179    0.015482
    1180    0.015482
    1181    0.011896
    1182    0.011896
    1183    0.008194
    1184    0.008194
    1185    0.005420
    1186    0.005420
    1187    0.003907
    1188    0.003907
    1189    0.038289
    1190    0.038289
    1191    0.038273
    1192    0.038273
    1193    0.038278
    1194    0.038278
    1195    0.038311
    1196    0.038311
    1197    0.038320
    1198    0.038320
    1199    0.038305
    1200    0.038305
    1201    0.038290
    1202    0.038290
    1203    0.038275
    1204    0.038275
    1205    0.038258
    1206    0.038258
    1207    0.038239
    1208    0.038239
    1209    0.038216
    1210    0.038216
    1211    0.038189
    1212    0.038189
    1213    0.038159
    1214    0.038159
    1215    0.038125
    1216    0.038125
    1217    0.038087
    1218    0.038087
    1219    0.038045
    1220    0.038045
    1221    0.038000
    1222    0.038000
    1223    0.037951
    1224    0.037951
    1225    0.037900
    1226    0.037900
    1227    0.037846
    1228    0.037846
    1229    0.037791
    1230    0.037791
    1231    0.037736
    1232    0.037736
    1233    0.037682
    1234    0.037682
    1235    0.037627
    1236    0.037627
    1237    0.037572
    1238    0.037572
    1239    0.037516
    1240    0.037516
    1241    0.037459
    1242    0.037459
    1243    0.037399
    1244    0.037399
    1245    0.037336
    1246    0.037336
    1247    0.037272
    1248    0.037272
    1249    0.037206
    1250    0.037206
    1251    0.037138
    1252    0.037138
    1253    0.037069
    1254    0.037069
    1255    0.037000
    1256    0.037000
    1257    0.036931
    1258    0.036931
    1259    0.036861
    1260    0.036861
    1261    0.036789
    1262    0.036789
    1263    0.036715
    1264    0.036715
    1265    0.036640
    1266    0.036640
    1267    0.036562
    1268    0.036562
    1269    0.036481
    1270    0.036481
    1271    0.036398
    1272    0.036398
    1273    0.036314
    1274    0.036314
    1275    0.036230
    1276    0.036230
    1277    0.036143
    1278    0.036143
    1279    0.036052
    1280    0.036052
    1281    0.035953
    1282    0.035953
    1283    0.035846
    1284    0.035846
    1285    0.035730
    1286    0.035730
    1287    0.035600
    1288    0.035600
    1289    0.035449
    1290    0.035449
    1291    0.035284
    1292    0.035284
    1293    0.035131
    1294    0.035131
    1295    0.034996
    1296    0.034996
    1297    0.034859
    1298    0.034859
    1299    0.034709
    1300    0.034709
    1301    0.034551
    1302    0.034551
    1303    0.034394
    1304    0.034394
    1305    0.034258
    1306    0.034258
    1307    0.034188
    1308    0.034188
    1309    0.034261
    1310    0.034261
    1311    0.034505
    1312    0.034505
    1313    0.034855
    1314    0.034855
    1315    0.035238
    1316    0.035238
    1317    0.035622
    1318    0.035622
    1319    0.035998
    1320    0.035998
    1321    0.036367
    1322    0.036367
    1323    0.036733
    1324    0.036733
    1325    0.037095
    1326    0.037095
    1327    0.037448
    1328    0.037448
    1329    0.037788
    1330    0.037788
    1331    0.038107
    1332    0.038107
    1333    0.038408
    1334    0.038408
    1335    0.038699
    1336    0.038699
    1337    0.038974
    1338    0.038974
    1339    0.039222
    1340    0.039222
    1341    0.039424
    1342    0.039424
    1343    0.039577
    1344    0.039577
    1345    0.039670
    1346    0.039670
    1347    0.039685
    1348    0.039685
    1349    0.039612
    1350    0.039612
    1351    0.039438
    1352    0.039438
    1353    0.039137
    1354    0.039137
    1355    0.038684
    1356    0.038684
    1357    0.038085
    1358    0.038085
    1359    0.037330
    1360    0.037330
    1361    0.036394
    1362    0.036394
    1363    0.035248
    1364    0.035248
    1365    0.033828
    1366    0.033828
    1367    0.032070
    1368    0.032070
    1369    0.030004
    1370    0.030004
    1371    0.027544
    1372    0.027544
    1373    0.025081
    1374    0.025081
    1375    0.022732
    1376    0.022732
    1377    0.019686
    1378    0.019686
    1379    0.016299
    1380    0.016299
    1381    0.013103
    1382    0.013103
    1383    0.010172
    1384    0.010172
    1385    0.008169
    1386    0.008169
    1387    0.045481
    1388    0.045481
    1389    0.045481
    1390    0.045481
    1391    0.045483
    1392    0.045483
    1393    0.045475
    1394    0.045475
    1395    0.045444
    1396    0.045444
    1397    0.045404
    1398    0.045404
    1399    0.045371
    1400    0.045371
    1401    0.045341
    1402    0.045341
    1403    0.045315
    1404    0.045315
    1405    0.045290
    1406    0.045290
    1407    0.045264
    1408    0.045264
    1409    0.045235
    1410    0.045235
    1411    0.045203
    1412    0.045203
    1413    0.045167
    1414    0.045167
    1415    0.045126
    1416    0.045126
    1417    0.045079
    1418    0.045079
    1419    0.045027
    1420    0.045027
    1421    0.044971
    1422    0.044971
    1423    0.044911
    1424    0.044911
    1425    0.044847
    1426    0.044847
    1427    0.044780
    1428    0.044780
    1429    0.044715
    1430    0.044715
    1431    0.044650
    1432    0.044650
    1433    0.044585
    1434    0.044585
    1435    0.044518
    1436    0.044518
    1437    0.044451
    1438    0.044451
    1439    0.044382
    1440    0.044382
    1441    0.044310
    1442    0.044310
    1443    0.044234
    1444    0.044234
    1445    0.044157
    1446    0.044157
    1447    0.044078
    1448    0.044078
    1449    0.043997
    1450    0.043997
    1451    0.043914
    1452    0.043914
    1453    0.043832
    1454    0.043832
    1455    0.043750
    1456    0.043750
    1457    0.043667
    1458    0.043667
    1459    0.043583
    1460    0.043583
    1461    0.043497
    1462    0.043497
    1463    0.043410
    1464    0.043410
    1465    0.043320
    1466    0.043320
    1467    0.043228
    1468    0.043228
    1469    0.043133
    1470    0.043133
    1471    0.043037
    1472    0.043037
    1473    0.042940
    1474    0.042940
    1475    0.042840
    1476    0.042840
    1477    0.042735
    1478    0.042735
    1479    0.042624
    1480    0.042624
    1481    0.042506
    1482    0.042506
    1483    0.042381
    1484    0.042381
    1485    0.042249
    1486    0.042249
    1487    0.042107
    1488    0.042107
    1489    0.041963
    1490    0.041963
    1491    0.041829
    1492    0.041829
    1493    0.041704
    1494    0.041704
    1495    0.041574
    1496    0.041574
    1497    0.041438
    1498    0.041438
    1499    0.041298
    1500    0.041298
    1501    0.041166
    1502    0.041166
    1503    0.041057
    1504    0.041057
    1505    0.041017
    1506    0.041017
    1507    0.041128
    1508    0.041128
    1509    0.041427
    1510    0.041427
    1511    0.041850
    1512    0.041850
    1513    0.042312
    1514    0.042312
    1515    0.042779
    1516    0.042779
    1517    0.043242
    1518    0.043242
    1519    0.043698
    1520    0.043698
    1521    0.044153
    1522    0.044153
    1523    0.044601
    1524    0.044601
    1525    0.045039
    1526    0.045039
    1527    0.045470
    1528    0.045470
    1529    0.045884
    1530    0.045884
    1531    0.046282
    1532    0.046282
    1533    0.046668
    1534    0.046668
    1535    0.047029
    1536    0.047029
    1537    0.047349
    1538    0.047349
    1539    0.047607
    1540    0.047607
    1541    0.047797
    1542    0.047797
    1543    0.047907
    1544    0.047907
    1545    0.047914
    1546    0.047914
    1547    0.047816
    1548    0.047816
    1549    0.047594
    1550    0.047594
    1551    0.047226
    1552    0.047226
    1553    0.046705
    1554    0.046705
    1555    0.046028
    1556    0.046028
    1557    0.045155
    1558    0.045155
    1559    0.044062
    1560    0.044062
    1561    0.042724
    1562    0.042724
    1563    0.041074
    1564    0.041074
    1565    0.039061
    1566    0.039061
    1567    0.036858
    1568    0.036858
    1569    0.034312
    1570    0.034312
    1571    0.031143
    1572    0.031143
    1573    0.027788
    1574    0.027788
    1575    0.024388
    1576    0.024388
    1577    0.020954
    1578    0.020954
    1579    0.017521
    1580    0.017521
    1581    0.014130
    1582    0.014130
    1583    0.011670
    1584    0.011670
    1585    0.053715
    1586    0.053715
    1587    0.053689
    1588    0.053689
    1589    0.053636
    1590    0.053636
    1591    0.053568
    1592    0.053568
    1593    0.053499
    1594    0.053499
    1595    0.053434
    1596    0.053434
    1597    0.053373
    1598    0.053373
    1599    0.053320
    1600    0.053320
    1601    0.053278
    1602    0.053278
    1603    0.053243
    1604    0.053243
    1605    0.053208
    1606    0.053208
    1607    0.053172
    1608    0.053172
    1609    0.053133
    1610    0.053133
    1611    0.053090
    1612    0.053090
    1613    0.053042
    1614    0.053042
    1615    0.052988
    1616    0.052988
    1617    0.052927
    1618    0.052927
    1619    0.052862
    1620    0.052862
    1621    0.052792
    1622    0.052792
    1623    0.052719
    1624    0.052719
    1625    0.052643
    1626    0.052643
    1627    0.052566
    1628    0.052566
    1629    0.052490
    1630    0.052490
    1631    0.052413
    1632    0.052413
    1633    0.052334
    1634    0.052334
    1635    0.052256
    1636    0.052256
    1637    0.052176
    1638    0.052176
    1639    0.052094
    1640    0.052094
    1641    0.052009
    1642    0.052009
    1643    0.051921
    1644    0.051921
    1645    0.051831
    1646    0.051831
    1647    0.051739
    1648    0.051739
    1649    0.051645
    1650    0.051645
    1651    0.051550
    1652    0.051550
    1653    0.051455
    1654    0.051455
    1655    0.051359
    1656    0.051359
    1657    0.051262
    1658    0.051262
    1659    0.051164
    1660    0.051164
    1661    0.051066
    1662    0.051066
    1663    0.050965
    1664    0.050965
    1665    0.050862
    1666    0.050862
    1667    0.050758
    1668    0.050758
    1669    0.050652
    1670    0.050652
    1671    0.050544
    1672    0.050544
    1673    0.050434
    1674    0.050434
    1675    0.050317
    1676    0.050317
    1677    0.050192
    1678    0.050192
    1679    0.050062
    1680    0.050062
    1681    0.049928
    1682    0.049928
    1683    0.049789
    1684    0.049789
    1685    0.049648
    1686    0.049648
    1687    0.049506
    1688    0.049506
    1689    0.049367
    1690    0.049367
    1691    0.049227
    1692    0.049227
    1693    0.049087
    1694    0.049087
    1695    0.048952
    1696    0.048952
    1697    0.048828
    1698    0.048828
    1699    0.048720
    1700    0.048720
    1701    0.048643
    1702    0.048643
    1703    0.048652
    1704    0.048652
    1705    0.048824
    1706    0.048824
    1707    0.049184
    1708    0.049184
    1709    0.049670
    1710    0.049670
    1711    0.050202
    1712    0.050202
    1713    0.050750
    1714    0.050750
    1715    0.051308
    1716    0.051308
    1717    0.051868
    1718    0.051868
    1719    0.052429
    1720    0.052429
    1721    0.052988
    1722    0.052988
    1723    0.053539
    1724    0.053539
    1725    0.054089
    1726    0.054089
    1727    0.054639
    1728    0.054639
    1729    0.055182
    1730    0.055182
    1731    0.055702
    1732    0.055702
    1733    0.056179
    1734    0.056179
    1735    0.056602
    1736    0.056602
    1737    0.056954
    1738    0.056954
    1739    0.057225
    1740    0.057225
    1741    0.057404
    1742    0.057404
    1743    0.057475
    1744    0.057475
    1745    0.057421
    1746    0.057421
    1747    0.057209
    1748    0.057209
    1749    0.056833
    1750    0.056833
    1751    0.056313
    1752    0.056313
    1753    0.055625
    1754    0.055625
    1755    0.054708
    1756    0.054708
    1757    0.053524
    1758    0.053524
    1759    0.052039
    1760    0.052039
    1761    0.050205
    1762    0.050205
    1763    0.047999
    1764    0.047999
    1765    0.045592
    1766    0.045592
    1767    0.042795
    1768    0.042795
    1769    0.039104
    1770    0.039104
    1771    0.034981
    1772    0.034981
    1773    0.030940
    1774    0.030940
    1775    0.026825
    1776    0.026825
    1777    0.022483
    1778    0.022483
    1779    0.018118
    1780    0.018118
    1781    0.014867
    1782    0.014867
    1783    0.063200
    1784    0.063200
    1785    0.063139
    1786    0.063139
    1787    0.063044
    1788    0.063044
    1789    0.062936
    1790    0.062936
    1791    0.062836
    1792    0.062836
    1793    0.062749
    1794    0.062749
    1795    0.062666
    1796    0.062666
    1797    0.062590
    1798    0.062590
    1799    0.062530
    1800    0.062530
    1801    0.062481
    1802    0.062481
    1803    0.062432
    1804    0.062432
    1805    0.062382
    1806    0.062382
    1807    0.062330
    1808    0.062330
    1809    0.062276
    1810    0.062276
    1811    0.062218
    1812    0.062218
    1813    0.062154
    1814    0.062154
    1815    0.062084
    1816    0.062084
    1817    0.062010
    1818    0.062010
    1819    0.061932
    1820    0.061932
    1821    0.061851
    1822    0.061851
    1823    0.061766
    1824    0.061766
    1825    0.061679
    1826    0.061679
    1827    0.061590
    1828    0.061590
    1829    0.061500
    1830    0.061500
    1831    0.061409
    1832    0.061409
    1833    0.061318
    1834    0.061318
    1835    0.061226
    1836    0.061226
    1837    0.061133
    1838    0.061133
    1839    0.061037
    1840    0.061037
    1841    0.060938
    1842    0.060938
    1843    0.060836
    1844    0.060836
    1845    0.060731
    1846    0.060731
    1847    0.060624
    1848    0.060624
    1849    0.060514
    1850    0.060514
    1851    0.060402
    1852    0.060402
    1853    0.060290
    1854    0.060290
    1855    0.060177
    1856    0.060177
    1857    0.060063
    1858    0.060063
    1859    0.059948
    1860    0.059948
    1861    0.059833
    1862    0.059833
    1863    0.059717
    1864    0.059717
    1865    0.059600
    1866    0.059600
    1867    0.059484
    1868    0.059484
    1869    0.059368
    1870    0.059368
    1871    0.059248
    1872    0.059248
    1873    0.059116
    1874    0.059116
    1875    0.058971
    1876    0.058971
    1877    0.058819
    1878    0.058819
    1879    0.058666
    1880    0.058666
    1881    0.058512
    1882    0.058512
    1883    0.058358
    1884    0.058358
    1885    0.058203
    1886    0.058203
    1887    0.058045
    1888    0.058045
    1889    0.057884
    1890    0.057884
    1891    0.057720
    1892    0.057720
    1893    0.057559
    1894    0.057559
    1895    0.057407
    1896    0.057407
    1897    0.057273
    1898    0.057273
    1899    0.057176
    1900    0.057176
    1901    0.057175
    1902    0.057175
    1903    0.057346
    1904    0.057346
    1905    0.057706
    1906    0.057706
    1907    0.058204
    1908    0.058204
    1909    0.058772
    1910    0.058772
    1911    0.059388
    1912    0.059388
    1913    0.060047
    1914    0.060047
    1915    0.060729
    1916    0.060729
    1917    0.061430
    1918    0.061430
    1919    0.062152
    1920    0.062152
    1921    0.062877
    1922    0.062877
    1923    0.063595
    1924    0.063595
    1925    0.064310
    1926    0.064310
    1927    0.065018
    1928    0.065018
    1929    0.065699
    1930    0.065699
    1931    0.066329
    1932    0.066329
    1933    0.066900
    1934    0.066900
    1935    0.067410
    1936    0.067410
    1937    0.067843
    1938    0.067843
    1939    0.068193
    1940    0.068193
    1941    0.068447
    1942    0.068447
    1943    0.068569
    1944    0.068569
    1945    0.068523
    1946    0.068523
    1947    0.068298
    1948    0.068298
    1949    0.067900
    1950    0.067900
    1951    0.067305
    1952    0.067305
    1953    0.066461
    1954    0.066461
    1955    0.065298
    1956    0.065298
    1957    0.063757
    1958    0.063757
    1959    0.061824
    1960    0.061824
    1961    0.059488
    1962    0.059488
    1963    0.056761
    1964    0.056761
    1965    0.053503
    1966    0.053503
    1967    0.049403
    1968    0.049403
    1969    0.044584
    1970    0.044584
    1971    0.039357
    1972    0.039357
    1973    0.033787
    1974    0.033787
    1975    0.027890
    1976    0.027890
    1977    0.022066
    1978    0.022066
    1979    0.017723
    1980    0.017723
    1981    0.074330
    1982    0.074330
    1983    0.074171
    1984    0.074171
    1985    0.073968
    1986    0.073968
    1987    0.073786
    1988    0.073786
    1989    0.073623
    1990    0.073623
    1991    0.073484
    1992    0.073484
    1993    0.073360
    1994    0.073360
    1995    0.073247
    1996    0.073247
    1997    0.073150
    1998    0.073150
    1999    0.073066
    2000    0.073066
    2001    0.072990
    2002    0.072990
    2003    0.072917
    2004    0.072917
    2005    0.072849
    2006    0.072849
    2007    0.072780
    2008    0.072780
    2009    0.072709
    2010    0.072709
    2011    0.072634
    2012    0.072634
    2013    0.072554
    2014    0.072554
    2015    0.072470
    2016    0.072470
    2017    0.072383
    2018    0.072383
    2019    0.072291
    2020    0.072291
    2021    0.072196
    2022    0.072196
    2023    0.072097
    2024    0.072097
    2025    0.071995
    2026    0.071995
    2027    0.071892
    2028    0.071892
    2029    0.071788
    2030    0.071788
    2031    0.071684
    2032    0.071684
    2033    0.071577
    2034    0.071577
    2035    0.071470
    2036    0.071470
    2037    0.071360
    2038    0.071360
    2039    0.071246
    2040    0.071246
    2041    0.071129
    2042    0.071129
    2043    0.071008
    2044    0.071008
    2045    0.070883
    2046    0.070883
    2047    0.070755
    2048    0.070755
    2049    0.070624
    2050    0.070624
    2051    0.070491
    2052    0.070491
    2053    0.070357
    2054    0.070357
    2055    0.070222
    2056    0.070222
    2057    0.070087
    2058    0.070087
    2059    0.069952
    2060    0.069952
    2061    0.069818
    2062    0.069818
    2063    0.069686
    2064    0.069686
    2065    0.069560
    2066    0.069560
    2067    0.069442
    2068    0.069442
    2069    0.069318
    2070    0.069318
    2071    0.069163
    2072    0.069163
    2073    0.068979
    2074    0.068979
    2075    0.068790
    2076    0.068790
    2077    0.068607
    2078    0.068607
    2079    0.068425
    2080    0.068425
    2081    0.068247
    2082    0.068247
    2083    0.068071
    2084    0.068071
    2085    0.067895
    2086    0.067895
    2087    0.067721
    2088    0.067721
    2089    0.067551
    2090    0.067551
    2091    0.067375
    2092    0.067375
    2093    0.067193
    2094    0.067193
    2095    0.067025
    2096    0.067025
    2097    0.066909
    2098    0.066909
    2099    0.066909
    2100    0.066909
    2101    0.067094
    2102    0.067094
    2103    0.067491
    2104    0.067491
    2105    0.068062
    2106    0.068062
    2107    0.068750
    2108    0.068750
    2109    0.069524
    2110    0.069524
    2111    0.070371
    2112    0.070371
    2113    0.071260
    2114    0.071260
    2115    0.072181
    2116    0.072181
    2117    0.073134
    2118    0.073134
    2119    0.074100
    2120    0.074100
    2121    0.075054
    2122    0.075054
    2123    0.075990
    2124    0.075990
    2125    0.076909
    2126    0.076909
    2127    0.077802
    2128    0.077802
    2129    0.078649
    2130    0.078649
    2131    0.079441
    2132    0.079441
    2133    0.080183
    2134    0.080183
    2135    0.080856
    2136    0.080856
    2137    0.081449
    2138    0.081449
    2139    0.081949
    2140    0.081949
    2141    0.082326
    2142    0.082326
    2143    0.082549
    2144    0.082549
    2145    0.082584
    2146    0.082584
    2147    0.082395
    2148    0.082395
    2149    0.081957
    2150    0.081957
    2151    0.081234
    2152    0.081234
    2153    0.080146
    2154    0.080146
    2155    0.078612
    2156    0.078612
    2157    0.076598
    2158    0.076598
    2159    0.074051
    2160    0.074051
    2161    0.070838
    2162    0.070838
    2163    0.066955
    2164    0.066955
    2165    0.062267
    2166    0.062267
    2167    0.056455
    2168    0.056455
    2169    0.049615
    2170    0.049615
    2171    0.042015
    2172    0.042015
    2173    0.033906
    2174    0.033906
    2175    0.026072
    2176    0.026072
    2177    0.020335
    2178    0.020335
    2179    0.088122
    2180    0.088122
    2181    0.087686
    2182    0.087686
    2183    0.087106
    2184    0.087106
    2185    0.086661
    2186    0.086661
    2187    0.086328
    2188    0.086328
    2189    0.086057
    2190    0.086057
    2191    0.085839
    2192    0.085839
    2193    0.085660
    2194    0.085660
    2195    0.085502
    2196    0.085502
    2197    0.085363
    2198    0.085363
    2199    0.085240
    2200    0.085240
    2201    0.085133
    2202    0.085133
    2203    0.085042
    2204    0.085042
    2205    0.084956
    2206    0.084956
    2207    0.084868
    2208    0.084868
    2209    0.084776
    2210    0.084776
    2211    0.084682
    2212    0.084682
    2213    0.084584
    2214    0.084584
    2215    0.084481
    2216    0.084481
    2217    0.084375
    2218    0.084375
    2219    0.084265
    2220    0.084265
    2221    0.084152
    2222    0.084152
    2223    0.084035
    2224    0.084035
    2225    0.083917
    2226    0.083917
    2227    0.083797
    2228    0.083797
    2229    0.083676
    2230    0.083676
    2231    0.083553
    2232    0.083553
    2233    0.083427
    2234    0.083427
    2235    0.083298
    2236    0.083298
    2237    0.083166
    2238    0.083166
    2239    0.083030
    2240    0.083030
    2241    0.082889
    2242    0.082889
    2243    0.082743
    2244    0.082743
    2245    0.082593
    2246    0.082593
    2247    0.082440
    2248    0.082440
    2249    0.082284
    2250    0.082284
    2251    0.082125
    2252    0.082125
    2253    0.081965
    2254    0.081965
    2255    0.081804
    2256    0.081804
    2257    0.081644
    2258    0.081644
    2259    0.081486
    2260    0.081486
    2261    0.081334
    2262    0.081334
    2263    0.081194
    2264    0.081194
    2265    0.081073
    2266    0.081073
    2267    0.080945
    2268    0.080945
    2269    0.080760
    2270    0.080760
    2271    0.080526
    2272    0.080526
    2273    0.080290
    2274    0.080290
    2275    0.080068
    2276    0.080068
    2277    0.079846
    2278    0.079846
    2279    0.079628
    2280    0.079628
    2281    0.079424
    2282    0.079424
    2283    0.079228
    2284    0.079228
    2285    0.079049
    2286    0.079049
    2287    0.078889
    2288    0.078889
    2289    0.078734
    2290    0.078734
    2291    0.078594
    2292    0.078594
    2293    0.078501
    2294    0.078501
    2295    0.078514
    2296    0.078514
    2297    0.078715
    2298    0.078715
    2299    0.079152
    2300    0.079152
    2301    0.079825
    2302    0.079825
    2303    0.080717
    2304    0.080717
    2305    0.081776
    2306    0.081776
    2307    0.082945
    2308    0.082945
    2309    0.084188
    2310    0.084188
    2311    0.085481
    2312    0.085481
    2313    0.086789
    2314    0.086789
    2315    0.088109
    2316    0.088109
    2317    0.089454
    2318    0.089454
    2319    0.090804
    2320    0.090804
    2321    0.092131
    2322    0.092131
    2323    0.093411
    2324    0.093411
    2325    0.094643
    2326    0.094643
    2327    0.095832
    2328    0.095832
    2329    0.096969
    2330    0.096969
    2331    0.098048
    2332    0.098048
    2333    0.099054
    2334    0.099054
    2335    0.099973
    2336    0.099973
    2337    0.100799
    2338    0.100799
    2339    0.101506
    2340    0.101506
    2341    0.102055
    2342    0.102055
    2343    0.102394
    2344    0.102394
    2345    0.102479
    2346    0.102479
    2347    0.102264
    2348    0.102264
    2349    0.101683
    2350    0.101683
    2351    0.100671
    2352    0.100671
    2353    0.099151
    2354    0.099151
    2355    0.097021
    2356    0.097021
    2357    0.094150
    2358    0.094150
    2359    0.090256
    2360    0.090256
    2361    0.085359
    2362    0.085359
    2363    0.079588
    2364    0.079588
    2365    0.072524
    2366    0.072524
    2367    0.063871
    2368    0.063871
    2369    0.053673
    2370    0.053673
    2371    0.042396
    2372    0.042396
    2373    0.031461
    2374    0.031461
    2375    0.023502
    2376    0.023502
    2377    0.108209
    2378    0.108209
    2379    0.107458
    2380    0.107458
    2381    0.106439
    2382    0.106439
    2383    0.105745
    2384    0.105745
    2385    0.105274
    2386    0.105274
    2387    0.104883
    2388    0.104883
    2389    0.104585
    2390    0.104585
    2391    0.104353
    2392    0.104353
    2393    0.104151
    2394    0.104151
    2395    0.103970
    2396    0.103970
    2397    0.103805
    2398    0.103805
    2399    0.103663
    2400    0.103663
    2401    0.103541
    2402    0.103541
    2403    0.103427
    2404    0.103427
    2405    0.103314
    2406    0.103314
    2407    0.103200
    2408    0.103200
    2409    0.103084
    2410    0.103084
    2411    0.102965
    2412    0.102965
    2413    0.102842
    2414    0.102842
    2415    0.102716
    2416    0.102716
    2417    0.102585
    2418    0.102585
    2419    0.102452
    2420    0.102452
    2421    0.102316
    2422    0.102316
    2423    0.102178
    2424    0.102178
    2425    0.102037
    2426    0.102037
    2427    0.101893
    2428    0.101893
    2429    0.101747
    2430    0.101747
    2431    0.101598
    2432    0.101598
    2433    0.101445
    2434    0.101445
    2435    0.101288
    2436    0.101288
    2437    0.101125
    2438    0.101125
    2439    0.100958
    2440    0.100958
    2441    0.100786
    2442    0.100786
    2443    0.100609
    2444    0.100609
    2445    0.100428
    2446    0.100428
    2447    0.100241
    2448    0.100241
    2449    0.100052
    2450    0.100052
    2451    0.099860
    2452    0.099860
    2453    0.099666
    2454    0.099666
    2455    0.099472
    2456    0.099472
    2457    0.099280
    2458    0.099280
    2459    0.099093
    2460    0.099093
    2461    0.098918
    2462    0.098918
    2463    0.098760
    2464    0.098760
    2465    0.098596
    2466    0.098596
    2467    0.098377
    2468    0.098377
    2469    0.098111
    2470    0.098111
    2471    0.097842
    2472    0.097842
    2473    0.097582
    2474    0.097582
    2475    0.097319
    2476    0.097319
    2477    0.097055
    2478    0.097055
    2479    0.096809
    2480    0.096809
    2481    0.096585
    2482    0.096585
    2483    0.096384
    2484    0.096384
    2485    0.096201
    2486    0.096201
    2487    0.096044
    2488    0.096044
    2489    0.095948
    2490    0.095948
    2491    0.095956
    2492    0.095956
    2493    0.096144
    2494    0.096144
    2495    0.096628
    2496    0.096628
    2497    0.097454
    2498    0.097454
    2499    0.098583
    2500    0.098583
    2501    0.099974
    2502    0.099974
    2503    0.101579
    2504    0.101579
    2505    0.103317
    2506    0.103317
    2507    0.105132
    2508    0.105132
    2509    0.106996
    2510    0.106996
    2511    0.108853
    2512    0.108853
    2513    0.110694
    2514    0.110694
    2515    0.112575
    2516    0.112575
    2517    0.114495
    2518    0.114495
    2519    0.116379
    2520    0.116379
    2521    0.118178
    2522    0.118178
    2523    0.119902
    2524    0.119902
    2525    0.121578
    2526    0.121578
    2527    0.123197
    2528    0.123197
    2529    0.124745
    2530    0.124745
    2531    0.126207
    2532    0.126207
    2533    0.127571
    2534    0.127571
    2535    0.128848
    2536    0.128848
    2537    0.130004
    2538    0.130004
    2539    0.130965
    2540    0.130965
    2541    0.131681
    2542    0.131681
    2543    0.132124
    2544    0.132124
    2545    0.132222
    2546    0.132222
    2547    0.131851
    2548    0.131851
    2549    0.130950
    2550    0.130950
    2551    0.129451
    2552    0.129451
    2553    0.127198
    2554    0.127198
    2555    0.123991
    2556    0.123991
    2557    0.119421
    2558    0.119421
    2559    0.113281
    2560    0.113281
    2561    0.105892
    2562    0.105892
    2563    0.097233
    2564    0.097233
    2565    0.086455
    2566    0.086455
    2567    0.072753
    2568    0.072753
    2569    0.056786
    2570    0.056786
    2571    0.040899
    2572    0.040899
    2573    0.029091
    2574    0.029091
    2575    0.148981
    2576    0.148981
    2577    0.148461
    2578    0.148461
    2579    0.147876
    2580    0.147876
    2581    0.147638
    2582    0.147638
    2583    0.147412
    2584    0.147412
    2585    0.147101
    2586    0.147101
    2587    0.146850
    2588    0.146850
    2589    0.146641
    2590    0.146641
    2591    0.146448
    2592    0.146448
    2593    0.146261
    2594    0.146261
    2595    0.146083
    2596    0.146083
    2597    0.145918
    2598    0.145918
    2599    0.145758
    2600    0.145758
    2601    0.145605
    2602    0.145605
    2603    0.145460
    2604    0.145460
    2605    0.145316
    2606    0.145316
    2607    0.145172
    2608    0.145172
    2609    0.145027
    2610    0.145027
    2611    0.144878
    2612    0.144878
    2613    0.144724
    2614    0.144724
    2615    0.144567
    2616    0.144567
    2617    0.144406
    2618    0.144406
    2619    0.144242
    2620    0.144242
    2621    0.144075
    2622    0.144075
    2623    0.143904
    2624    0.143904
    2625    0.143729
    2626    0.143729
    2627    0.143551
    2628    0.143551
    2629    0.143368
    2630    0.143368
    2631    0.143181
    2632    0.143181
    2633    0.142987
    2634    0.142987
    2635    0.142788
    2636    0.142788
    2637    0.142584
    2638    0.142584
    2639    0.142373
    2640    0.142373
    2641    0.142156
    2642    0.142156
    2643    0.141934
    2644    0.141934
    2645    0.141705
    2646    0.141705
    2647    0.141472
    2648    0.141472
    2649    0.141235
    2650    0.141235
    2651    0.140994
    2652    0.140994
    2653    0.140750
    2654    0.140750
    2655    0.140505
    2656    0.140505
    2657    0.140261
    2658    0.140261
    2659    0.140017
    2660    0.140017
    2661    0.139779
    2662    0.139779
    2663    0.139537
    2664    0.139537
    2665    0.139273
    2666    0.139273
    2667    0.138990
    2668    0.138990
    2669    0.138698
    2670    0.138698
    2671    0.138404
    2672    0.138404
    2673    0.138111
    2674    0.138111
    2675    0.137809
    2676    0.137809
    2677    0.137504
    2678    0.137504
    2679    0.137218
    2680    0.137218
    2681    0.136950
    2682    0.136950
    2683    0.136689
    2684    0.136689
    2685    0.136454
    2686    0.136454
    2687    0.136295
    2688    0.136295
    2689    0.136259
    2690    0.136259
    2691    0.136445
    2692    0.136445
    2693    0.137000
    2694    0.137000
    2695    0.138063
    2696    0.138063
    2697    0.139644
    2698    0.139644
    2699    0.141589
    2700    0.141589
    2701    0.143762
    2702    0.143762
    2703    0.146074
    2704    0.146074
    2705    0.148469
    2706    0.148469
    2707    0.150914
    2708    0.150914
    2709    0.153378
    2710    0.153378
    2711    0.155845
    2712    0.155845
    2713    0.158325
    2714    0.158325
    2715    0.160826
    2716    0.160826
    2717    0.163303
    2718    0.163303
    2719    0.165726
    2720    0.165726
    2721    0.168090
    2722    0.168090
    2723    0.170400
    2724    0.170400
    2725    0.172647
    2726    0.172647
    2727    0.174811
    2728    0.174811
    2729    0.176870
    2730    0.176870
    2731    0.178808
    2732    0.178808
    2733    0.180618
    2734    0.180618
    2735    0.182265
    2736    0.182265
    2737    0.183691
    2738    0.183691
    2739    0.184852
    2740    0.184852
    2741    0.185680
    2742    0.185680
    2743    0.186082
    2744    0.186082
    2745    0.185950
    2746    0.185950
    2747    0.185209
    2748    0.185209
    2749    0.183753
    2750    0.183753
    2751    0.181390
    2752    0.181390
    2753    0.177873
    2754    0.177873
    2755    0.172826
    2756    0.172826
    2757    0.165935
    2758    0.165935
    2759    0.156930
    2760    0.156930
    2761    0.145609
    2762    0.145609
    2763    0.131317
    2764    0.131317
    2765    0.112641
    2766    0.112641
    2767    0.089881
    2768    0.089881
    2769    0.066154
    2770    0.066154
    2771    0.047697
    2772    0.047697
    2773    0.251220
    2774    0.251220
    2775    0.251365
    2776    0.251365
    2777    0.251805
    2778    0.251805
    2779    0.252422
    2780    0.252422
    2781    0.252724
    2782    0.252724
    2783    0.252703
    2784    0.252703
    2785    0.252619
    2786    0.252619
    2787    0.252503
    2788    0.252503
    2789    0.252362
    2790    0.252362
    2791    0.252201
    2792    0.252201
    2793    0.252033
    2794    0.252033
    2795    0.251856
    2796    0.251856
    2797    0.251664
    2798    0.251664
    2799    0.251471
    2800    0.251471
    2801    0.251288
    2802    0.251288
    2803    0.251110
    2804    0.251110
    2805    0.250933
    2806    0.250933
    2807    0.250754
    2808    0.250754
    2809    0.250570
    2810    0.250570
    2811    0.250382
    2812    0.250382
    2813    0.250188
    2814    0.250188
    2815    0.249989
    2816    0.249989
    2817    0.249785
    2818    0.249785
    2819    0.249575
    2820    0.249575
    2821    0.249360
    2822    0.249360
    2823    0.249140
    2824    0.249140
    2825    0.248913
    2826    0.248913
    2827    0.248680
    2828    0.248680
    2829    0.248439
    2830    0.248439
    2831    0.248191
    2832    0.248191
    2833    0.247936
    2834    0.247936
    2835    0.247674
    2836    0.247674
    2837    0.247405
    2838    0.247405
    2839    0.247128
    2840    0.247128
    2841    0.246844
    2842    0.246844
    2843    0.246552
    2844    0.246552
    2845    0.246253
    2846    0.246253
    2847    0.245948
    2848    0.245948
    2849    0.245636
    2850    0.245636
    2851    0.245318
    2852    0.245318
    2853    0.244993
    2854    0.244993
    2855    0.244660
    2856    0.244660
    2857    0.244318
    2858    0.244318
    2859    0.243963
    2860    0.243963
    2861    0.243609
    2862    0.243609
    2863    0.243275
    2864    0.243275
    2865    0.242955
    2866    0.242955
    2867    0.242622
    2868    0.242622
    2869    0.242273
    2870    0.242273
    2871    0.241927
    2872    0.241927
    2873    0.241568
    2874    0.241568
    2875    0.241176
    2876    0.241176
    2877    0.240772
    2878    0.240772
    2879    0.240370
    2880    0.240370
    2881    0.239979
    2882    0.239979
    2883    0.239618
    2884    0.239618
    2885    0.239311
    2886    0.239311
    2887    0.239113
    2888    0.239113
    2889    0.239166
    2890    0.239166
    2891    0.239681
    2892    0.239681
    2893    0.240959
    2894    0.240959
    2895    0.243110
    2896    0.243110
    2897    0.245803
    2898    0.245803
    2899    0.248723
    2900    0.248723
    2901    0.251769
    2902    0.251769
    2903    0.254893
    2904    0.254893
    2905    0.258075
    2906    0.258075
    2907    0.261345
    2908    0.261345
    2909    0.264671
    2910    0.264671
    2911    0.267964
    2912    0.267964
    2913    0.271221
    2914    0.271221
    2915    0.274489
    2916    0.274489
    2917    0.277776
    2918    0.277776
    2919    0.281041
    2920    0.281041
    2921    0.284254
    2922    0.284254
    2923    0.287397
    2924    0.287397
    2925    0.290438
    2926    0.290438
    2927    0.293352
    2928    0.293352
    2929    0.296105
    2930    0.296105
    2931    0.298651
    2932    0.298651
    2933    0.300961
    2934    0.300961
    2935    0.303030
    2936    0.303030
    2937    0.304803
    2938    0.304803
    2939    0.306148
    2940    0.306148
    2941    0.306956
    2942    0.306956
    2943    0.307175
    2944    0.307175
    2945    0.306705
    2946    0.306705
    2947    0.305367
    2948    0.305367
    2949    0.302934
    2950    0.302934
    2951    0.299123
    2952    0.299123
    2953    0.293607
    2954    0.293607
    2955    0.286078
    2956    0.286078
    2957    0.275379
    2958    0.275379
    2959    0.260309
    2960    0.260309
    2961    0.240550
    2962    0.240550
    2963    0.214805
    2964    0.214805
    2965    0.182360
    2966    0.182360
    2967    0.146074
    2968    0.146074
    2969    0.116105
    2970    0.116105
    2971    0.495405
    2972    0.495405
    2973    0.496006
    2974    0.496006
    2975    0.496948
    2976    0.496948
    2977    0.497773
    2978    0.497773
    2979    0.498261
    2980    0.498261
    2981    0.498480
    2982    0.498480
    2983    0.498567
    2984    0.498567
    2985    0.498564
    2986    0.498564
    2987    0.498497
    2988    0.498497
    2989    0.498382
    2990    0.498382
    2991    0.498233
    2992    0.498233
    2993    0.498053
    2994    0.498053
    2995    0.497847
    2996    0.497847
    2997    0.497629
    2998    0.497629
    2999    0.497410
    3000    0.497410
    3001    0.497193
    3002    0.497193
    3003    0.496975
    3004    0.496975
    3005    0.496751
    3006    0.496751
    3007    0.496519
    3008    0.496519
    3009    0.496280
    3010    0.496280
    3011    0.496034
    3012    0.496034
    3013    0.495778
    3014    0.495778
    3015    0.495512
    3016    0.495512
    3017    0.495237
    3018    0.495237
    3019    0.494953
    3020    0.494953
    3021    0.494660
    3022    0.494660
    3023    0.494356
    3024    0.494356
    3025    0.494041
    3026    0.494041
    3027    0.493715
    3028    0.493715
    3029    0.493380
    3030    0.493380
    3031    0.493035
    3032    0.493035
    3033    0.492680
    3034    0.492680
    3035    0.492316
    3036    0.492316
    3037    0.491942
    3038    0.491942
    3039    0.491559
    3040    0.491559
    3041    0.491165
    3042    0.491165
    3043    0.490761
    3044    0.490761
    3045    0.490345
    3046    0.490345
    3047    0.489919
    3048    0.489919
    3049    0.489483
    3050    0.489483
    3051    0.489032
    3052    0.489032
    3053    0.488566
    3054    0.488566
    3055    0.488079
    3056    0.488079
    3057    0.487564
    3058    0.487564
    3059    0.487050
    3060    0.487050
    3061    0.486596
    3062    0.486596
    3063    0.486185
    3064    0.486185
    3065    0.485757
    3066    0.485757
    3067    0.485299
    3068    0.485299
    3069    0.484827
    3070    0.484827
    3071    0.484335
    3072    0.484335
    3073    0.483806
    3074    0.483806
    3075    0.483240
    3076    0.483240
    3077    0.482658
    3078    0.482658
    3079    0.482096
    3080    0.482096
    3081    0.481568
    3082    0.481568
    3083    0.481074
    3084    0.481074
    3085    0.480674
    3086    0.480674
    3087    0.480567
    3088    0.480567
    3089    0.481140
    3090    0.481140
    3091    0.482902
    3092    0.482902
    3093    0.485961
    3094    0.485961
    3095    0.489794
    3096    0.489794
    3097    0.493948
    3098    0.493948
    3099    0.498281
    3100    0.498281
    3101    0.502716
    3102    0.502716
    3103    0.507233
    3104    0.507233
    3105    0.511856
    3106    0.511856
    3107    0.516549
    3108    0.516549
    3109    0.521224
    3110    0.521224
    3111    0.525856
    3112    0.525856
    3113    0.530505
    3114    0.530505
    3115    0.535185
    3116    0.535185
    3117    0.539853
    3118    0.539853
    3119    0.544471
    3120    0.544471
    3121    0.549007
    3122    0.549007
    3123    0.553424
    3124    0.553424
    3125    0.557691
    3126    0.557691
    3127    0.561758
    3128    0.561758
    3129    0.565553
    3130    0.565553
    3131    0.569052
    3132    0.569052
    3133    0.572246
    3134    0.572246
    3135    0.575059
    3136    0.575059
    3137    0.577346
    3138    0.577346
    3139    0.578987
    3140    0.578987
    3141    0.579899
    3142    0.579899
    3143    0.579926
    3144    0.579926
    3145    0.578835
    3146    0.578835
    3147    0.576351
    3148    0.576351
    3149    0.572132
    3150    0.572132
    3151    0.565707
    3152    0.565707
    3153    0.556499
    3154    0.556499
    3155    0.543064
    3156    0.543064
    3157    0.523616
    3158    0.523616
    3159    0.496793
    3160    0.496793
    3161    0.460833
    3162    0.460833
    3163    0.413892
    3164    0.413892
    3165    0.357456
    3166    0.357456
    3167    0.308167
    3168    0.308167
    3169    1.015902
    3170    1.015902
    3171    1.016788
    3172    1.016788
    3173    1.017967
    3174    1.017967
    3175    1.018537
    3176    1.018537
    3177    1.018826
    3178    1.018826
    3179    1.019183
    3180    1.019183
    3181    1.019435
    3182    1.019435
    3183    1.019559
    3184    1.019559
    3185    1.019581
    3186    1.019581
    3187    1.019519
    3188    1.019519
    3189    1.019392
    3190    1.019392
    3191    1.019212
    3192    1.019212
    3193    1.018994
    3194    1.018994
    3195    1.018750
    3196    1.018750
    3197    1.018487
    3198    1.018487
    3199    1.018213
    3200    1.018213
    3201    1.017928
    3202    1.017928
    3203    1.017630
    3204    1.017630
    3205    1.017317
    3206    1.017317
    3207    1.016992
    3208    1.016992
    3209    1.016655
    3210    1.016655
    3211    1.016301
    3212    1.016301
    3213    1.015931
    3214    1.015931
    3215    1.015544
    3216    1.015544
    3217    1.015140
    3218    1.015140
    3219    1.014721
    3220    1.014721
    3221    1.014283
    3222    1.014283
    3223    1.013828
    3224    1.013828
    3225    1.013356
    3226    1.013356
    3227    1.012869
    3228    1.012869
    3229    1.012367
    3230    1.012367
    3231    1.011850
    3232    1.011850
    3233    1.011320
    3234    1.011320
    3235    1.010776
    3236    1.010776
    3237    1.010218
    3238    1.010218
    3239    1.009645
    3240    1.009645
    3241    1.009056
    3242    1.009056
    3243    1.008448
    3244    1.008448
    3245    1.007824
    3246    1.007824
    3247    1.007182
    3248    1.007182
    3249    1.006518
    3250    1.006518
    3251    1.005830
    3252    1.005830
    3253    1.005112
    3254    1.005112
    3255    1.004359
    3256    1.004359
    3257    1.003610
    3258    1.003610
    3259    1.002940
    3260    1.002940
    3261    1.002329
    3262    1.002329
    3263    1.001698
    3264    1.001698
    3265    1.001021
    3266    1.001021
    3267    1.000309
    3268    1.000309
    3269    0.999575
    3270    0.999575
    3271    0.998820
    3272    0.998820
    3273    0.998031
    3274    0.998031
    3275    0.997211
    3276    0.997211
    3277    0.996384
    3278    0.996384
    3279    0.995579
    3280    0.995579
    3281    0.994816
    3282    0.994816
    3283    0.994167
    3284    0.994167
    3285    0.993882
    3286    0.993882
    3287    0.994647
    3288    0.994647
    3289    0.997278
    3290    0.997278
    3291    1.001805
    3292    1.001805
    3293    1.007503
    3294    1.007503
    3295    1.013780
    3296    1.013780
    3297    1.020378
    3298    1.020378
    3299    1.027144
    3300    1.027144
    3301    1.034024
    3302    1.034024
    3303    1.040989
    3304    1.040989
    3305    1.048007
    3306    1.048007
    3307    1.055051
    3308    1.055051
    3309    1.062092
    3310    1.062092
    3311    1.069139
    3312    1.069139
    3313    1.076197
    3314    1.076197
    3315    1.083234
    3316    1.083234
    3317    1.090210
    3318    1.090210
    3319    1.097079
    3320    1.097079
    3321    1.103803
    3322    1.103803
    3323    1.110342
    3324    1.110342
    3325    1.116625
    3326    1.116625
    3327    1.122564
    3328    1.122564
    3329    1.128115
    3330    1.128115
    3331    1.133235
    3332    1.133235
    3333    1.137822
    3334    1.137822
    3335    1.141726
    3336    1.141726
    3337    1.144800
    3338    1.144800
    3339    1.146870
    3340    1.146870
    3341    1.147685
    3342    1.147685
    3343    1.146924
    3344    1.146924
    3345    1.144230
    3346    1.144230
    3347    1.139123
    3348    1.139123
    3349    1.130859
    3350    1.130859
    3351    1.118381
    3352    1.118381
    3353    1.100070
    3354    1.100070
    3355    1.073765
    3356    1.073765
    3357    1.036202
    3358    1.036202
    3359    0.983792
    3360    0.983792
    3361    0.912916
    3362    0.912916
    3363    0.823728
    3364    0.823728
    3365    0.743005
    3366    0.743005
    3367    2.049678
    3368    2.049678
    3369    2.050154
    3370    2.050154
    3371    2.050928
    3372    2.050928
    3373    2.051223
    3374    2.051223
    3375    2.051603
    3376    2.051603
    3377    2.052337
    3378    2.052337
    3379    2.052875
    3380    2.052875
    3381    2.053195
    3382    2.053195
    3383    2.053335
    3384    2.053335
    3385    2.053331
    3386    2.053331
    3387    2.053217
    3388    2.053217
    3389    2.053018
    3390    2.053018
    3391    2.052757
    3392    2.052757
    3393    2.052447
    3394    2.052447
    3395    2.052093
    3396    2.052093
    3397    2.051704
    3398    2.051704
    3399    2.051285
    3400    2.051285
    3401    2.050841
    3402    2.050841
    3403    2.050373
    3404    2.050373
    3405    2.049883
    3406    2.049883
    3407    2.049370
    3408    2.049370
    3409    2.048832
    3410    2.048832
    3411    2.048266
    3412    2.048266
    3413    2.047670
    3414    2.047670
    3415    2.047045
    3416    2.047045
    3417    2.046390
    3418    2.046390
    3419    2.045705
    3420    2.045705
    3421    2.044991
    3422    2.044991
    3423    2.044249
    3424    2.044249
    3425    2.043481
    3426    2.043481
    3427    2.042690
    3428    2.042690
    3429    2.041875
    3430    2.041875
    3431    2.041037
    3432    2.041037
    3433    2.040177
    3434    2.040177
    3435    2.039294
    3436    2.039294
    3437    2.038388
    3438    2.038388
    3439    2.037456
    3440    2.037456
    3441    2.036496
    3442    2.036496
    3443    2.035507
    3444    2.035507
    3445    2.034489
    3446    2.034489
    3447    2.033438
    3448    2.033438
    3449    2.032352
    3450    2.032352
    3451    2.031227
    3452    2.031227
    3453    2.030068
    3454    2.030068
    3455    2.028924
    3456    2.028924
    3457    2.027861
    3458    2.027861
    3459    2.026857
    3460    2.026857
    3461    2.025828
    3462    2.025828
    3463    2.024734
    3464    2.024734
    3465    2.023583
    3466    2.023583
    3467    2.022405
    3468    2.022405
    3469    2.021214
    3470    2.021214
    3471    2.019993
    3472    2.019993
    3473    2.018721
    3474    2.018721
    3475    2.017402
    3476    2.017402
    3477    2.016091
    3478    2.016091
    3479    2.014865
    3480    2.014865
    3481    2.013891
    3482    2.013891
    3483    2.013530
    3484    2.013530
    3485    2.014846
    3486    2.014846
    3487    2.019095
    3488    2.019095
    3489    2.026313
    3490    2.026313
    3491    2.035514
    3492    2.035514
    3493    2.045740
    3494    2.045740
    3495    2.056462
    3496    2.056462
    3497    2.067447
    3498    2.067447
    3499    2.078600
    3500    2.078600
    3501    2.089862
    3502    2.089862
    3503    2.101195
    3504    2.101195
    3505    2.112583
    3506    2.112583
    3507    2.124002
    3508    2.124002
    3509    2.135433
    3510    2.135433
    3511    2.146862
    3512    2.146862
    3513    2.158251
    3514    2.158251
    3515    2.169545
    3516    2.169545
    3517    2.180683
    3518    2.180683
    3519    2.191612
    3520    2.191612
    3521    2.202268
    3522    2.202268
    3523    2.212554
    3524    2.212554
    3525    2.222352
    3526    2.222352
    3527    2.231569
    3528    2.231569
    3529    2.240115
    3530    2.240115
    3531    2.247850
    3532    2.247850
    3533    2.254574
    3534    2.254574
    3535    2.260075
    3536    2.260075
    3537    2.264062
    3538    2.264062
    3539    2.266128
    3540    2.266128
    3541    2.265762
    3542    2.265762
    3543    2.262422
    3544    2.262422
    3545    2.255363
    3546    2.255363
    3547    2.243448
    3548    2.243448
    3549    2.224992
    3550    2.224992
    3551    2.197598
    3552    2.197598
    3553    2.157820
    3554    2.157820
    3555    2.100145
    3556    2.100145
    3557    2.017493
    3558    2.017493
    3559    1.902917
    3560    1.902917
    3561    1.756702
    3562    1.756702
    3563    1.622239
    3564    1.622239
    3565    4.041852
    3566    4.041852
    3567    4.040416
    3568    4.040416
    3569    4.039450
    3570    4.039450
    3571    4.039658
    3572    4.039658
    3573    4.040823
    3574    4.040823
    3575    4.042415
    3576    4.042415
    3577    4.043499
    3578    4.043499
    3579    4.044150
    3580    4.044150
    3581    4.044468
    3582    4.044468
    3583    4.044533
    3584    4.044533
    3585    4.044407
    3586    4.044407
    3587    4.044138
    3588    4.044138
    3589    4.043765
    3590    4.043765
    3591    4.043298
    3592    4.043298
    3593    4.042742
    3594    4.042742
    3595    4.042109
    3596    4.042109
    3597    4.041414
    3598    4.041414
    3599    4.040676
    3600    4.040676
    3601    4.039898
    3602    4.039898
    3603    4.039079
    3604    4.039079
    3605    4.038218
    3606    4.038218
    3607    4.037314
    3608    4.037314
    3609    4.036362
    3610    4.036362
    3611    4.035358
    3612    4.035358
    3613    4.034300
    3614    4.034300
    3615    4.033187
    3616    4.033187
    3617    4.032021
    3618    4.032021
    3619    4.030804
    3620    4.030804
    3621    4.029540
    3622    4.029540
    3623    4.028230
    3624    4.028230
    3625    4.026878
    3626    4.026878
    3627    4.025487
    3628    4.025487
    3629    4.024055
    3630    4.024055
    3631    4.022584
    3632    4.022584
    3633    4.021074
    3634    4.021074
    3635    4.019523
    3636    4.019523
    3637    4.017931
    3638    4.017931
    3639    4.016292
    3640    4.016292
    3641    4.014603
    3642    4.014603
    3643    4.012862
    3644    4.012862
    3645    4.011067
    3646    4.011067
    3647    4.009215
    3648    4.009215
    3649    4.007308
    3650    4.007308
    3651    4.005363
    3652    4.005363
    3653    4.003447
    3654    4.003447
    3655    4.001637
    3656    4.001637
    3657    3.999900
    3658    3.999900
    3659    3.998118
    3660    3.998118
    3661    3.996223
    3662    3.996223
    3663    3.994220
    3664    3.994220
    3665    3.992164
    3666    3.992164
    3667    3.990082
    3668    3.990082
    3669    3.987957
    3670    3.987957
    3671    3.985755
    3672    3.985755
    3673    3.983479
    3674    3.983479
    3675    3.981202
    3676    3.981202
    3677    3.979075
    3678    3.979075
    3679    3.977457
    3680    3.977457
    3681    3.977007
    3682    3.977007
    3683    3.979458
    3684    3.979458
    3685    3.986858
    3686    3.986858
    3687    3.999401
    3688    3.999401
    3689    4.015557
    3690    4.015557
    3691    4.033511
    3692    4.033511
    3693    4.052185
    3694    4.052185
    3695    4.071248
    3696    4.071248
    3697    4.090600
    3698    4.090600
    3699    4.110149
    3700    4.110149
    3701    4.129832
    3702    4.129832
    3703    4.149610
    3704    4.149610
    3705    4.169456
    3706    4.169456
    3707    4.189333
    3708    4.189333
    3709    4.209194
    3710    4.209194
    3711    4.228974
    3712    4.228974
    3713    4.248593
    3714    4.248593
    3715    4.267955
    3716    4.267955
    3717    4.286970
    3718    4.286970
    3719    4.305528
    3720    4.305528
    3721    4.323487
    3722    4.323487
    3723    4.340650
    3724    4.340650
    3725    4.356840
    3726    4.356840
    3727    4.371885
    3728    4.371885
    3729    4.385581
    3730    4.385581
    3731    4.397613
    3732    4.397613
    3733    4.407617
    3734    4.407617
    3735    4.415105
    3736    4.415105
    3737    4.419391
    3738    4.419391
    3739    4.419578
    3740    4.419578
    3741    4.414774
    3742    4.414774
    3743    4.403724
    3744    4.403724
    3745    4.384600
    3746    4.384600
    3747    4.354617
    3748    4.354617
    3749    4.309755
    3750    4.309755
    3751    4.243908
    3752    4.243908
    3753    4.147663
    3754    4.147663
    3755    4.007164
    3756    4.007164
    3757    3.807934
    3758    3.807934
    3759    3.548817
    3760    3.548817
    3761    3.306599
    3762    3.306599
    3763    7.093227
    3764    7.093227
    3765    7.088799
    3766    7.088799
    3767    7.085621
    3768    7.085621
    3769    7.086434
    3770    7.086434
    3771    7.088955
    3772    7.088955
    3773    7.091785
    3774    7.091785
    3775    7.093665
    3776    7.093665
    3777    7.094785
    3778    7.094785
    3779    7.095341
    3780    7.095341
    3781    7.095482
    3782    7.095482
    3783    7.095311
    3784    7.095311
    3785    7.094906
    3786    7.094906
    3787    7.094329
    3788    7.094329
    3789    7.093595
    3790    7.093595
    3791    7.092703
    3792    7.092703
    3793    7.091672
    3794    7.091672
    3795    7.090532
    3796    7.090532
    3797    7.089323
    3798    7.089323
    3799    7.088051
    3800    7.088051
    3801    7.086710
    3802    7.086710
    3803    7.085298
    3804    7.085298
    3805    7.083815
    3806    7.083815
    3807    7.082252
    3808    7.082252
    3809    7.080605
    3810    7.080605
    3811    7.078866
    3812    7.078866
    3813    7.077032
    3814    7.077032
    3815    7.075108
    3816    7.075108
    3817    7.073100
    3818    7.073100
    3819    7.071014
    3820    7.071014
    3821    7.068851
    3822    7.068851
    3823    7.066619
    3824    7.066619
    3825    7.064322
    3826    7.064322
    3827    7.061958
    3828    7.061958
    3829    7.059528
    3830    7.059528
    3831    7.057033
    3832    7.057033
    3833    7.054472
    3834    7.054472
    3835    7.051843
    3836    7.051843
    3837    7.049140
    3838    7.049140
    3839    7.046353
    3840    7.046353
    3841    7.043479
    3842    7.043479
    3843    7.040518
    3844    7.040518
    3845    7.037464
    3846    7.037464
    3847    7.034318
    3848    7.034318
    3849    7.031120
    3850    7.031120
    3851    7.027972
    3852    7.027972
    3853    7.024997
    3854    7.024997
    3855    7.022140
    3856    7.022140
    3857    7.019196
    3858    7.019196
    3859    7.016047
    3860    7.016047
    3861    7.012704
    3862    7.012704
    3863    7.009266
    3864    7.009266
    3865    7.005785
    3866    7.005785
    3867    7.002232
    3868    7.002232
    3869    6.998563
    3870    6.998563
    3871    6.994773
    3872    6.994773
    3873    6.990967
    3874    6.990967
    3875    6.987357
    3876    6.987357
    3877    6.984510
    3878    6.984510
    3879    6.983511
    3880    6.983511
    3881    6.987405
    3882    6.987405
    3883    6.999737
    3884    6.999737
    3885    7.020810
    3886    7.020810
    3887    7.048048
    3888    7.048048
    3889    7.078230
    3890    7.078230
    3891    7.109389
    3892    7.109389
    3893    7.141081
    3894    7.141081
    3895    7.173260
    3896    7.173260
    3897    7.205774
    3898    7.205774
    3899    7.238513
    3900    7.238513
    3901    7.271407
    3902    7.271407
    3903    7.304429
    3904    7.304429
    3905    7.337515
    3906    7.337515
    3907    7.370578
    3908    7.370578
    3909    7.403501
    3910    7.403501
    3911    7.436164
    3912    7.436164
    3913    7.468411
    3914    7.468411
    3915    7.500087
    3916    7.500087
    3917    7.531024
    3918    7.531024
    3919    7.561006
    3920    7.561006
    3921    7.589689
    3922    7.589689
    3923    7.616774
    3924    7.616774
    3925    7.641967
    3926    7.641967
    3927    7.664973
    3928    7.664973
    3929    7.685297
    3930    7.685297
    3931    7.702319
    3932    7.702319
    3933    7.715251
    3934    7.715251
    3935    7.722990
    3936    7.722990
    3937    7.724012
    3938    7.724012
    3939    7.716914
    3940    7.716914
    3941    7.699682
    3942    7.699682
    3943    7.669442
    3944    7.669442
    3945    7.621707
    3946    7.621707
    3947    7.550034
    3948    7.550034
    3949    7.444426
    3950    7.444426
    3951    7.289509
    3952    7.289509
    3953    7.060932
    3954    7.060932
    3955    6.729069
    3956    6.729069
    3957    6.282182
    3958    6.282182
    3959    5.855054
    3960    5.855054
