       1   -0.051072
       2   -0.051072
       3   -0.050662
       4   -0.050662
       5   -0.050164
       6   -0.050164
       7   -0.050044
       8   -0.050044
       9   -0.050131
      10   -0.050131
      11   -0.050157
      12   -0.050157
      13   -0.050141
      14   -0.050141
      15   -0.050120
      16   -0.050120
      17   -0.050103
      18   -0.050103
      19   -0.050081
      20   -0.050081
      21   -0.050053
      22   -0.050053
      23   -0.050020
      24   -0.050020
      25   -0.049977
      26   -0.049977
      27   -0.049926
      28   -0.049926
      29   -0.049869
      30   -0.049869
      31   -0.049804
      32   -0.049804
      33   -0.049734
      34   -0.049734
      35   -0.049659
      36   -0.049659
      37   -0.049579
      38   -0.049579
      39   -0.049496
      40   -0.049496
      41   -0.049412
      42   -0.049412
      43   -0.049329
      44   -0.049329
      45   -0.049245
      46   -0.049245
      47   -0.049154
      48   -0.049154
      49   -0.049060
      50   -0.049060
      51   -0.048965
      52   -0.048965
      53   -0.048865
      54   -0.048865
      55   -0.048758
      56   -0.048758
      57   -0.048646
      58   -0.048646
      59   -0.048530
      60   -0.048530
      61   -0.048411
      62   -0.048411
      63   -0.048288
      64   -0.048288
      65   -0.048163
      66   -0.048163
      67   -0.048037
      68   -0.048037
      69   -0.047909
      70   -0.047909
      71   -0.047779
      72   -0.047779
      73   -0.047638
      74   -0.047638
      75   -0.047478
      76   -0.047478
      77   -0.047304
      78   -0.047304
      79   -0.047124
      80   -0.047124
      81   -0.046942
      82   -0.046942
      83   -0.046759
      84   -0.046759
      85   -0.046565
      86   -0.046565
      87   -0.046353
      88   -0.046353
      89   -0.046139
      90   -0.046139
      91   -0.045910
      92   -0.045910
      93   -0.045656
      94   -0.045656
      95   -0.045401
      96   -0.045401
      97   -0.045130
      98   -0.045130
      99   -0.044814
     100   -0.044814
     101   -0.044471
     102   -0.044471
     103   -0.044108
     104   -0.044108
     105   -0.043699
     106   -0.043699
     107   -0.043234
     108   -0.043234
     109   -0.042704
     110   -0.042704
     111   -0.042081
     112   -0.042081
     113   -0.041361
     114   -0.041361
     115   -0.040539
     116   -0.040539
     117   -0.039622
     118   -0.039622
     119   -0.038965
     120   -0.038965
     121   -0.038876
     122   -0.038876
     123   -0.039099
     124   -0.039099
     125   -0.039358
     126   -0.039358
     127   -0.039564
     128   -0.039564
     129   -0.039685
     130   -0.039685
     131   -0.039713
     132   -0.039713
     133   -0.039672
     134   -0.039672
     135   -0.039589
     136   -0.039589
     137   -0.039459
     138   -0.039459
     139   -0.039300
     140   -0.039300
     141   -0.039108
     142   -0.039108
     143   -0.038861
     144   -0.038861
     145   -0.038568
     146   -0.038568
     147   -0.038279
     148   -0.038279
     149   -0.037967
     150   -0.037967
     151   -0.037602
     152   -0.037602
     153   -0.037207
     154   -0.037207
     155   -0.036761
     156   -0.036761
     157   -0.036245
     158   -0.036245
     159   -0.035665
     160   -0.035665
     161   -0.035034
     162   -0.035034
     163   -0.034375
     164   -0.034375
     165   -0.033579
     166   -0.033579
     167   -0.032566
     168   -0.032566
     169   -0.031399
     170   -0.031399
     171   -0.030120
     172   -0.030120
     173   -0.028655
     174   -0.028655
     175   -0.026915
     176   -0.026915
     177   -0.024896
     178   -0.024896
     179   -0.022561
     180   -0.022561
     181   -0.019704
     182   -0.019704
     183   -0.016347
     184   -0.016347
     185   -0.012555
     186   -0.012555
     187   -0.008419
     188   -0.008419
     189   -0.003310
     190   -0.003310
     191    0.003623
     192    0.003623
     193    0.015739
     194    0.015739
     195    0.037855
     196    0.037855
     197    0.060842
     198    0.060842
     199   -0.145544
     200   -0.145544
     201   -0.144773
     202   -0.144773
     203   -0.143929
     204   -0.143929
     205   -0.143814
     206   -0.143814
     207   -0.143990
     208   -0.143990
     209   -0.144022
     210   -0.144022
     211   -0.143979
     212   -0.143979
     213   -0.143925
     214   -0.143925
     215   -0.143877
     216   -0.143877
     217   -0.143811
     218   -0.143811
     219   -0.143728
     220   -0.143728
     221   -0.143632
     222   -0.143632
     223   -0.143513
     224   -0.143513
     225   -0.143375
     226   -0.143375
     227   -0.143218
     228   -0.143218
     229   -0.143038
     230   -0.143038
     231   -0.142842
     232   -0.142842
     233   -0.142632
     234   -0.142632
     235   -0.142410
     236   -0.142410
     237   -0.142176
     238   -0.142176
     239   -0.141938
     240   -0.141938
     241   -0.141701
     242   -0.141701
     243   -0.141459
     244   -0.141459
     245   -0.141205
     246   -0.141205
     247   -0.140944
     248   -0.140944
     249   -0.140678
     250   -0.140678
     251   -0.140396
     252   -0.140396
     253   -0.140097
     254   -0.140097
     255   -0.139784
     256   -0.139784
     257   -0.139460
     258   -0.139460
     259   -0.139126
     260   -0.139126
     261   -0.138783
     262   -0.138783
     263   -0.138433
     264   -0.138433
     265   -0.138079
     266   -0.138079
     267   -0.137724
     268   -0.137724
     269   -0.137364
     270   -0.137364
     271   -0.136974
     272   -0.136974
     273   -0.136528
     274   -0.136528
     275   -0.136040
     276   -0.136040
     277   -0.135537
     278   -0.135537
     279   -0.135019
     280   -0.135019
     281   -0.134498
     282   -0.134498
     283   -0.133954
     284   -0.133954
     285   -0.133368
     286   -0.133368
     287   -0.132775
     288   -0.132775
     289   -0.132149
     290   -0.132149
     291   -0.131455
     292   -0.131455
     293   -0.130740
     294   -0.130740
     295   -0.129970
     296   -0.129970
     297   -0.129090
     298   -0.129090
     299   -0.128147
     300   -0.128147
     301   -0.127142
     302   -0.127142
     303   -0.126012
     304   -0.126012
     305   -0.124733
     306   -0.124733
     307   -0.123279
     308   -0.123279
     309   -0.121582
     310   -0.121582
     311   -0.119636
     312   -0.119636
     313   -0.117407
     314   -0.117407
     315   -0.114924
     316   -0.114924
     317   -0.113161
     318   -0.113161
     319   -0.112911
     320   -0.112911
     321   -0.113520
     322   -0.113520
     323   -0.114254
     324   -0.114254
     325   -0.114848
     326   -0.114848
     327   -0.115203
     328   -0.115203
     329   -0.115309
     330   -0.115309
     331   -0.115245
     332   -0.115245
     333   -0.115070
     334   -0.115070
     335   -0.114760
     336   -0.114760
     337   -0.114361
     338   -0.114361
     339   -0.113867
     340   -0.113867
     341   -0.113225
     342   -0.113225
     343   -0.112466
     344   -0.112466
     345   -0.111691
     346   -0.111691
     347   -0.110830
     348   -0.110830
     349   -0.109841
     350   -0.109841
     351   -0.108785
     352   -0.108785
     353   -0.107587
     354   -0.107587
     355   -0.106189
     356   -0.106189
     357   -0.104598
     358   -0.104598
     359   -0.102863
     360   -0.102863
     361   -0.101042
     362   -0.101042
     363   -0.098878
     364   -0.098878
     365   -0.096206
     366   -0.096206
     367   -0.093150
     368   -0.093150
     369   -0.089800
     370   -0.089800
     371   -0.085967
     372   -0.085967
     373   -0.081402
     374   -0.081402
     375   -0.076133
     376   -0.076133
     377   -0.070073
     378   -0.070073
     379   -0.062752
     380   -0.062752
     381   -0.054319
     382   -0.054319
     383   -0.045043
     384   -0.045043
     385   -0.035418
     386   -0.035418
     387   -0.024336
     388   -0.024336
     389   -0.009550
     390   -0.009550
     391    0.015968
     392    0.015968
     393    0.061753
     394    0.061753
     395    0.109350
     396    0.109350
     397   -0.227404
     398   -0.227404
     399   -0.226784
     400   -0.226784
     401   -0.226269
     402   -0.226269
     403   -0.226394
     404   -0.226394
     405   -0.226609
     406   -0.226609
     407   -0.226626
     408   -0.226626
     409   -0.226575
     410   -0.226575
     411   -0.226502
     412   -0.226502
     413   -0.226425
     414   -0.226425
     415   -0.226318
     416   -0.226318
     417   -0.226181
     418   -0.226181
     419   -0.226025
     420   -0.226025
     421   -0.225842
     422   -0.225842
     423   -0.225633
     424   -0.225633
     425   -0.225397
     426   -0.225397
     427   -0.225129
     428   -0.225129
     429   -0.224832
     430   -0.224832
     431   -0.224511
     432   -0.224511
     433   -0.224171
     434   -0.224171
     435   -0.223814
     436   -0.223814
     437   -0.223448
     438   -0.223448
     439   -0.223077
     440   -0.223077
     441   -0.222700
     442   -0.222700
     443   -0.222312
     444   -0.222312
     445   -0.221917
     446   -0.221917
     447   -0.221509
     448   -0.221509
     449   -0.221075
     450   -0.221075
     451   -0.220616
     452   -0.220616
     453   -0.220139
     454   -0.220139
     455   -0.219645
     456   -0.219645
     457   -0.219138
     458   -0.219138
     459   -0.218616
     460   -0.218616
     461   -0.218085
     462   -0.218085
     463   -0.217548
     464   -0.217548
     465   -0.217009
     466   -0.217009
     467   -0.216471
     468   -0.216471
     469   -0.215894
     470   -0.215894
     471   -0.215222
     472   -0.215222
     473   -0.214476
     474   -0.214476
     475   -0.213699
     476   -0.213699
     477   -0.212902
     478   -0.212902
     479   -0.212099
     480   -0.212099
     481   -0.211270
     482   -0.211270
     483   -0.210395
     484   -0.210395
     485   -0.209506
     486   -0.209506
     487   -0.208574
     488   -0.208574
     489   -0.207551
     490   -0.207551
     491   -0.206460
     492   -0.206460
     493   -0.205277
     494   -0.205277
     495   -0.203966
     496   -0.203966
     497   -0.202565
     498   -0.202565
     499   -0.201050
     500   -0.201050
     501   -0.199355
     502   -0.199355
     503   -0.197457
     504   -0.197457
     505   -0.195316
     506   -0.195316
     507   -0.192862
     508   -0.192862
     509   -0.190080
     510   -0.190080
     511   -0.186913
     512   -0.186913
     513   -0.183499
     514   -0.183499
     515   -0.181055
     516   -0.181055
     517   -0.180585
     518   -0.180585
     519   -0.181388
     520   -0.181388
     521   -0.182462
     522   -0.182462
     523   -0.183353
     524   -0.183353
     525   -0.183893
     526   -0.183893
     527   -0.184076
     528   -0.184076
     529   -0.184027
     530   -0.184027
     531   -0.183813
     532   -0.183813
     533   -0.183411
     534   -0.183411
     535   -0.182859
     536   -0.182859
     537   -0.182155
     538   -0.182155
     539   -0.181258
     540   -0.181258
     541   -0.180193
     542   -0.180193
     543   -0.179036
     544   -0.179036
     545   -0.177735
     546   -0.177735
     547   -0.176279
     548   -0.176279
     549   -0.174712
     550   -0.174712
     551   -0.172919
     552   -0.172919
     553   -0.170819
     554   -0.170819
     555   -0.168405
     556   -0.168405
     557   -0.165744
     558   -0.165744
     559   -0.162901
     560   -0.162901
     561   -0.159662
     562   -0.159662
     563   -0.155866
     564   -0.155866
     565   -0.151542
     566   -0.151542
     567   -0.146795
     568   -0.146795
     569   -0.141373
     570   -0.141373
     571   -0.134924
     572   -0.134924
     573   -0.127544
     574   -0.127544
     575   -0.119085
     576   -0.119085
     577   -0.109154
     578   -0.109154
     579   -0.098091
     580   -0.098091
     581   -0.086537
     582   -0.086537
     583   -0.075402
     584   -0.075402
     585   -0.063511
     586   -0.063511
     587   -0.045942
     588   -0.045942
     589   -0.017437
     590   -0.017437
     591    0.024750
     592    0.024750
     593    0.066384
     594    0.066384
     595   -0.303824
     596   -0.303824
     597   -0.303201
     598   -0.303201
     599   -0.302720
     600   -0.302720
     601   -0.302901
     602   -0.302901
     603   -0.303169
     604   -0.303169
     605   -0.303229
     606   -0.303229
     607   -0.303199
     608   -0.303199
     609   -0.303113
     610   -0.303113
     611   -0.303000
     612   -0.303000
     613   -0.302846
     614   -0.302846
     615   -0.302654
     616   -0.302654
     617   -0.302429
     618   -0.302429
     619   -0.302174
     620   -0.302174
     621   -0.301889
     622   -0.301889
     623   -0.301574
     624   -0.301574
     625   -0.301227
     626   -0.301227
     627   -0.300842
     628   -0.300842
     629   -0.300423
     630   -0.300423
     631   -0.299978
     632   -0.299978
     633   -0.299510
     634   -0.299510
     635   -0.299027
     636   -0.299027
     637   -0.298534
     638   -0.298534
     639   -0.298036
     640   -0.298036
     641   -0.297531
     642   -0.297531
     643   -0.297012
     644   -0.297012
     645   -0.296471
     646   -0.296471
     647   -0.295899
     648   -0.295899
     649   -0.295300
     650   -0.295300
     651   -0.294678
     652   -0.294678
     653   -0.294036
     654   -0.294036
     655   -0.293376
     656   -0.293376
     657   -0.292698
     658   -0.292698
     659   -0.292006
     660   -0.292006
     661   -0.291306
     662   -0.291306
     663   -0.290603
     664   -0.290603
     665   -0.289906
     666   -0.289906
     667   -0.289167
     668   -0.289167
     669   -0.288310
     670   -0.288310
     671   -0.287346
     672   -0.287346
     673   -0.286332
     674   -0.286332
     675   -0.285304
     676   -0.285304
     677   -0.284266
     678   -0.284266
     679   -0.283193
     680   -0.283193
     681   -0.282075
     682   -0.282075
     683   -0.280928
     684   -0.280928
     685   -0.279723
     686   -0.279723
     687   -0.278419
     688   -0.278419
     689   -0.277008
     690   -0.277008
     691   -0.275488
     692   -0.275488
     693   -0.273845
     694   -0.273845
     695   -0.272069
     696   -0.272069
     697   -0.270119
     698   -0.270119
     699   -0.267953
     700   -0.267953
     701   -0.265557
     702   -0.265557
     703   -0.262886
     704   -0.262886
     705   -0.259890
     706   -0.259890
     707   -0.256530
     708   -0.256530
     709   -0.252806
     710   -0.252806
     711   -0.249029
     712   -0.249029
     713   -0.246269
     714   -0.246269
     715   -0.245500
     716   -0.245500
     717   -0.246258
     718   -0.246258
     719   -0.247446
     720   -0.247446
     721   -0.248477
     722   -0.248477
     723   -0.249123
     724   -0.249123
     725   -0.249357
     726   -0.249357
     727   -0.249300
     728   -0.249300
     729   -0.249008
     730   -0.249008
     731   -0.248484
     732   -0.248484
     733   -0.247755
     734   -0.247755
     735   -0.246837
     736   -0.246837
     737   -0.245712
     738   -0.245712
     739   -0.244371
     740   -0.244371
     741   -0.242846
     742   -0.242846
     743   -0.241141
     744   -0.241141
     745   -0.239249
     746   -0.239249
     747   -0.237142
     748   -0.237142
     749   -0.234706
     750   -0.234706
     751   -0.231890
     752   -0.231890
     753   -0.228674
     754   -0.228674
     755   -0.225102
     756   -0.225102
     757   -0.221218
     758   -0.221218
     759   -0.216956
     760   -0.216956
     761   -0.212185
     762   -0.212185
     763   -0.206769
     764   -0.206769
     765   -0.200822
     766   -0.200822
     767   -0.194061
     768   -0.194061
     769   -0.186146
     770   -0.186146
     771   -0.177200
     772   -0.177200
     773   -0.167031
     774   -0.167031
     775   -0.155547
     776   -0.155547
     777   -0.143145
     778   -0.143145
     779   -0.131071
     780   -0.131071
     781   -0.120216
     782   -0.120216
     783   -0.108534
     784   -0.108534
     785   -0.088011
     786   -0.088011
     787   -0.057218
     788   -0.057218
     789   -0.024023
     790   -0.024023
     791    0.005109
     792    0.005109
     793   -0.382278
     794   -0.382278
     795   -0.381374
     796   -0.381374
     797   -0.380511
     798   -0.380511
     799   -0.380599
     800   -0.380599
     801   -0.381013
     802   -0.381013
     803   -0.381189
     804   -0.381189
     805   -0.381183
     806   -0.381183
     807   -0.381066
     808   -0.381066
     809   -0.380889
     810   -0.380889
     811   -0.380666
     812   -0.380666
     813   -0.380402
     814   -0.380402
     815   -0.380098
     816   -0.380098
     817   -0.379756
     818   -0.379756
     819   -0.379378
     820   -0.379378
     821   -0.378968
     822   -0.378968
     823   -0.378529
     824   -0.378529
     825   -0.378053
     826   -0.378053
     827   -0.377539
     828   -0.377539
     829   -0.376988
     830   -0.376988
     831   -0.376407
     832   -0.376407
     833   -0.375806
     834   -0.375806
     835   -0.375192
     836   -0.375192
     837   -0.374572
     838   -0.374572
     839   -0.373946
     840   -0.373946
     841   -0.373300
     842   -0.373300
     843   -0.372627
     844   -0.372627
     845   -0.371923
     846   -0.371923
     847   -0.371187
     848   -0.371187
     849   -0.370425
     850   -0.370425
     851   -0.369639
     852   -0.369639
     853   -0.368829
     854   -0.368829
     855   -0.367996
     856   -0.367996
     857   -0.367144
     858   -0.367144
     859   -0.366279
     860   -0.366279
     861   -0.365407
     862   -0.365407
     863   -0.364528
     864   -0.364528
     865   -0.363604
     866   -0.363604
     867   -0.362569
     868   -0.362569
     869   -0.361424
     870   -0.361424
     871   -0.360218
     872   -0.360218
     873   -0.358990
     874   -0.358990
     875   -0.357736
     876   -0.357736
     877   -0.356432
     878   -0.356432
     879   -0.355077
     880   -0.355077
     881   -0.353670
     882   -0.353670
     883   -0.352186
     884   -0.352186
     885   -0.350598
     886   -0.350598
     887   -0.348893
     888   -0.348893
     889   -0.347078
     890   -0.347078
     891   -0.345134
     892   -0.345134
     893   -0.343018
     894   -0.343018
     895   -0.340686
     896   -0.340686
     897   -0.338117
     898   -0.338117
     899   -0.335296
     900   -0.335296
     901   -0.332186
     902   -0.332186
     903   -0.328746
     904   -0.328746
     905   -0.324932
     906   -0.324932
     907   -0.320833
     908   -0.320833
     909   -0.316859
     910   -0.316859
     911   -0.313912
     912   -0.313912
     913   -0.312869
     914   -0.312869
     915   -0.313409
     916   -0.313409
     917   -0.314473
     918   -0.314473
     919   -0.315469
     920   -0.315469
     921   -0.316147
     922   -0.316147
     923   -0.316417
     924   -0.316417
     925   -0.316351
     926   -0.316351
     927   -0.315965
     928   -0.315965
     929   -0.315274
     930   -0.315274
     931   -0.314351
     932   -0.314351
     933   -0.313219
     934   -0.313219
     935   -0.311849
     936   -0.311849
     937   -0.310230
     938   -0.310230
     939   -0.308359
     940   -0.308359
     941   -0.306255
     942   -0.306255
     943   -0.303906
     944   -0.303906
     945   -0.301226
     946   -0.301226
     947   -0.298110
     948   -0.298110
     949   -0.294557
     950   -0.294557
     951   -0.290584
     952   -0.290584
     953   -0.286175
     954   -0.286175
     955   -0.281318
     956   -0.281318
     957   -0.276038
     958   -0.276038
     959   -0.270215
     960   -0.270215
     961   -0.263670
     962   -0.263670
     963   -0.256500
     964   -0.256500
     965   -0.248477
     966   -0.248477
     967   -0.239336
     968   -0.239336
     969   -0.229103
     970   -0.229103
     971   -0.217613
     972   -0.217613
     973   -0.204865
     974   -0.204865
     975   -0.191043
     976   -0.191043
     977   -0.178754
     978   -0.178754
     979   -0.168184
     980   -0.168184
     981   -0.154739
     982   -0.154739
     983   -0.132376
     984   -0.132376
     985   -0.102505
     986   -0.102505
     987   -0.074007
     988   -0.074007
     989   -0.050439
     990   -0.050439
     991   -0.468314
     992   -0.468314
     993   -0.467390
     994   -0.467390
     995   -0.466484
     996   -0.466484
     997   -0.466509
     998   -0.466509
     999   -0.466804
    1000   -0.466804
    1001   -0.466824
    1002   -0.466824
    1003   -0.466682
    1004   -0.466682
    1005   -0.466447
    1006   -0.466447
    1007   -0.466162
    1008   -0.466162
    1009   -0.465836
    1010   -0.465836
    1011   -0.465477
    1012   -0.465477
    1013   -0.465077
    1014   -0.465077
    1015   -0.464633
    1016   -0.464633
    1017   -0.464150
    1018   -0.464150
    1019   -0.463629
    1020   -0.463629
    1021   -0.463076
    1022   -0.463076
    1023   -0.462490
    1024   -0.462490
    1025   -0.461867
    1026   -0.461867
    1027   -0.461198
    1028   -0.461198
    1029   -0.460490
    1030   -0.460490
    1031   -0.459760
    1032   -0.459760
    1033   -0.459019
    1034   -0.459019
    1035   -0.458273
    1036   -0.458273
    1037   -0.457517
    1038   -0.457517
    1039   -0.456742
    1040   -0.456742
    1041   -0.455938
    1042   -0.455938
    1043   -0.455102
    1044   -0.455102
    1045   -0.454229
    1046   -0.454229
    1047   -0.453324
    1048   -0.453324
    1049   -0.452388
    1050   -0.452388
    1051   -0.451420
    1052   -0.451420
    1053   -0.450420
    1054   -0.450420
    1055   -0.449396
    1056   -0.449396
    1057   -0.448355
    1058   -0.448355
    1059   -0.447299
    1060   -0.447299
    1061   -0.446219
    1062   -0.446219
    1063   -0.445086
    1064   -0.445086
    1065   -0.443865
    1066   -0.443865
    1067   -0.442553
    1068   -0.442553
    1069   -0.441176
    1070   -0.441176
    1071   -0.439752
    1072   -0.439752
    1073   -0.438272
    1074   -0.438272
    1075   -0.436728
    1076   -0.436728
    1077   -0.435121
    1078   -0.435121
    1079   -0.433438
    1080   -0.433438
    1081   -0.431662
    1082   -0.431662
    1083   -0.429785
    1084   -0.429785
    1085   -0.427791
    1086   -0.427791
    1087   -0.425679
    1088   -0.425679
    1089   -0.423424
    1090   -0.423424
    1091   -0.420982
    1092   -0.420982
    1093   -0.418319
    1094   -0.418319
    1095   -0.415414
    1096   -0.415414
    1097   -0.412231
    1098   -0.412231
    1099   -0.408735
    1100   -0.408735
    1101   -0.404893
    1102   -0.404893
    1103   -0.400680
    1104   -0.400680
    1105   -0.396236
    1106   -0.396236
    1107   -0.391945
    1108   -0.391945
    1109   -0.388617
    1110   -0.388617
    1111   -0.387124
    1112   -0.387124
    1113   -0.387282
    1114   -0.387282
    1115   -0.388093
    1116   -0.388093
    1117   -0.388906
    1118   -0.388906
    1119   -0.389462
    1120   -0.389462
    1121   -0.389646
    1122   -0.389646
    1123   -0.389505
    1124   -0.389505
    1125   -0.389065
    1126   -0.389065
    1127   -0.388311
    1128   -0.388311
    1129   -0.387291
    1130   -0.387291
    1131   -0.385995
    1132   -0.385995
    1133   -0.384399
    1134   -0.384399
    1135   -0.382534
    1136   -0.382534
    1137   -0.380391
    1138   -0.380391
    1139   -0.377957
    1140   -0.377957
    1141   -0.375206
    1142   -0.375206
    1143   -0.372045
    1144   -0.372045
    1145   -0.368389
    1146   -0.368389
    1147   -0.364250
    1148   -0.364250
    1149   -0.359663
    1150   -0.359663
    1151   -0.354543
    1152   -0.354543
    1153   -0.348840
    1154   -0.348840
    1155   -0.342587
    1156   -0.342587
    1157   -0.335663
    1158   -0.335663
    1159   -0.327959
    1160   -0.327959
    1161   -0.319546
    1162   -0.319546
    1163   -0.310303
    1164   -0.310303
    1165   -0.300009
    1166   -0.300009
    1167   -0.288540
    1168   -0.288540
    1169   -0.275703
    1170   -0.275703
    1171   -0.261308
    1172   -0.261308
    1173   -0.245142
    1174   -0.245142
    1175   -0.231089
    1176   -0.231089
    1177   -0.218577
    1178   -0.218577
    1179   -0.200397
    1180   -0.200397
    1181   -0.176074
    1182   -0.176074
    1183   -0.148265
    1184   -0.148265
    1185   -0.119363
    1186   -0.119363
    1187   -0.094961
    1188   -0.094961
    1189   -0.566491
    1190   -0.566491
    1191   -0.565912
    1192   -0.565912
    1193   -0.565362
    1194   -0.565362
    1195   -0.565179
    1196   -0.565179
    1197   -0.564902
    1198   -0.564902
    1199   -0.564452
    1200   -0.564452
    1201   -0.564021
    1202   -0.564021
    1203   -0.563580
    1204   -0.563580
    1205   -0.563121
    1206   -0.563121
    1207   -0.562649
    1208   -0.562649
    1209   -0.562161
    1210   -0.562161
    1211   -0.561638
    1212   -0.561638
    1213   -0.561069
    1214   -0.561069
    1215   -0.560460
    1216   -0.560460
    1217   -0.559811
    1218   -0.559811
    1219   -0.559123
    1220   -0.559123
    1221   -0.558400
    1222   -0.558400
    1223   -0.557638
    1224   -0.557638
    1225   -0.556828
    1226   -0.556828
    1227   -0.555973
    1228   -0.555973
    1229   -0.555090
    1230   -0.555090
    1231   -0.554210
    1232   -0.554210
    1233   -0.553337
    1234   -0.553337
    1235   -0.552449
    1236   -0.552449
    1237   -0.551536
    1238   -0.551536
    1239   -0.550598
    1240   -0.550598
    1241   -0.549624
    1242   -0.549624
    1243   -0.548608
    1244   -0.548608
    1245   -0.547550
    1246   -0.547550
    1247   -0.546451
    1248   -0.546451
    1249   -0.545308
    1250   -0.545308
    1251   -0.544118
    1252   -0.544118
    1253   -0.542895
    1254   -0.542895
    1255   -0.541662
    1256   -0.541662
    1257   -0.540417
    1258   -0.540417
    1259   -0.539135
    1260   -0.539135
    1261   -0.537794
    1262   -0.537794
    1263   -0.536385
    1264   -0.536385
    1265   -0.534903
    1266   -0.534903
    1267   -0.533339
    1268   -0.533339
    1269   -0.531694
    1270   -0.531694
    1271   -0.529969
    1272   -0.529969
    1273   -0.528168
    1274   -0.528168
    1275   -0.526287
    1276   -0.526287
    1277   -0.524310
    1278   -0.524310
    1279   -0.522235
    1280   -0.522235
    1281   -0.520066
    1282   -0.520066
    1283   -0.517781
    1284   -0.517781
    1285   -0.515359
    1286   -0.515359
    1287   -0.512782
    1288   -0.512782
    1289   -0.510020
    1290   -0.510020
    1291   -0.507048
    1292   -0.507048
    1293   -0.503836
    1294   -0.503836
    1295   -0.500328
    1296   -0.500328
    1297   -0.496486
    1298   -0.496486
    1299   -0.492276
    1300   -0.492276
    1301   -0.487708
    1302   -0.487708
    1303   -0.482943
    1304   -0.482943
    1305   -0.478276
    1306   -0.478276
    1307   -0.474376
    1308   -0.474376
    1309   -0.472233
    1310   -0.472233
    1311   -0.471956
    1312   -0.471956
    1313   -0.472534
    1314   -0.472534
    1315   -0.473107
    1316   -0.473107
    1317   -0.473395
    1318   -0.473395
    1319   -0.473339
    1320   -0.473339
    1321   -0.472999
    1322   -0.472999
    1323   -0.472474
    1324   -0.472474
    1325   -0.471713
    1326   -0.471713
    1327   -0.470619
    1328   -0.470619
    1329   -0.469159
    1330   -0.469159
    1331   -0.467346
    1332   -0.467346
    1333   -0.465238
    1334   -0.465238
    1335   -0.462865
    1336   -0.462865
    1337   -0.460172
    1338   -0.460172
    1339   -0.457072
    1340   -0.457072
    1341   -0.453491
    1342   -0.453491
    1343   -0.449414
    1344   -0.449414
    1345   -0.444813
    1346   -0.444813
    1347   -0.439644
    1348   -0.439644
    1349   -0.433840
    1350   -0.433840
    1351   -0.427335
    1352   -0.427335
    1353   -0.420116
    1354   -0.420116
    1355   -0.412088
    1356   -0.412088
    1357   -0.403241
    1358   -0.403241
    1359   -0.393589
    1360   -0.393589
    1361   -0.383037
    1362   -0.383037
    1363   -0.371416
    1364   -0.371416
    1365   -0.358496
    1366   -0.358496
    1367   -0.344016
    1368   -0.344016
    1369   -0.327957
    1370   -0.327957
    1371   -0.309589
    1372   -0.309589
    1373   -0.291118
    1374   -0.291118
    1375   -0.272919
    1376   -0.272919
    1377   -0.249785
    1378   -0.249785
    1379   -0.222898
    1380   -0.222898
    1381   -0.193874
    1382   -0.193874
    1383   -0.161485
    1384   -0.161485
    1385   -0.133903
    1386   -0.133903
    1387   -0.681450
    1388   -0.681450
    1389   -0.680765
    1390   -0.680765
    1391   -0.679814
    1392   -0.679814
    1393   -0.678896
    1394   -0.678896
    1395   -0.677931
    1396   -0.677931
    1397   -0.676967
    1398   -0.676967
    1399   -0.676116
    1400   -0.676116
    1401   -0.675321
    1402   -0.675321
    1403   -0.674562
    1404   -0.674562
    1405   -0.673851
    1406   -0.673851
    1407   -0.673169
    1408   -0.673169
    1409   -0.672479
    1410   -0.672479
    1411   -0.671756
    1412   -0.671756
    1413   -0.671000
    1414   -0.671000
    1415   -0.670207
    1416   -0.670207
    1417   -0.669368
    1418   -0.669368
    1419   -0.668486
    1420   -0.668486
    1421   -0.667561
    1422   -0.667561
    1423   -0.666589
    1424   -0.666589
    1425   -0.665566
    1426   -0.665566
    1427   -0.664509
    1428   -0.664509
    1429   -0.663468
    1430   -0.663468
    1431   -0.662449
    1432   -0.662449
    1433   -0.661410
    1434   -0.661410
    1435   -0.660343
    1436   -0.660343
    1437   -0.659251
    1438   -0.659251
    1439   -0.658125
    1440   -0.658125
    1441   -0.656951
    1442   -0.656951
    1443   -0.655724
    1444   -0.655724
    1445   -0.654444
    1446   -0.654444
    1447   -0.653105
    1448   -0.653105
    1449   -0.651703
    1450   -0.651703
    1451   -0.650259
    1452   -0.650259
    1453   -0.648812
    1454   -0.648812
    1455   -0.647360
    1456   -0.647360
    1457   -0.645867
    1458   -0.645867
    1459   -0.644314
    1460   -0.644314
    1461   -0.642706
    1462   -0.642706
    1463   -0.641032
    1464   -0.641032
    1465   -0.639254
    1466   -0.639254
    1467   -0.637368
    1468   -0.637368
    1469   -0.635392
    1470   -0.635392
    1471   -0.633326
    1472   -0.633326
    1473   -0.631159
    1474   -0.631159
    1475   -0.628884
    1476   -0.628884
    1477   -0.626502
    1478   -0.626502
    1479   -0.624022
    1480   -0.624022
    1481   -0.621424
    1482   -0.621424
    1483   -0.618667
    1484   -0.618667
    1485   -0.615739
    1486   -0.615739
    1487   -0.612630
    1488   -0.612630
    1489   -0.609309
    1490   -0.609309
    1491   -0.605753
    1492   -0.605753
    1493   -0.601921
    1494   -0.601921
    1495   -0.597777
    1496   -0.597777
    1497   -0.593296
    1498   -0.593296
    1499   -0.588522
    1500   -0.588522
    1501   -0.583591
    1502   -0.583591
    1503   -0.578745
    1504   -0.578745
    1505   -0.574613
    1506   -0.574613
    1507   -0.572268
    1508   -0.572268
    1509   -0.571892
    1510   -0.571892
    1511   -0.572399
    1512   -0.572399
    1513   -0.572862
    1514   -0.572862
    1515   -0.573015
    1516   -0.573015
    1517   -0.572803
    1518   -0.572803
    1519   -0.572241
    1520   -0.572241
    1521   -0.571461
    1522   -0.571461
    1523   -0.570434
    1524   -0.570434
    1525   -0.569057
    1526   -0.569057
    1527   -0.567333
    1528   -0.567333
    1529   -0.565273
    1530   -0.565273
    1531   -0.562896
    1532   -0.562896
    1533   -0.560246
    1534   -0.560246
    1535   -0.557245
    1536   -0.557245
    1537   -0.553773
    1538   -0.553773
    1539   -0.549766
    1540   -0.549766
    1541   -0.545237
    1542   -0.545237
    1543   -0.540112
    1544   -0.540112
    1545   -0.534287
    1546   -0.534287
    1547   -0.527759
    1548   -0.527759
    1549   -0.520416
    1550   -0.520416
    1551   -0.512200
    1552   -0.512200
    1553   -0.503132
    1554   -0.503132
    1555   -0.493225
    1556   -0.493225
    1557   -0.482323
    1558   -0.482323
    1559   -0.470315
    1560   -0.470315
    1561   -0.457088
    1562   -0.457088
    1563   -0.442292
    1564   -0.442292
    1565   -0.425627
    1566   -0.425627
    1567   -0.407769
    1568   -0.407769
    1569   -0.387558
    1570   -0.387558
    1571   -0.363391
    1572   -0.363391
    1573   -0.337475
    1574   -0.337475
    1575   -0.309710
    1576   -0.309710
    1577   -0.278897
    1578   -0.278897
    1579   -0.244349
    1580   -0.244349
    1581   -0.205757
    1582   -0.205757
    1583   -0.173435
    1584   -0.173435
    1585   -0.819512
    1586   -0.819512
    1587   -0.818117
    1588   -0.818117
    1589   -0.815970
    1590   -0.815970
    1591   -0.813934
    1592   -0.813934
    1593   -0.812154
    1594   -0.812154
    1595   -0.810529
    1596   -0.810529
    1597   -0.809059
    1598   -0.809059
    1599   -0.807733
    1600   -0.807733
    1601   -0.806551
    1602   -0.806551
    1603   -0.805499
    1604   -0.805499
    1605   -0.804531
    1606   -0.804531
    1607   -0.803600
    1608   -0.803600
    1609   -0.802679
    1610   -0.802679
    1611   -0.801751
    1612   -0.801751
    1613   -0.800794
    1614   -0.800794
    1615   -0.799783
    1616   -0.799783
    1617   -0.798717
    1618   -0.798717
    1619   -0.797610
    1620   -0.797610
    1621   -0.796464
    1622   -0.796464
    1623   -0.795266
    1624   -0.795266
    1625   -0.794025
    1626   -0.794025
    1627   -0.792790
    1628   -0.792790
    1629   -0.791568
    1630   -0.791568
    1631   -0.790332
    1632   -0.790332
    1633   -0.789078
    1634   -0.789078
    1635   -0.787810
    1636   -0.787810
    1637   -0.786514
    1638   -0.786514
    1639   -0.785164
    1640   -0.785164
    1641   -0.783748
    1642   -0.783748
    1643   -0.782263
    1644   -0.782263
    1645   -0.780707
    1646   -0.780707
    1647   -0.779083
    1648   -0.779083
    1649   -0.777408
    1650   -0.777408
    1651   -0.775713
    1652   -0.775713
    1653   -0.774001
    1654   -0.774001
    1655   -0.772254
    1656   -0.772254
    1657   -0.770459
    1658   -0.770459
    1659   -0.768610
    1660   -0.768610
    1661   -0.766693
    1662   -0.766693
    1663   -0.764674
    1664   -0.764674
    1665   -0.762543
    1666   -0.762543
    1667   -0.760310
    1668   -0.760310
    1669   -0.757974
    1670   -0.757974
    1671   -0.755520
    1672   -0.755520
    1673   -0.752944
    1674   -0.752944
    1675   -0.750246
    1676   -0.750246
    1677   -0.747418
    1678   -0.747418
    1679   -0.744443
    1680   -0.744443
    1681   -0.741292
    1682   -0.741292
    1683   -0.737955
    1684   -0.737955
    1685   -0.734430
    1686   -0.734430
    1687   -0.730695
    1688   -0.730695
    1689   -0.726728
    1690   -0.726728
    1691   -0.722521
    1692   -0.722521
    1693   -0.718052
    1694   -0.718052
    1695   -0.713329
    1696   -0.713329
    1697   -0.708409
    1698   -0.708409
    1699   -0.703373
    1700   -0.703373
    1701   -0.698471
    1702   -0.698471
    1703   -0.694443
    1704   -0.694443
    1705   -0.692329
    1706   -0.692329
    1707   -0.692096
    1708   -0.692096
    1709   -0.692609
    1710   -0.692609
    1711   -0.693049
    1712   -0.693049
    1713   -0.693207
    1714   -0.693207
    1715   -0.692987
    1716   -0.692987
    1717   -0.692321
    1718   -0.692321
    1719   -0.691296
    1720   -0.691296
    1721   -0.689934
    1722   -0.689934
    1723   -0.688245
    1724   -0.688245
    1725   -0.686265
    1726   -0.686265
    1727   -0.683967
    1728   -0.683967
    1729   -0.681338
    1730   -0.681338
    1731   -0.678377
    1732   -0.678377
    1733   -0.675005
    1734   -0.675005
    1735   -0.671142
    1736   -0.671142
    1737   -0.666726
    1738   -0.666726
    1739   -0.661700
    1740   -0.661700
    1741   -0.656018
    1742   -0.656018
    1743   -0.649610
    1744   -0.649610
    1745   -0.642418
    1746   -0.642418
    1747   -0.634282
    1748   -0.634282
    1749   -0.625151
    1750   -0.625151
    1751   -0.615125
    1752   -0.615125
    1753   -0.604164
    1754   -0.604164
    1755   -0.591976
    1756   -0.591976
    1757   -0.578368
    1758   -0.578368
    1759   -0.563170
    1760   -0.563170
    1761   -0.546026
    1762   -0.546026
    1763   -0.526715
    1764   -0.526715
    1765   -0.506009
    1766   -0.506009
    1767   -0.482727
    1768   -0.482727
    1769   -0.453736
    1770   -0.453736
    1771   -0.421056
    1772   -0.421056
    1773   -0.386669
    1774   -0.386669
    1775   -0.348369
    1776   -0.348369
    1777   -0.304432
    1778   -0.304432
    1779   -0.256044
    1780   -0.256044
    1781   -0.216042
    1782   -0.216042
    1783   -0.989739
    1784   -0.989739
    1785   -0.987703
    1786   -0.987703
    1787   -0.984650
    1788   -0.984650
    1789   -0.981800
    1790   -0.981800
    1791   -0.979285
    1792   -0.979285
    1793   -0.976998
    1794   -0.976998
    1795   -0.974910
    1796   -0.974910
    1797   -0.973030
    1798   -0.973030
    1799   -0.971390
    1800   -0.971390
    1801   -0.969938
    1802   -0.969938
    1803   -0.968606
    1804   -0.968606
    1805   -0.967347
    1806   -0.967347
    1807   -0.966147
    1808   -0.966147
    1809   -0.964977
    1810   -0.964977
    1811   -0.963796
    1812   -0.963796
    1813   -0.962567
    1814   -0.962567
    1815   -0.961279
    1816   -0.961279
    1817   -0.959957
    1818   -0.959957
    1819   -0.958608
    1820   -0.958608
    1821   -0.957210
    1822   -0.957210
    1823   -0.955762
    1824   -0.955762
    1825   -0.954292
    1826   -0.954292
    1827   -0.952811
    1828   -0.952811
    1829   -0.951327
    1830   -0.951327
    1831   -0.949845
    1832   -0.949845
    1833   -0.948365
    1834   -0.948365
    1835   -0.946867
    1836   -0.946867
    1837   -0.945312
    1838   -0.945312
    1839   -0.943678
    1840   -0.943678
    1841   -0.941963
    1842   -0.941963
    1843   -0.940169
    1844   -0.940169
    1845   -0.938305
    1846   -0.938305
    1847   -0.936378
    1848   -0.936378
    1849   -0.934397
    1850   -0.934397
    1851   -0.932371
    1852   -0.932371
    1853   -0.930313
    1854   -0.930313
    1855   -0.928220
    1856   -0.928220
    1857   -0.926070
    1858   -0.926070
    1859   -0.923850
    1860   -0.923850
    1861   -0.921543
    1862   -0.921543
    1863   -0.919128
    1864   -0.919128
    1865   -0.916600
    1866   -0.916600
    1867   -0.913967
    1868   -0.913967
    1869   -0.911208
    1870   -0.911208
    1871   -0.908302
    1872   -0.908302
    1873   -0.905240
    1874   -0.905240
    1875   -0.901994
    1876   -0.901994
    1877   -0.898564
    1878   -0.898564
    1879   -0.894952
    1880   -0.894952
    1881   -0.891142
    1882   -0.891142
    1883   -0.887143
    1884   -0.887143
    1885   -0.882936
    1886   -0.882936
    1887   -0.878491
    1888   -0.878491
    1889   -0.873821
    1890   -0.873821
    1891   -0.868917
    1892   -0.868917
    1893   -0.863795
    1894   -0.863795
    1895   -0.858488
    1896   -0.858488
    1897   -0.853056
    1898   -0.853056
    1899   -0.847784
    1900   -0.847784
    1901   -0.843489
    1902   -0.843489
    1903   -0.841199
    1904   -0.841199
    1905   -0.840774
    1906   -0.840774
    1907   -0.841073
    1908   -0.841073
    1909   -0.841338
    1910   -0.841338
    1911   -0.841399
    1912   -0.841399
    1913   -0.841185
    1914   -0.841185
    1915   -0.840569
    1916   -0.840569
    1917   -0.839531
    1918   -0.839531
    1919   -0.838107
    1920   -0.838107
    1921   -0.836340
    1922   -0.836340
    1923   -0.834212
    1924   -0.834212
    1925   -0.831698
    1926   -0.831698
    1927   -0.828801
    1928   -0.828801
    1929   -0.825476
    1930   -0.825476
    1931   -0.821645
    1932   -0.821645
    1933   -0.817275
    1934   -0.817275
    1935   -0.812333
    1936   -0.812333
    1937   -0.806725
    1938   -0.806725
    1939   -0.800481
    1940   -0.800481
    1941   -0.793556
    1942   -0.793556
    1943   -0.785771
    1944   -0.785771
    1945   -0.776952
    1946   -0.776952
    1947   -0.766995
    1948   -0.766995
    1949   -0.755941
    1950   -0.755941
    1951   -0.743741
    1952   -0.743741
    1953   -0.730105
    1954   -0.730105
    1955   -0.714652
    1956   -0.714652
    1957   -0.697056
    1958   -0.697056
    1959   -0.677117
    1960   -0.677117
    1961   -0.654690
    1962   -0.654690
    1963   -0.629855
    1964   -0.629855
    1965   -0.601838
    1966   -0.601838
    1967   -0.568453
    1968   -0.568453
    1969   -0.529521
    1970   -0.529521
    1971   -0.485764
    1972   -0.485764
    1973   -0.436016
    1974   -0.436016
    1975   -0.379150
    1976   -0.379150
    1977   -0.317552
    1978   -0.317552
    1979   -0.267107
    1980   -0.267107
    1981   -1.205961
    1982   -1.205961
    1983   -1.203416
    1984   -1.203416
    1985   -1.199693
    1986   -1.199693
    1987   -1.196293
    1988   -1.196293
    1989   -1.193233
    1990   -1.193233
    1991   -1.190373
    1992   -1.190373
    1993   -1.187726
    1994   -1.187726
    1995   -1.185314
    1996   -1.185314
    1997   -1.183157
    1998   -1.183157
    1999   -1.181213
    2000   -1.181213
    2001   -1.179426
    2002   -1.179426
    2003   -1.177760
    2004   -1.177760
    2005   -1.176199
    2006   -1.176199
    2007   -1.174697
    2008   -1.174697
    2009   -1.173209
    2010   -1.173209
    2011   -1.171697
    2012   -1.171697
    2013   -1.170143
    2014   -1.170143
    2015   -1.168559
    2016   -1.168559
    2017   -1.166945
    2018   -1.166945
    2019   -1.165284
    2020   -1.165284
    2021   -1.163572
    2022   -1.163572
    2023   -1.161821
    2024   -1.161821
    2025   -1.160050
    2026   -1.160050
    2027   -1.158285
    2028   -1.158285
    2029   -1.156535
    2030   -1.156535
    2031   -1.154787
    2032   -1.154787
    2033   -1.153021
    2034   -1.153021
    2035   -1.151202
    2036   -1.151202
    2037   -1.149310
    2038   -1.149310
    2039   -1.147338
    2040   -1.147338
    2041   -1.145283
    2042   -1.145283
    2043   -1.143143
    2044   -1.143143
    2045   -1.140919
    2046   -1.140919
    2047   -1.138614
    2048   -1.138614
    2049   -1.136239
    2050   -1.136239
    2051   -1.133814
    2052   -1.133814
    2053   -1.131346
    2054   -1.131346
    2055   -1.128823
    2056   -1.128823
    2057   -1.126230
    2058   -1.126230
    2059   -1.123554
    2060   -1.123554
    2061   -1.120774
    2062   -1.120774
    2063   -1.117889
    2064   -1.117889
    2065   -1.114917
    2066   -1.114917
    2067   -1.111834
    2068   -1.111834
    2069   -1.108565
    2070   -1.108565
    2071   -1.105026
    2072   -1.105026
    2073   -1.101214
    2074   -1.101214
    2075   -1.097219
    2076   -1.097219
    2077   -1.093070
    2078   -1.093070
    2079   -1.088732
    2080   -1.088732
    2081   -1.084203
    2082   -1.084203
    2083   -1.079467
    2084   -1.079467
    2085   -1.074502
    2086   -1.074502
    2087   -1.069333
    2088   -1.069333
    2089   -1.063957
    2090   -1.063957
    2091   -1.058344
    2092   -1.058344
    2093   -1.052483
    2094   -1.052483
    2095   -1.046460
    2096   -1.046460
    2097   -1.040608
    2098   -1.040608
    2099   -1.035840
    2100   -1.035840
    2101   -1.033209
    2102   -1.033209
    2103   -1.032521
    2104   -1.032521
    2105   -1.032670
    2106   -1.032670
    2107   -1.032916
    2108   -1.032916
    2109   -1.033012
    2110   -1.033012
    2111   -1.032883
    2112   -1.032883
    2113   -1.032397
    2114   -1.032397
    2115   -1.031423
    2116   -1.031423
    2117   -1.029979
    2118   -1.029979
    2119   -1.028101
    2120   -1.028101
    2121   -1.025750
    2122   -1.025750
    2123   -1.022937
    2124   -1.022937
    2125   -1.019648
    2126   -1.019648
    2127   -1.015805
    2128   -1.015805
    2129   -1.011342
    2130   -1.011342
    2131   -1.006233
    2132   -1.006233
    2133   -1.000496
    2134   -1.000496
    2135   -0.994092
    2136   -0.994092
    2137   -0.987033
    2138   -0.987033
    2139   -0.979235
    2140   -0.979235
    2141   -0.970511
    2142   -0.970511
    2143   -0.960712
    2144   -0.960712
    2145   -0.949616
    2146   -0.949616
    2147   -0.937161
    2148   -0.937161
    2149   -0.923270
    2150   -0.923270
    2151   -0.907611
    2152   -0.907611
    2153   -0.889773
    2154   -0.889773
    2155   -0.869356
    2156   -0.869356
    2157   -0.846094
    2158   -0.846094
    2159   -0.819614
    2160   -0.819614
    2161   -0.789416
    2162   -0.789416
    2163   -0.755548
    2164   -0.755548
    2165   -0.716671
    2166   -0.716671
    2167   -0.670205
    2168   -0.670205
    2169   -0.615369
    2170   -0.615369
    2171   -0.551593
    2172   -0.551593
    2173   -0.478375
    2174   -0.478375
    2175   -0.399808
    2176   -0.399808
    2177   -0.335980
    2178   -0.335980
    2179   -1.491171
    2180   -1.491171
    2181   -1.488392
    2182   -1.488392
    2183   -1.484192
    2184   -1.484192
    2185   -1.480296
    2186   -1.480296
    2187   -1.476745
    2188   -1.476745
    2189   -1.473333
    2190   -1.473333
    2191   -1.470172
    2192   -1.470172
    2193   -1.467269
    2194   -1.467269
    2195   -1.464574
    2196   -1.464574
    2197   -1.462072
    2198   -1.462072
    2199   -1.459748
    2200   -1.459748
    2201   -1.457607
    2202   -1.457607
    2203   -1.455623
    2204   -1.455623
    2205   -1.453724
    2206   -1.453724
    2207   -1.451855
    2208   -1.451855
    2209   -1.449990
    2210   -1.449990
    2211   -1.448114
    2212   -1.448114
    2213   -1.446205
    2214   -1.446205
    2215   -1.444249
    2216   -1.444249
    2217   -1.442245
    2218   -1.442245
    2219   -1.440196
    2220   -1.440196
    2221   -1.438109
    2222   -1.438109
    2223   -1.436006
    2224   -1.436006
    2225   -1.433914
    2226   -1.433914
    2227   -1.431829
    2228   -1.431829
    2229   -1.429733
    2230   -1.429733
    2231   -1.427611
    2232   -1.427611
    2233   -1.425445
    2234   -1.425445
    2235   -1.423218
    2236   -1.423218
    2237   -1.420919
    2238   -1.420919
    2239   -1.418532
    2240   -1.418532
    2241   -1.416037
    2242   -1.416037
    2243   -1.413433
    2244   -1.413433
    2245   -1.410730
    2246   -1.410730
    2247   -1.407933
    2248   -1.407933
    2249   -1.405052
    2250   -1.405052
    2251   -1.402101
    2252   -1.402101
    2253   -1.399091
    2254   -1.399091
    2255   -1.396007
    2256   -1.396007
    2257   -1.392831
    2258   -1.392831
    2259   -1.389556
    2260   -1.389556
    2261   -1.386192
    2262   -1.386192
    2263   -1.382762
    2264   -1.382762
    2265   -1.379263
    2266   -1.379263
    2267   -1.375540
    2268   -1.375540
    2269   -1.371370
    2270   -1.371370
    2271   -1.366813
    2272   -1.366813
    2273   -1.362101
    2274   -1.362101
    2275   -1.357284
    2276   -1.357284
    2277   -1.352291
    2278   -1.352291
    2279   -1.347100
    2280   -1.347100
    2281   -1.341731
    2282   -1.341731
    2283   -1.336166
    2284   -1.336166
    2285   -1.330396
    2286   -1.330396
    2287   -1.324425
    2288   -1.324425
    2289   -1.318199
    2290   -1.318199
    2291   -1.311718
    2292   -1.311718
    2293   -1.305131
    2294   -1.305131
    2295   -1.298822
    2296   -1.298822
    2297   -1.293915
    2298   -1.293915
    2299   -1.291480
    2300   -1.291480
    2301   -1.291085
    2302   -1.291085
    2303   -1.291644
    2304   -1.291644
    2305   -1.292442
    2306   -1.292442
    2307   -1.293031
    2308   -1.293031
    2309   -1.293243
    2310   -1.293243
    2311   -1.293013
    2312   -1.293013
    2313   -1.292148
    2314   -1.292148
    2315   -1.290623
    2316   -1.290623
    2317   -1.288548
    2318   -1.288548
    2319   -1.285954
    2320   -1.285954
    2321   -1.282815
    2322   -1.282815
    2323   -1.279002
    2324   -1.279002
    2325   -1.274450
    2326   -1.274450
    2327   -1.269168
    2328   -1.269168
    2329   -1.263128
    2330   -1.263128
    2331   -1.256350
    2332   -1.256350
    2333   -1.248816
    2334   -1.248816
    2335   -1.240435
    2336   -1.240435
    2337   -1.231155
    2338   -1.231155
    2339   -1.220857
    2340   -1.220857
    2341   -1.209366
    2342   -1.209366
    2343   -1.196374
    2344   -1.196374
    2345   -1.181712
    2346   -1.181712
    2347   -1.165199
    2348   -1.165199
    2349   -1.146460
    2350   -1.146460
    2351   -1.125286
    2352   -1.125286
    2353   -1.101300
    2354   -1.101300
    2355   -1.073925
    2356   -1.073925
    2357   -1.042514
    2358   -1.042514
    2359   -1.005758
    2360   -1.005758
    2361   -0.963757
    2362   -0.963757
    2363   -0.916389
    2364   -0.916389
    2365   -0.860370
    2366   -0.860370
    2367   -0.793190
    2368   -0.793190
    2369   -0.713045
    2370   -0.713045
    2371   -0.619357
    2372   -0.619357
    2373   -0.518316
    2374   -0.518316
    2375   -0.436171
    2376   -0.436171
    2377   -1.885208
    2378   -1.885208
    2379   -1.882980
    2380   -1.882980
    2381   -1.879129
    2382   -1.879129
    2383   -1.875229
    2384   -1.875229
    2385   -1.871496
    2386   -1.871496
    2387   -1.867718
    2388   -1.867718
    2389   -1.864203
    2390   -1.864203
    2391   -1.860957
    2392   -1.860957
    2393   -1.857868
    2394   -1.857868
    2395   -1.854916
    2396   -1.854916
    2397   -1.852106
    2398   -1.852106
    2399   -1.849470
    2400   -1.849470
    2401   -1.846995
    2402   -1.846995
    2403   -1.844616
    2404   -1.844616
    2405   -1.842285
    2406   -1.842285
    2407   -1.839975
    2408   -1.839975
    2409   -1.837673
    2410   -1.837673
    2411   -1.835345
    2412   -1.835345
    2413   -1.832963
    2414   -1.832963
    2415   -1.830522
    2416   -1.830522
    2417   -1.828031
    2418   -1.828031
    2419   -1.825509
    2420   -1.825509
    2421   -1.822975
    2422   -1.822975
    2423   -1.820432
    2424   -1.820432
    2425   -1.817875
    2426   -1.817875
    2427   -1.815297
    2428   -1.815297
    2429   -1.812691
    2430   -1.812691
    2431   -1.810045
    2432   -1.810045
    2433   -1.807339
    2434   -1.807339
    2435   -1.804550
    2436   -1.804550
    2437   -1.801659
    2438   -1.801659
    2439   -1.798648
    2440   -1.798648
    2441   -1.795510
    2442   -1.795510
    2443   -1.792244
    2444   -1.792244
    2445   -1.788851
    2446   -1.788851
    2447   -1.785340
    2448   -1.785340
    2449   -1.781726
    2450   -1.781726
    2451   -1.778025
    2452   -1.778025
    2453   -1.774232
    2454   -1.774232
    2455   -1.770329
    2456   -1.770329
    2457   -1.766321
    2458   -1.766321
    2459   -1.762214
    2460   -1.762214
    2461   -1.758018
    2462   -1.758018
    2463   -1.753739
    2464   -1.753739
    2465   -1.749211
    2466   -1.749211
    2467   -1.744195
    2468   -1.744195
    2469   -1.738776
    2470   -1.738776
    2471   -1.733199
    2472   -1.733199
    2473   -1.727506
    2474   -1.727506
    2475   -1.721616
    2476   -1.721616
    2477   -1.715496
    2478   -1.715496
    2479   -1.709199
    2480   -1.709199
    2481   -1.702700
    2482   -1.702700
    2483   -1.695920
    2484   -1.695920
    2485   -1.688845
    2486   -1.688845
    2487   -1.681468
    2488   -1.681468
    2489   -1.673868
    2490   -1.673868
    2491   -1.666233
    2492   -1.666233
    2493   -1.658996
    2494   -1.658996
    2495   -1.653538
    2496   -1.653538
    2497   -1.651138
    2498   -1.651138
    2499   -1.651127
    2500   -1.651127
    2501   -1.652175
    2502   -1.652175
    2503   -1.653510
    2504   -1.653510
    2505   -1.654557
    2506   -1.654557
    2507   -1.655078
    2508   -1.655078
    2509   -1.655019
    2510   -1.655019
    2511   -1.654160
    2512   -1.654160
    2513   -1.652418
    2514   -1.652418
    2515   -1.650006
    2516   -1.650006
    2517   -1.647068
    2518   -1.647068
    2519   -1.643404
    2520   -1.643404
    2521   -1.638783
    2522   -1.638783
    2523   -1.633219
    2524   -1.633219
    2525   -1.626782
    2526   -1.626782
    2527   -1.619465
    2528   -1.619465
    2529   -1.611240
    2530   -1.611240
    2531   -1.602022
    2532   -1.602022
    2533   -1.591679
    2534   -1.591679
    2535   -1.580252
    2536   -1.580252
    2537   -1.567617
    2538   -1.567617
    2539   -1.553500
    2540   -1.553500
    2541   -1.537629
    2542   -1.537629
    2543   -1.519695
    2544   -1.519695
    2545   -1.499385
    2546   -1.499385
    2547   -1.476390
    2548   -1.476390
    2549   -1.450574
    2550   -1.450574
    2551   -1.421552
    2552   -1.421552
    2553   -1.388585
    2554   -1.388585
    2555   -1.350860
    2556   -1.350860
    2557   -1.306256
    2558   -1.306256
    2559   -1.253715
    2560   -1.253715
    2561   -1.193926
    2562   -1.193926
    2563   -1.125176
    2564   -1.125176
    2565   -1.043368
    2566   -1.043368
    2567   -0.943216
    2568   -0.943216
    2569   -0.823503
    2570   -0.823503
    2571   -0.692766
    2572   -0.692766
    2573   -0.585329
    2574   -0.585329
    2575   -2.453754
    2576   -2.453754
    2577   -2.453800
    2578   -2.453800
    2579   -2.452570
    2580   -2.452570
    2581   -2.449967
    2582   -2.449967
    2583   -2.446576
    2584   -2.446576
    2585   -2.442777
    2586   -2.442777
    2587   -2.439185
    2588   -2.439185
    2589   -2.435770
    2590   -2.435770
    2591   -2.432431
    2592   -2.432431
    2593   -2.429148
    2594   -2.429148
    2595   -2.425932
    2596   -2.425932
    2597   -2.422790
    2598   -2.422790
    2599   -2.419710
    2600   -2.419710
    2601   -2.416707
    2602   -2.416707
    2603   -2.413770
    2604   -2.413770
    2605   -2.410860
    2606   -2.410860
    2607   -2.407957
    2608   -2.407957
    2609   -2.405039
    2610   -2.405039
    2611   -2.402077
    2612   -2.402077
    2613   -2.399038
    2614   -2.399038
    2615   -2.395926
    2616   -2.395926
    2617   -2.392775
    2618   -2.392775
    2619   -2.389596
    2620   -2.389596
    2621   -2.386378
    2622   -2.386378
    2623   -2.383115
    2624   -2.383115
    2625   -2.379817
    2626   -2.379817
    2627   -2.376478
    2628   -2.376478
    2629   -2.373083
    2630   -2.373083
    2631   -2.369612
    2632   -2.369612
    2633   -2.366032
    2634   -2.366032
    2635   -2.362327
    2636   -2.362327
    2637   -2.358493
    2638   -2.358493
    2639   -2.354515
    2640   -2.354515
    2641   -2.350368
    2642   -2.350368
    2643   -2.346053
    2644   -2.346053
    2645   -2.341587
    2646   -2.341587
    2647   -2.336975
    2648   -2.336975
    2649   -2.332229
    2650   -2.332229
    2651   -2.327348
    2652   -2.327348
    2653   -2.322328
    2654   -2.322328
    2655   -2.317169
    2656   -2.317169
    2657   -2.311854
    2658   -2.311854
    2659   -2.306358
    2660   -2.306358
    2661   -2.300676
    2662   -2.300676
    2663   -2.294731
    2664   -2.294731
    2665   -2.288443
    2666   -2.288443
    2667   -2.281878
    2668   -2.281878
    2669   -2.275102
    2670   -2.275102
    2671   -2.268109
    2672   -2.268109
    2673   -2.260881
    2674   -2.260881
    2675   -2.253363
    2676   -2.253363
    2677   -2.245540
    2678   -2.245540
    2679   -2.237399
    2680   -2.237399
    2681   -2.228844
    2682   -2.228844
    2683   -2.219824
    2684   -2.219824
    2685   -2.210368
    2686   -2.210368
    2687   -2.200578
    2688   -2.200578
    2689   -2.190639
    2690   -2.190639
    2691   -2.181058
    2692   -2.181058
    2693   -2.173463
    2694   -2.173463
    2695   -2.169730
    2696   -2.169730
    2697   -2.169307
    2698   -2.169307
    2699   -2.170166
    2700   -2.170166
    2701   -2.171113
    2702   -2.171113
    2703   -2.171617
    2704   -2.171617
    2705   -2.171497
    2706   -2.171497
    2707   -2.170668
    2708   -2.170668
    2709   -2.169079
    2710   -2.169079
    2711   -2.166574
    2712   -2.166574
    2713   -2.163136
    2714   -2.163136
    2715   -2.158973
    2716   -2.158973
    2717   -2.153901
    2718   -2.153901
    2719   -2.147744
    2720   -2.147744
    2721   -2.140504
    2722   -2.140504
    2723   -2.132175
    2724   -2.132175
    2725   -2.122758
    2726   -2.122758
    2727   -2.112128
    2728   -2.112128
    2729   -2.100148
    2730   -2.100148
    2731   -2.086712
    2732   -2.086712
    2733   -2.071810
    2734   -2.071810
    2735   -2.055257
    2736   -2.055257
    2737   -2.036826
    2738   -2.036826
    2739   -2.016377
    2740   -2.016377
    2741   -1.993430
    2742   -1.993430
    2743   -1.967513
    2744   -1.967513
    2745   -1.938395
    2746   -1.938395
    2747   -1.905748
    2748   -1.905748
    2749   -1.869087
    2750   -1.869087
    2751   -1.827666
    2752   -1.827666
    2753   -1.780406
    2754   -1.780406
    2755   -1.725396
    2756   -1.725396
    2757   -1.661077
    2758   -1.661077
    2759   -1.585938
    2760   -1.585938
    2761   -1.498570
    2762   -1.498570
    2763   -1.395765
    2764   -1.395765
    2765   -1.269100
    2766   -1.269100
    2767   -1.115859
    2768   -1.115859
    2769   -0.946681
    2770   -0.946681
    2771   -0.805818
    2772   -0.805818
    2773   -3.305204
    2774   -3.305204
    2775   -3.308876
    2776   -3.308876
    2777   -3.311595
    2778   -3.311595
    2779   -3.310241
    2780   -3.310241
    2781   -3.306868
    2782   -3.306868
    2783   -3.303037
    2784   -3.303037
    2785   -3.299372
    2786   -3.299372
    2787   -3.295734
    2788   -3.295734
    2789   -3.292040
    2790   -3.292040
    2791   -3.288304
    2792   -3.288304
    2793   -3.284548
    2794   -3.284548
    2795   -3.280739
    2796   -3.280739
    2797   -3.276861
    2798   -3.276861
    2799   -3.272991
    2800   -3.272991
    2801   -3.269166
    2802   -3.269166
    2803   -3.265375
    2804   -3.265375
    2805   -3.261589
    2806   -3.261589
    2807   -3.257775
    2808   -3.257775
    2809   -3.253907
    2810   -3.253907
    2811   -3.249965
    2812   -3.249965
    2813   -3.245940
    2814   -3.245940
    2815   -3.241833
    2816   -3.241833
    2817   -3.237645
    2818   -3.237645
    2819   -3.233375
    2820   -3.233375
    2821   -3.229022
    2822   -3.229022
    2823   -3.224587
    2824   -3.224587
    2825   -3.220055
    2826   -3.220055
    2827   -3.215407
    2828   -3.215407
    2829   -3.210636
    2830   -3.210636
    2831   -3.205731
    2832   -3.205731
    2833   -3.200682
    2834   -3.200682
    2835   -3.195475
    2836   -3.195475
    2837   -3.190091
    2838   -3.190091
    2839   -3.184511
    2840   -3.184511
    2841   -3.178726
    2842   -3.178726
    2843   -3.172732
    2844   -3.172732
    2845   -3.166525
    2846   -3.166525
    2847   -3.160112
    2848   -3.160112
    2849   -3.153501
    2850   -3.153501
    2851   -3.146684
    2852   -3.146684
    2853   -3.139655
    2854   -3.139655
    2855   -3.132368
    2856   -3.132368
    2857   -3.124774
    2858   -3.124774
    2859   -3.116850
    2860   -3.116850
    2861   -3.108641
    2862   -3.108641
    2863   -3.100277
    2864   -3.100277
    2865   -3.091774
    2866   -3.091774
    2867   -3.082971
    2868   -3.082971
    2869   -3.073799
    2870   -3.073799
    2871   -3.064312
    2872   -3.064312
    2873   -3.054435
    2874   -3.054435
    2875   -3.044042
    2876   -3.044042
    2877   -3.033127
    2878   -3.033127
    2879   -3.021629
    2880   -3.021629
    2881   -3.009474
    2882   -3.009474
    2883   -2.996646
    2884   -2.996646
    2885   -2.983179
    2886   -2.983179
    2887   -2.969285
    2888   -2.969285
    2889   -2.955725
    2890   -2.955725
    2891   -2.944466
    2892   -2.944466
    2893   -2.938079
    2894   -2.938079
    2895   -2.936387
    2896   -2.936387
    2897   -2.936446
    2898   -2.936446
    2899   -2.936256
    2900   -2.936256
    2901   -2.935322
    2902   -2.935322
    2903   -2.933552
    2904   -2.933552
    2905   -2.930927
    2906   -2.930927
    2907   -2.927690
    2908   -2.927690
    2909   -2.923699
    2910   -2.923699
    2911   -2.918462
    2912   -2.918462
    2913   -2.911959
    2914   -2.911959
    2915   -2.904275
    2916   -2.904275
    2917   -2.895398
    2918   -2.895398
    2919   -2.885210
    2920   -2.885210
    2921   -2.873637
    2922   -2.873637
    2923   -2.860616
    2924   -2.860616
    2925   -2.845893
    2926   -2.845893
    2927   -2.829326
    2928   -2.829326
    2929   -2.810802
    2930   -2.810802
    2931   -2.790135
    2932   -2.790135
    2933   -2.767176
    2934   -2.767176
    2935   -2.741813
    2936   -2.741813
    2937   -2.713886
    2938   -2.713886
    2939   -2.682811
    2940   -2.682811
    2941   -2.647994
    2942   -2.647994
    2943   -2.609158
    2944   -2.609158
    2945   -2.565746
    2946   -2.565746
    2947   -2.517081
    2948   -2.517081
    2949   -2.462318
    2950   -2.462318
    2951   -2.400175
    2952   -2.400175
    2953   -2.329078
    2954   -2.329078
    2955   -2.247505
    2956   -2.247505
    2957   -2.151170
    2958   -2.151170
    2959   -2.036438
    2960   -2.036438
    2961   -1.900720
    2962   -1.900720
    2963   -1.735623
    2964   -1.735623
    2965   -1.537400
    2966   -1.537400
    2967   -1.316866
    2968   -1.316866
    2969   -1.131506
    2970   -1.131506
    2971   -4.656466
    2972   -4.656466
    2973   -4.662278
    2974   -4.662278
    2975   -4.665579
    2976   -4.665579
    2977   -4.661960
    2978   -4.661960
    2979   -4.656833
    2980   -4.656833
    2981   -4.652155
    2982   -4.652155
    2983   -4.647690
    2984   -4.647690
    2985   -4.643252
    2986   -4.643252
    2987   -4.638730
    2988   -4.638730
    2989   -4.634096
    2990   -4.634096
    2991   -4.629338
    2992   -4.629338
    2993   -4.624423
    2994   -4.624423
    2995   -4.619346
    2996   -4.619346
    2997   -4.614166
    2998   -4.614166
    2999   -4.608943
    3000   -4.608943
    3001   -4.603733
    3002   -4.603733
    3003   -4.598514
    3004   -4.598514
    3005   -4.593214
    3006   -4.593214
    3007   -4.587821
    3008   -4.587821
    3009   -4.582372
    3010   -4.582372
    3011   -4.576842
    3012   -4.576842
    3013   -4.571159
    3014   -4.571159
    3015   -4.565303
    3016   -4.565303
    3017   -4.559293
    3018   -4.559293
    3019   -4.553122
    3020   -4.553122
    3021   -4.546770
    3022   -4.546770
    3023   -4.540210
    3024   -4.540210
    3025   -4.533421
    3026   -4.533421
    3027   -4.526415
    3028   -4.526415
    3029   -4.519233
    3030   -4.519233
    3031   -4.511871
    3032   -4.511871
    3033   -4.504292
    3034   -4.504292
    3035   -4.496483
    3036   -4.496483
    3037   -4.488441
    3038   -4.488441
    3039   -4.480145
    3040   -4.480145
    3041   -4.471550
    3042   -4.471550
    3043   -4.462634
    3044   -4.462634
    3045   -4.453400
    3046   -4.453400
    3047   -4.443854
    3048   -4.443854
    3049   -4.433991
    3050   -4.433991
    3051   -4.423782
    3052   -4.423782
    3053   -4.413185
    3054   -4.413185
    3055   -4.402138
    3056   -4.402138
    3057   -4.390582
    3058   -4.390582
    3059   -4.378669
    3060   -4.378669
    3061   -4.366724
    3062   -4.366724
    3063   -4.354685
    3064   -4.354685
    3065   -4.342202
    3066   -4.342202
    3067   -4.329138
    3068   -4.329138
    3069   -4.315524
    3070   -4.315524
    3071   -4.301312
    3072   -4.301312
    3073   -4.286394
    3074   -4.286394
    3075   -4.270733
    3076   -4.270733
    3077   -4.254282
    3078   -4.254282
    3079   -4.236947
    3080   -4.236947
    3081   -4.218657
    3082   -4.218657
    3083   -4.199354
    3084   -4.199354
    3085   -4.179194
    3086   -4.179194
    3087   -4.159346
    3088   -4.159346
    3089   -4.142703
    3090   -4.142703
    3091   -4.132749
    3092   -4.132749
    3093   -4.129271
    3094   -4.129271
    3095   -4.128167
    3096   -4.128167
    3097   -4.126677
    3098   -4.126677
    3099   -4.124235
    3100   -4.124235
    3101   -4.120615
    3102   -4.120615
    3103   -4.115777
    3104   -4.115777
    3105   -4.109889
    3106   -4.109889
    3107   -4.102978
    3108   -4.102978
    3109   -4.094621
    3110   -4.094621
    3111   -4.084354
    3112   -4.084354
    3113   -4.072327
    3114   -4.072327
    3115   -4.058675
    3116   -4.058675
    3117   -4.043203
    3118   -4.043203
    3119   -4.025825
    3120   -4.025825
    3121   -4.006371
    3122   -4.006371
    3123   -3.984572
    3124   -3.984572
    3125   -3.960313
    3126   -3.960313
    3127   -3.933364
    3128   -3.933364
    3129   -3.903316
    3130   -3.903316
    3131   -3.870082
    3132   -3.870082
    3133   -3.833552
    3134   -3.833552
    3135   -3.793350
    3136   -3.793350
    3137   -3.748876
    3138   -3.748876
    3139   -3.699472
    3140   -3.699472
    3141   -3.644568
    3142   -3.644568
    3143   -3.583346
    3144   -3.583346
    3145   -3.514834
    3146   -3.514834
    3147   -3.437934
    3148   -3.437934
    3149   -3.351200
    3150   -3.351200
    3151   -3.252502
    3152   -3.252502
    3153   -3.139375
    3154   -3.139375
    3155   -3.006979
    3156   -3.006979
    3157   -2.849918
    3158   -2.849918
    3159   -2.662362
    3160   -2.662362
    3161   -2.437155
    3162   -2.437155
    3163   -2.171144
    3164   -2.171144
    3165   -1.874419
    3166   -1.874419
    3167   -1.624530
    3168   -1.624530
    3169   -7.006118
    3170   -7.006118
    3171   -7.012174
    3172   -7.012174
    3173   -7.012503
    3174   -7.012503
    3175   -7.002989
    3176   -7.002989
    3177   -6.993719
    3178   -6.993719
    3179   -6.986682
    3180   -6.986682
    3181   -6.980249
    3182   -6.980249
    3183   -6.974006
    3184   -6.974006
    3185   -6.967722
    3186   -6.967722
    3187   -6.961248
    3188   -6.961248
    3189   -6.954518
    3190   -6.954518
    3191   -6.947515
    3192   -6.947515
    3193   -6.940254
    3194   -6.940254
    3195   -6.932763
    3196   -6.932763
    3197   -6.925094
    3198   -6.925094
    3199   -6.917319
    3200   -6.917319
    3201   -6.909433
    3202   -6.909433
    3203   -6.901394
    3204   -6.901394
    3205   -6.893218
    3206   -6.893218
    3207   -6.884962
    3208   -6.884962
    3209   -6.876588
    3210   -6.876588
    3211   -6.867988
    3212   -6.867988
    3213   -6.859108
    3214   -6.859108
    3215   -6.849929
    3216   -6.849929
    3217   -6.840421
    3218   -6.840421
    3219   -6.830550
    3220   -6.830550
    3221   -6.820292
    3222   -6.820292
    3223   -6.809639
    3224   -6.809639
    3225   -6.798614
    3226   -6.798614
    3227   -6.787278
    3228   -6.787278
    3229   -6.775642
    3230   -6.775642
    3231   -6.763681
    3232   -6.763681
    3233   -6.751388
    3234   -6.751388
    3235   -6.738760
    3236   -6.738760
    3237   -6.725766
    3238   -6.725766
    3239   -6.712348
    3240   -6.712348
    3241   -6.698464
    3242   -6.698464
    3243   -6.684064
    3244   -6.684064
    3245   -6.669140
    3246   -6.669140
    3247   -6.653704
    3248   -6.653704
    3249   -6.637715
    3250   -6.637715
    3251   -6.621132
    3252   -6.621132
    3253   -6.603902
    3254   -6.603902
    3255   -6.585945
    3256   -6.585945
    3257   -6.567474
    3258   -6.567474
    3259   -6.548880
    3260   -6.548880
    3261   -6.530025
    3262   -6.530025
    3263   -6.510471
    3264   -6.510471
    3265   -6.490018
    3266   -6.490018
    3267   -6.468613
    3268   -6.468613
    3269   -6.446251
    3270   -6.446251
    3271   -6.422910
    3272   -6.422910
    3273   -6.398527
    3274   -6.398527
    3275   -6.373026
    3276   -6.373026
    3277   -6.346288
    3278   -6.346288
    3279   -6.318222
    3280   -6.318222
    3281   -6.288687
    3282   -6.288687
    3283   -6.257687
    3284   -6.257687
    3285   -6.226480
    3286   -6.226480
    3287   -6.199787
    3288   -6.199787
    3289   -6.183671
    3290   -6.183671
    3291   -6.177449
    3292   -6.177449
    3293   -6.174630
    3294   -6.174630
    3295   -6.171415
    3296   -6.171415
    3297   -6.167074
    3298   -6.167074
    3299   -6.161001
    3300   -6.161001
    3301   -6.152869
    3302   -6.152869
    3303   -6.142535
    3304   -6.142535
    3305   -6.130148
    3306   -6.130148
    3307   -6.115714
    3308   -6.115714
    3309   -6.098625
    3310   -6.098625
    3311   -6.078868
    3312   -6.078868
    3313   -6.056578
    3314   -6.056578
    3315   -6.031540
    3316   -6.031540
    3317   -6.003541
    3318   -6.003541
    3319   -5.972289
    3320   -5.972289
    3321   -5.937620
    3322   -5.937620
    3323   -5.899433
    3324   -5.899433
    3325   -5.857313
    3326   -5.857313
    3327   -5.810575
    3328   -5.810575
    3329   -5.758970
    3330   -5.758970
    3331   -5.702327
    3332   -5.702327
    3333   -5.640066
    3334   -5.640066
    3335   -5.571440
    3336   -5.571440
    3337   -5.495667
    3338   -5.495667
    3339   -5.411725
    3340   -5.411725
    3341   -5.318280
    3342   -5.318280
    3343   -5.213768
    3344   -5.213768
    3345   -5.096591
    3346   -5.096591
    3347   -4.964813
    3348   -4.964813
    3349   -4.815235
    3350   -4.815235
    3351   -4.643697
    3352   -4.643697
    3353   -4.444774
    3354   -4.444774
    3355   -4.211489
    3356   -4.211489
    3357   -3.933631
    3358   -3.933631
    3359   -3.603210
    3360   -3.603210
    3361   -3.216326
    3362   -3.216326
    3363   -2.787680
    3364   -2.787680
    3365   -2.429819
    3366   -2.429819
    3367  -11.452935
    3368  -11.452935
    3369  -11.456579
    3370  -11.456579
    3371  -11.449137
    3372  -11.449137
    3373  -11.429902
    3374  -11.429902
    3375  -11.414311
    3376  -11.414311
    3377  -11.402948
    3378  -11.402948
    3379  -11.392803
    3380  -11.392803
    3381  -11.383029
    3382  -11.383029
    3383  -11.373179
    3384  -11.373179
    3385  -11.362962
    3386  -11.362962
    3387  -11.352269
    3388  -11.352269
    3389  -11.341104
    3390  -11.341104
    3391  -11.329508
    3392  -11.329508
    3393  -11.317495
    3394  -11.317495
    3395  -11.305082
    3396  -11.305082
    3397  -11.292270
    3398  -11.292270
    3399  -11.279092
    3400  -11.279092
    3401  -11.265658
    3402  -11.265658
    3403  -11.252046
    3404  -11.252046
    3405  -11.238264
    3406  -11.238264
    3407  -11.224244
    3408  -11.224244
    3409  -11.209886
    3410  -11.209886
    3411  -11.195084
    3412  -11.195084
    3413  -11.179712
    3414  -11.179712
    3415  -11.163676
    3416  -11.163676
    3417  -11.146935
    3418  -11.146935
    3419  -11.129495
    3420  -11.129495
    3421  -11.111373
    3422  -11.111373
    3423  -11.092600
    3424  -11.092600
    3425  -11.073211
    3426  -11.073211
    3427  -11.053247
    3428  -11.053247
    3429  -11.032747
    3430  -11.032747
    3431  -11.011708
    3432  -11.011708
    3433  -10.990100
    3434  -10.990100
    3435  -10.967883
    3436  -10.967883
    3437  -10.945016
    3438  -10.945016
    3439  -10.921438
    3440  -10.921438
    3441  -10.897015
    3442  -10.897015
    3443  -10.871655
    3444  -10.871655
    3445  -10.845390
    3446  -10.845390
    3447  -10.818216
    3448  -10.818216
    3449  -10.790058
    3450  -10.790058
    3451  -10.760864
    3452  -10.760864
    3453  -10.730608
    3454  -10.730608
    3455  -10.699538
    3456  -10.699538
    3457  -10.667984
    3458  -10.667984
    3459  -10.635699
    3460  -10.635699
    3461  -10.602182
    3462  -10.602182
    3463  -10.567181
    3464  -10.567181
    3465  -10.530567
    3466  -10.530567
    3467  -10.492371
    3468  -10.492371
    3469  -10.452622
    3470  -10.452622
    3471  -10.411210
    3472  -10.411210
    3473  -10.368049
    3474  -10.368049
    3475  -10.322989
    3476  -10.322989
    3477  -10.275847
    3478  -10.275847
    3479  -10.226410
    3480  -10.226410
    3481  -10.174716
    3482  -10.174716
    3483  -10.121798
    3484  -10.121798
    3485  -10.074920
    3486  -10.074920
    3487  -10.045775
    3488  -10.045775
    3489  -10.034092
    3490  -10.034092
    3491  -10.028888
    3492  -10.028888
    3493  -10.023422
    3494  -10.023422
    3495  -10.015802
    3496  -10.015802
    3497  -10.005049
    3498  -10.005049
    3499   -9.990760
    3500   -9.990760
    3501   -9.972697
    3502   -9.972697
    3503   -9.950892
    3504   -9.950892
    3505   -9.925369
    3506   -9.925369
    3507   -9.895702
    3508   -9.895702
    3509   -9.861759
    3510   -9.861759
    3511   -9.823493
    3512   -9.823493
    3513   -9.780597
    3514   -9.780597
    3515   -9.732644
    3516   -9.732644
    3517   -9.679207
    3518   -9.679207
    3519   -9.620092
    3520   -9.620092
    3521   -9.555084
    3522   -9.555084
    3523   -9.483642
    3524   -9.483642
    3525   -9.404760
    3526   -9.404760
    3527   -9.317672
    3528   -9.317672
    3529   -9.221975
    3530   -9.221975
    3531   -9.116934
    3532   -9.116934
    3533   -9.001440
    3534   -9.001440
    3535   -8.874274
    3536   -8.874274
    3537   -8.733783
    3538   -8.733783
    3539   -8.577735
    3540   -8.577735
    3541   -8.403333
    3542   -8.403333
    3543   -8.207864
    3544   -8.207864
    3545   -7.988145
    3546   -7.988145
    3547   -7.739467
    3548   -7.739467
    3549   -7.455429
    3550   -7.455429
    3551   -7.127740
    3552   -7.127740
    3553   -6.745297
    3554   -6.745297
    3555   -6.292986
    3556   -6.292986
    3557   -5.757317
    3558   -5.757317
    3559   -5.130154
    3560   -5.130154
    3561   -4.443047
    3562   -4.443047
    3563   -3.875641
    3564   -3.875641
    3565  -19.941317
    3566  -19.941317
    3567  -19.938595
    3568  -19.938595
    3569  -19.913860
    3570  -19.913860
    3571  -19.876970
    3572  -19.876970
    3573  -19.851630
    3574  -19.851630
    3575  -19.832782
    3576  -19.832782
    3577  -19.815731
    3578  -19.815731
    3579  -19.799154
    3580  -19.799154
    3581  -19.782330
    3582  -19.782330
    3583  -19.764822
    3584  -19.764822
    3585  -19.746457
    3586  -19.746457
    3587  -19.727252
    3588  -19.727252
    3589  -19.707287
    3590  -19.707287
    3591  -19.686555
    3592  -19.686555
    3593  -19.665001
    3594  -19.665001
    3595  -19.642513
    3596  -19.642513
    3597  -19.619169
    3598  -19.619169
    3599  -19.595380
    3600  -19.595380
    3601  -19.571359
    3602  -19.571359
    3603  -19.547015
    3604  -19.547015
    3605  -19.522193
    3606  -19.522193
    3607  -19.496786
    3608  -19.496786
    3609  -19.470601
    3610  -19.470601
    3611  -19.443385
    3612  -19.443385
    3613  -19.414898
    3614  -19.414898
    3615  -19.385044
    3616  -19.385044
    3617  -19.353905
    3618  -19.353905
    3619  -19.321548
    3620  -19.321548
    3621  -19.288012
    3622  -19.288012
    3623  -19.253293
    3624  -19.253293
    3625  -19.217490
    3626  -19.217490
    3627  -19.180748
    3628  -19.180748
    3629  -19.143066
    3630  -19.143066
    3631  -19.104360
    3632  -19.104360
    3633  -19.064570
    3634  -19.064570
    3635  -19.023664
    3636  -19.023664
    3637  -18.981583
    3638  -18.981583
    3639  -18.938097
    3640  -18.938097
    3641  -18.892880
    3642  -18.892880
    3643  -18.845977
    3644  -18.845977
    3645  -18.797520
    3646  -18.797520
    3647  -18.747304
    3648  -18.747304
    3649  -18.695266
    3650  -18.695266
    3651  -18.641499
    3652  -18.641499
    3653  -18.586337
    3654  -18.586337
    3655  -18.530176
    3656  -18.530176
    3657  -18.472498
    3658  -18.472498
    3659  -18.412432
    3660  -18.412432
    3661  -18.349684
    3662  -18.349684
    3663  -18.284067
    3664  -18.284067
    3665  -18.215696
    3666  -18.215696
    3667  -18.144684
    3668  -18.144684
    3669  -18.070780
    3670  -18.070780
    3671  -17.993913
    3672  -17.993913
    3673  -17.913876
    3674  -17.913876
    3675  -17.830227
    3676  -17.830227
    3677  -17.742594
    3678  -17.742594
    3679  -17.651070
    3680  -17.651070
    3681  -17.556396
    3682  -17.556396
    3683  -17.470404
    3684  -17.470404
    3685  -17.415503
    3686  -17.415503
    3687  -17.393182
    3688  -17.393182
    3689  -17.384988
    3690  -17.384988
    3691  -17.377548
    3692  -17.377548
    3693  -17.364445
    3694  -17.364445
    3695  -17.344645
    3696  -17.344645
    3697  -17.318976
    3698  -17.318976
    3699  -17.286977
    3700  -17.286977
    3701  -17.248325
    3702  -17.248325
    3703  -17.202796
    3704  -17.202796
    3705  -17.150088
    3706  -17.150088
    3707  -17.089943
    3708  -17.089943
    3709  -17.022093
    3710  -17.022093
    3711  -16.945948
    3712  -16.945948
    3713  -16.860763
    3714  -16.860763
    3715  -16.765869
    3716  -16.765869
    3717  -16.660772
    3718  -16.660772
    3719  -16.545082
    3720  -16.545082
    3721  -16.418185
    3722  -16.418185
    3723  -16.278392
    3724  -16.278392
    3725  -16.123945
    3726  -16.123945
    3727  -15.953894
    3728  -15.953894
    3729  -15.767437
    3730  -15.767437
    3731  -15.562898
    3732  -15.562898
    3733  -15.337725
    3734  -15.337725
    3735  -15.089238
    3736  -15.089238
    3737  -14.813872
    3738  -14.813872
    3739  -14.506321
    3740  -14.506321
    3741  -14.161615
    3742  -14.161615
    3743  -13.774133
    3744  -13.774133
    3745  -13.336475
    3746  -13.336475
    3747  -12.838289
    3748  -12.838289
    3749  -12.265277
    3750  -12.265277
    3751  -11.597606
    3752  -11.597606
    3753  -10.810439
    3754  -10.810439
    3755   -9.876271
    3756   -9.876271
    3757   -8.774476
    3758   -8.774476
    3759   -7.562721
    3760   -7.562721
    3761   -6.558734
    3762   -6.558734
    3763  -32.709609
    3764  -32.709609
    3765  -32.701247
    3766  -32.701247
    3767  -32.653584
    3768  -32.653584
    3769  -32.590761
    3770  -32.590761
    3771  -32.551059
    3772  -32.551059
    3773  -32.520866
    3774  -32.520866
    3775  -32.493461
    3776  -32.493461
    3777  -32.466616
    3778  -32.466616
    3779  -32.439247
    3780  -32.439247
    3781  -32.410759
    3782  -32.410759
    3783  -32.380883
    3784  -32.380883
    3785  -32.349617
    3786  -32.349617
    3787  -32.317102
    3788  -32.317102
    3789  -32.283301
    3790  -32.283301
    3791  -32.248090
    3792  -32.248090
    3793  -32.211182
    3794  -32.211182
    3795  -32.172694
    3796  -32.172694
    3797  -32.133489
    3798  -32.133489
    3799  -32.093997
    3800  -32.093997
    3801  -32.053975
    3802  -32.053975
    3803  -32.013125
    3804  -32.013125
    3805  -31.971299
    3806  -31.971299
    3807  -31.928193
    3808  -31.928193
    3809  -31.883412
    3810  -31.883412
    3811  -31.836479
    3812  -31.836479
    3813  -31.787175
    3814  -31.787175
    3815  -31.735712
    3816  -31.735712
    3817  -31.682238
    3818  -31.682238
    3819  -31.626812
    3820  -31.626812
    3821  -31.569375
    3822  -31.569375
    3823  -31.510107
    3824  -31.510107
    3825  -31.449319
    3826  -31.449319
    3827  -31.386999
    3828  -31.386999
    3829  -31.322981
    3830  -31.322981
    3831  -31.257164
    3832  -31.257164
    3833  -31.189510
    3834  -31.189510
    3835  -31.119995
    3836  -31.119995
    3837  -31.048284
    3838  -31.048284
    3839  -30.973635
    3840  -30.973635
    3841  -30.896112
    3842  -30.896112
    3843  -30.816121
    3844  -30.816121
    3845  -30.733182
    3846  -30.733182
    3847  -30.647213
    3848  -30.647213
    3849  -30.558485
    3850  -30.558485
    3851  -30.467481
    3852  -30.467481
    3853  -30.374912
    3854  -30.374912
    3855  -30.279774
    3856  -30.279774
    3857  -30.180427
    3858  -30.180427
    3859  -30.076560
    3860  -30.076560
    3861  -29.967926
    3862  -29.967926
    3863  -29.854803
    3864  -29.854803
    3865  -29.737468
    3866  -29.737468
    3867  -29.615380
    3868  -29.615380
    3869  -29.488497
    3870  -29.488497
    3871  -29.356524
    3872  -29.356524
    3873  -29.218596
    3874  -29.218596
    3875  -29.074003
    3876  -29.074003
    3877  -28.922398
    3878  -28.922398
    3879  -28.763513
    3880  -28.763513
    3881  -28.617334
    3882  -28.617334
    3883  -28.524212
    3884  -28.524212
    3885  -28.487267
    3886  -28.487267
    3887  -28.476345
    3888  -28.476345
    3889  -28.468067
    3890  -28.468067
    3891  -28.447536
    3892  -28.447536
    3893  -28.414283
    3894  -28.414283
    3895  -28.372130
    3896  -28.372130
    3897  -28.319850
    3898  -28.319850
    3899  -28.256575
    3900  -28.256575
    3901  -28.181912
    3902  -28.181912
    3903  -28.095515
    3904  -28.095515
    3905  -27.996904
    3906  -27.996904
    3907  -27.885670
    3908  -27.885670
    3909  -27.760756
    3910  -27.760756
    3911  -27.620890
    3912  -27.620890
    3913  -27.464978
    3914  -27.464978
    3915  -27.292023
    3916  -27.292023
    3917  -27.101563
    3918  -27.101563
    3919  -26.892959
    3920  -26.892959
    3921  -26.663230
    3922  -26.663230
    3923  -26.409085
    3924  -26.409085
    3925  -26.128775
    3926  -26.128775
    3927  -25.821630
    3928  -25.821630
    3929  -25.485243
    3930  -25.485243
    3931  -25.114631
    3932  -25.114631
    3933  -24.705768
    3934  -24.705768
    3935  -24.253430
    3936  -24.253430
    3937  -23.748231
    3938  -23.748231
    3939  -23.181881
    3940  -23.181881
    3941  -22.545367
    3942  -22.545367
    3943  -21.827256
    3944  -21.827256
    3945  -21.010916
    3946  -21.010916
    3947  -20.073000
    3948  -20.073000
    3949  -18.980333
    3950  -18.980333
    3951  -17.692596
    3952  -17.692596
    3953  -16.159161
    3954  -16.159161
    3955  -14.329674
    3956  -14.329674
    3957  -12.279496
    3958  -12.279496
    3959  -10.556601
    3960  -10.556601
