       1   -0.048593
       2   -0.048593
       3   -0.048204
       4   -0.048204
       5   -0.047731
       6   -0.047731
       7   -0.047619
       8   -0.047619
       9   -0.047702
      10   -0.047702
      11   -0.047728
      12   -0.047728
      13   -0.047713
      14   -0.047713
      15   -0.047693
      16   -0.047693
      17   -0.047677
      18   -0.047677
      19   -0.047656
      20   -0.047656
      21   -0.047630
      22   -0.047630
      23   -0.047598
      24   -0.047598
      25   -0.047557
      26   -0.047557
      27   -0.047509
      28   -0.047509
      29   -0.047455
      30   -0.047455
      31   -0.047392
      32   -0.047392
      33   -0.047325
      34   -0.047325
      35   -0.047253
      36   -0.047253
      37   -0.047177
      38   -0.047177
      39   -0.047098
      40   -0.047098
      41   -0.047017
      42   -0.047017
      43   -0.046938
      44   -0.046938
      45   -0.046858
      46   -0.046858
      47   -0.046772
      48   -0.046772
      49   -0.046685
      50   -0.046685
      51   -0.046593
      52   -0.046593
      53   -0.046495
      54   -0.046495
      55   -0.046391
      56   -0.046391
      57   -0.046285
      58   -0.046285
      59   -0.046175
      60   -0.046175
      61   -0.046061
      62   -0.046061
      63   -0.045944
      64   -0.045944
      65   -0.045824
      66   -0.045824
      67   -0.045703
      68   -0.045703
      69   -0.045582
      70   -0.045582
      71   -0.045457
      72   -0.045457
      73   -0.045322
      74   -0.045322
      75   -0.045170
      76   -0.045170
      77   -0.045003
      78   -0.045003
      79   -0.044831
      80   -0.044831
      81   -0.044657
      82   -0.044657
      83   -0.044481
      84   -0.044481
      85   -0.044296
      86   -0.044296
      87   -0.044094
      88   -0.044094
      89   -0.043889
      90   -0.043889
      91   -0.043670
      92   -0.043670
      93   -0.043428
      94   -0.043428
      95   -0.043184
      96   -0.043184
      97   -0.042925
      98   -0.042925
      99   -0.042623
     100   -0.042623
     101   -0.042297
     102   -0.042297
     103   -0.041952
     104   -0.041952
     105   -0.041563
     106   -0.041563
     107   -0.041119
     108   -0.041119
     109   -0.040612
     110   -0.040612
     111   -0.040016
     112   -0.040016
     113   -0.039327
     114   -0.039327
     115   -0.038541
     116   -0.038541
     117   -0.037663
     118   -0.037663
     119   -0.037033
     120   -0.037033
     121   -0.036941
     122   -0.036941
     123   -0.037147
     124   -0.037147
     125   -0.037390
     126   -0.037390
     127   -0.037582
     128   -0.037582
     129   -0.037692
     130   -0.037692
     131   -0.037712
     132   -0.037712
     133   -0.037668
     134   -0.037668
     135   -0.037589
     136   -0.037589
     137   -0.037468
     138   -0.037468
     139   -0.037318
     140   -0.037318
     141   -0.037144
     142   -0.037144
     143   -0.036940
     144   -0.036940
     145   -0.036717
     146   -0.036717
     147   -0.036482
     148   -0.036482
     149   -0.036193
     150   -0.036193
     151   -0.035850
     152   -0.035850
     153   -0.035487
     154   -0.035487
     155   -0.035053
     156   -0.035053
     157   -0.034519
     158   -0.034519
     159   -0.033915
     160   -0.033915
     161   -0.033283
     162   -0.033283
     163   -0.032634
     164   -0.032634
     165   -0.031858
     166   -0.031858
     167   -0.030891
     168   -0.030891
     169   -0.029796
     170   -0.029796
     171   -0.028603
     172   -0.028603
     173   -0.027236
     174   -0.027236
     175   -0.025609
     176   -0.025609
     177   -0.023716
     178   -0.023716
     179   -0.021515
     180   -0.021515
     181   -0.018809
     182   -0.018809
     183   -0.015620
     184   -0.015620
     185   -0.012008
     186   -0.012008
     187   -0.008063
     188   -0.008063
     189   -0.003198
     190   -0.003198
     191    0.003366
     192    0.003366
     193    0.014655
     194    0.014655
     195    0.034735
     196    0.034735
     197    0.055155
     198    0.055155
     199   -0.138477
     200   -0.138477
     201   -0.137747
     202   -0.137747
     203   -0.136948
     204   -0.136948
     205   -0.136841
     206   -0.136841
     207   -0.137011
     208   -0.137011
     209   -0.137043
     210   -0.137043
     211   -0.137003
     212   -0.137003
     213   -0.136952
     214   -0.136952
     215   -0.136907
     216   -0.136907
     217   -0.136844
     218   -0.136844
     219   -0.136765
     220   -0.136765
     221   -0.136673
     222   -0.136673
     223   -0.136560
     224   -0.136560
     225   -0.136429
     226   -0.136429
     227   -0.136278
     228   -0.136278
     229   -0.136106
     230   -0.136106
     231   -0.135919
     232   -0.135919
     233   -0.135718
     234   -0.135718
     235   -0.135505
     236   -0.135505
     237   -0.135281
     238   -0.135281
     239   -0.135053
     240   -0.135053
     241   -0.134826
     242   -0.134826
     243   -0.134596
     244   -0.134596
     245   -0.134356
     246   -0.134356
     247   -0.134111
     248   -0.134111
     249   -0.133855
     250   -0.133855
     251   -0.133579
     252   -0.133579
     253   -0.133289
     254   -0.133289
     255   -0.132991
     256   -0.132991
     257   -0.132683
     258   -0.132683
     259   -0.132365
     260   -0.132365
     261   -0.132037
     262   -0.132037
     263   -0.131703
     264   -0.131703
     265   -0.131365
     266   -0.131365
     267   -0.131026
     268   -0.131026
     269   -0.130681
     270   -0.130681
     271   -0.130308
     272   -0.130308
     273   -0.129881
     274   -0.129881
     275   -0.129414
     276   -0.129414
     277   -0.128932
     278   -0.128932
     279   -0.128436
     280   -0.128436
     281   -0.127937
     282   -0.127937
     283   -0.127417
     284   -0.127417
     285   -0.126858
     286   -0.126858
     287   -0.126291
     288   -0.126291
     289   -0.125692
     290   -0.125692
     291   -0.125029
     292   -0.125029
     293   -0.124344
     294   -0.124344
     295   -0.123609
     296   -0.123609
     297   -0.122768
     298   -0.122768
     299   -0.121870
     300   -0.121870
     301   -0.120914
     302   -0.120914
     303   -0.119838
     304   -0.119838
     305   -0.118615
     306   -0.118615
     307   -0.117223
     308   -0.117223
     309   -0.115598
     310   -0.115598
     311   -0.113735
     312   -0.113735
     313   -0.111601
     314   -0.111601
     315   -0.109224
     316   -0.109224
     317   -0.107530
     318   -0.107530
     319   -0.107274
     320   -0.107274
     321   -0.107837
     322   -0.107837
     323   -0.108523
     324   -0.108523
     325   -0.109075
     326   -0.109075
     327   -0.109398
     328   -0.109398
     329   -0.109483
     330   -0.109483
     331   -0.109409
     332   -0.109409
     333   -0.109241
     334   -0.109241
     335   -0.108951
     336   -0.108951
     337   -0.108577
     338   -0.108577
     339   -0.108128
     340   -0.108128
     341   -0.107591
     342   -0.107591
     343   -0.106992
     344   -0.106992
     345   -0.106343
     346   -0.106343
     347   -0.105542
     348   -0.105542
     349   -0.104611
     350   -0.104611
     351   -0.103624
     352   -0.103624
     353   -0.102454
     354   -0.102454
     355   -0.101020
     356   -0.101020
     357   -0.099385
     358   -0.099385
     359   -0.097654
     360   -0.097654
     361   -0.095865
     362   -0.095865
     363   -0.093759
     364   -0.093759
     365   -0.091203
     366   -0.091203
     367   -0.088322
     368   -0.088322
     369   -0.085181
     370   -0.085181
     371   -0.081583
     372   -0.081583
     373   -0.077291
     374   -0.077291
     375   -0.072323
     376   -0.072323
     377   -0.066575
     378   -0.066575
     379   -0.059594
     380   -0.059594
     381   -0.051521
     382   -0.051521
     383   -0.042600
     384   -0.042600
     385   -0.033289
     386   -0.033289
     387   -0.022521
     388   -0.022521
     389   -0.008205
     390   -0.008205
     391    0.015935
     392    0.015935
     393    0.057641
     394    0.057641
     395    0.099721
     396    0.099721
     397   -0.216361
     398   -0.216361
     399   -0.215775
     400   -0.215775
     401   -0.215289
     402   -0.215289
     403   -0.215412
     404   -0.215412
     405   -0.215619
     406   -0.215619
     407   -0.215637
     408   -0.215637
     409   -0.215590
     410   -0.215590
     411   -0.215521
     412   -0.215521
     413   -0.215448
     414   -0.215448
     415   -0.215346
     416   -0.215346
     417   -0.215216
     418   -0.215216
     419   -0.215067
     420   -0.215067
     421   -0.214892
     422   -0.214892
     423   -0.214693
     424   -0.214693
     425   -0.214467
     426   -0.214467
     427   -0.214211
     428   -0.214211
     429   -0.213927
     430   -0.213927
     431   -0.213620
     432   -0.213620
     433   -0.213293
     434   -0.213293
     435   -0.212951
     436   -0.212951
     437   -0.212600
     438   -0.212600
     439   -0.212243
     440   -0.212243
     441   -0.211883
     442   -0.211883
     443   -0.211515
     444   -0.211515
     445   -0.211141
     446   -0.211141
     447   -0.210749
     448   -0.210749
     449   -0.210327
     450   -0.210327
     451   -0.209885
     452   -0.209885
     453   -0.209430
     454   -0.209430
     455   -0.208961
     456   -0.208961
     457   -0.208477
     458   -0.208477
     459   -0.207979
     460   -0.207979
     461   -0.207471
     462   -0.207471
     463   -0.206957
     464   -0.206957
     465   -0.206442
     466   -0.206442
     467   -0.205926
     468   -0.205926
     469   -0.205374
     470   -0.205374
     471   -0.204731
     472   -0.204731
     473   -0.204016
     474   -0.204016
     475   -0.203272
     476   -0.203272
     477   -0.202508
     478   -0.202508
     479   -0.201739
     480   -0.201739
     481   -0.200946
     482   -0.200946
     483   -0.200110
     484   -0.200110
     485   -0.199259
     486   -0.199259
     487   -0.198367
     488   -0.198367
     489   -0.197388
     490   -0.197388
     491   -0.196343
     492   -0.196343
     493   -0.195211
     494   -0.195211
     495   -0.193958
     496   -0.193958
     497   -0.192621
     498   -0.192621
     499   -0.191177
     500   -0.191177
     501   -0.189558
     502   -0.189558
     503   -0.187739
     504   -0.187739
     505   -0.185685
     506   -0.185685
     507   -0.183332
     508   -0.183332
     509   -0.180667
     510   -0.180667
     511   -0.177635
     512   -0.177635
     513   -0.174365
     514   -0.174365
     515   -0.172014
     516   -0.172014
     517   -0.171541
     518   -0.171541
     519   -0.172281
     520   -0.172281
     521   -0.173282
     522   -0.173282
     523   -0.174111
     524   -0.174111
     525   -0.174604
     526   -0.174604
     527   -0.174759
     528   -0.174759
     529   -0.174698
     530   -0.174698
     531   -0.174493
     532   -0.174493
     533   -0.174117
     534   -0.174117
     535   -0.173601
     536   -0.173601
     537   -0.172959
     538   -0.172959
     539   -0.172182
     540   -0.172182
     541   -0.171281
     542   -0.171281
     543   -0.170253
     544   -0.170253
     545   -0.169019
     546   -0.169019
     547   -0.167623
     548   -0.167623
     549   -0.166124
     550   -0.166124
     551   -0.164366
     552   -0.164366
     553   -0.162259
     554   -0.162259
     555   -0.159840
     556   -0.159840
     557   -0.157222
     558   -0.157222
     559   -0.154455
     560   -0.154455
     561   -0.151322
     562   -0.151322
     563   -0.147690
     564   -0.147690
     565   -0.143590
     566   -0.143590
     567   -0.139105
     568   -0.139105
     569   -0.133979
     570   -0.133979
     571   -0.127871
     572   -0.127871
     573   -0.120862
     574   -0.120862
     575   -0.112787
     576   -0.112787
     577   -0.103258
     578   -0.103258
     579   -0.092589
     580   -0.092589
     581   -0.081370
     582   -0.081370
     583   -0.070430
     584   -0.070430
     585   -0.058604
     586   -0.058604
     587   -0.041278
     588   -0.041278
     589   -0.013900
     590   -0.013900
     591    0.024702
     592    0.024702
     593    0.061207
     594    0.061207
     595   -0.289070
     596   -0.289070
     597   -0.288480
     598   -0.288480
     599   -0.288027
     600   -0.288027
     601   -0.288203
     602   -0.288203
     603   -0.288460
     604   -0.288460
     605   -0.288520
     606   -0.288520
     607   -0.288492
     608   -0.288492
     609   -0.288412
     610   -0.288412
     611   -0.288304
     612   -0.288304
     613   -0.288158
     614   -0.288158
     615   -0.287975
     616   -0.287975
     617   -0.287760
     618   -0.287760
     619   -0.287517
     620   -0.287517
     621   -0.287245
     622   -0.287245
     623   -0.286944
     624   -0.286944
     625   -0.286612
     626   -0.286612
     627   -0.286244
     628   -0.286244
     629   -0.285842
     630   -0.285842
     631   -0.285415
     632   -0.285415
     633   -0.284967
     634   -0.284967
     635   -0.284503
     636   -0.284503
     637   -0.284029
     638   -0.284029
     639   -0.283552
     640   -0.283552
     641   -0.283068
     642   -0.283068
     643   -0.282572
     644   -0.282572
     645   -0.282053
     646   -0.282053
     647   -0.281504
     648   -0.281504
     649   -0.280930
     650   -0.280930
     651   -0.280337
     652   -0.280337
     653   -0.279726
     654   -0.279726
     655   -0.279096
     656   -0.279096
     657   -0.278448
     658   -0.278448
     659   -0.277786
     660   -0.277786
     661   -0.277116
     662   -0.277116
     663   -0.276443
     664   -0.276443
     665   -0.275775
     666   -0.275775
     667   -0.275068
     668   -0.275068
     669   -0.274246
     670   -0.274246
     671   -0.273322
     672   -0.273322
     673   -0.272351
     674   -0.272351
     675   -0.271366
     676   -0.271366
     677   -0.270372
     678   -0.270372
     679   -0.269346
     680   -0.269346
     681   -0.268278
     682   -0.268278
     683   -0.267180
     684   -0.267180
     685   -0.266026
     686   -0.266026
     687   -0.264776
     688   -0.264776
     689   -0.263424
     690   -0.263424
     691   -0.261968
     692   -0.261968
     693   -0.260394
     694   -0.260394
     695   -0.258694
     696   -0.258694
     697   -0.256828
     698   -0.256828
     699   -0.254750
     700   -0.254750
     701   -0.252445
     702   -0.252445
     703   -0.249879
     704   -0.249879
     705   -0.247005
     706   -0.247005
     707   -0.243784
     708   -0.243784
     709   -0.240218
     710   -0.240218
     711   -0.236600
     712   -0.236600
     713   -0.233946
     714   -0.233946
     715   -0.233183
     716   -0.233183
     717   -0.233875
     718   -0.233875
     719   -0.234981
     720   -0.234981
     721   -0.235940
     722   -0.235940
     723   -0.236534
     724   -0.236534
     725   -0.236739
     726   -0.236739
     727   -0.236673
     728   -0.236673
     729   -0.236394
     730   -0.236394
     731   -0.235902
     732   -0.235902
     733   -0.235220
     734   -0.235220
     735   -0.234372
     736   -0.234372
     737   -0.233352
     738   -0.233352
     739   -0.232133
     740   -0.232133
     741   -0.230695
     742   -0.230695
     743   -0.229032
     744   -0.229032
     745   -0.227180
     746   -0.227180
     747   -0.225127
     748   -0.225127
     749   -0.222746
     750   -0.222746
     751   -0.219984
     752   -0.219984
     753   -0.216845
     754   -0.216845
     755   -0.213389
     756   -0.213389
     757   -0.209650
     758   -0.209650
     759   -0.205559
     760   -0.205559
     761   -0.200998
     762   -0.200998
     763   -0.195840
     764   -0.195840
     765   -0.190184
     766   -0.190184
     767   -0.183751
     768   -0.183751
     769   -0.176210
     770   -0.176210
     771   -0.167669
     772   -0.167669
     773   -0.157928
     774   -0.157928
     775   -0.146884
     776   -0.146884
     777   -0.134902
     778   -0.134902
     779   -0.123142
     780   -0.123142
     781   -0.112417
     782   -0.112417
     783   -0.100755
     784   -0.100755
     785   -0.080656
     786   -0.080656
     787   -0.051117
     788   -0.051117
     789   -0.020619
     790   -0.020619
     791    0.004830
     792    0.004830
     793   -0.363712
     794   -0.363712
     795   -0.362855
     796   -0.362855
     797   -0.362038
     798   -0.362038
     799   -0.362124
     800   -0.362124
     801   -0.362521
     802   -0.362521
     803   -0.362691
     804   -0.362691
     805   -0.362687
     806   -0.362687
     807   -0.362576
     808   -0.362576
     809   -0.362409
     810   -0.362409
     811   -0.362197
     812   -0.362197
     813   -0.361946
     814   -0.361946
     815   -0.361655
     816   -0.361655
     817   -0.361329
     818   -0.361329
     819   -0.360969
     820   -0.360969
     821   -0.360577
     822   -0.360577
     823   -0.360157
     824   -0.360157
     825   -0.359703
     826   -0.359703
     827   -0.359211
     828   -0.359211
     829   -0.358683
     830   -0.358683
     831   -0.358126
     832   -0.358126
     833   -0.357549
     834   -0.357549
     835   -0.356960
     836   -0.356960
     837   -0.356365
     838   -0.356365
     839   -0.355762
     840   -0.355762
     841   -0.355142
     842   -0.355142
     843   -0.354498
     844   -0.354498
     845   -0.353826
     846   -0.353826
     847   -0.353124
     848   -0.353124
     849   -0.352398
     850   -0.352398
     851   -0.351648
     852   -0.351648
     853   -0.350874
     854   -0.350874
     855   -0.350077
     856   -0.350077
     857   -0.349262
     858   -0.349262
     859   -0.348434
     860   -0.348434
     861   -0.347598
     862   -0.347598
     863   -0.346755
     864   -0.346755
     865   -0.345870
     866   -0.345870
     867   -0.344879
     868   -0.344879
     869   -0.343781
     870   -0.343781
     871   -0.342625
     872   -0.342625
     873   -0.341449
     874   -0.341449
     875   -0.340249
     876   -0.340249
     877   -0.339004
     878   -0.339004
     879   -0.337710
     880   -0.337710
     881   -0.336362
     882   -0.336362
     883   -0.334939
     884   -0.334939
     885   -0.333416
     886   -0.333416
     887   -0.331780
     888   -0.331780
     889   -0.330039
     890   -0.330039
     891   -0.328173
     892   -0.328173
     893   -0.326142
     894   -0.326142
     895   -0.323900
     896   -0.323900
     897   -0.321426
     898   -0.321426
     899   -0.318711
     900   -0.318711
     901   -0.315723
     902   -0.315723
     903   -0.312423
     904   -0.312423
     905   -0.308769
     906   -0.308769
     907   -0.304844
     908   -0.304844
     909   -0.301038
     910   -0.301038
     911   -0.298204
     912   -0.298204
     913   -0.297177
     914   -0.297177
     915   -0.297658
     916   -0.297658
     917   -0.298643
     918   -0.298643
     919   -0.299567
     920   -0.299567
     921   -0.300191
     922   -0.300191
     923   -0.300431
     924   -0.300431
     925   -0.300355
     926   -0.300355
     927   -0.299981
     928   -0.299981
     929   -0.299321
     930   -0.299321
     931   -0.298445
     932   -0.298445
     933   -0.297375
     934   -0.297375
     935   -0.296087
     936   -0.296087
     937   -0.294551
     938   -0.294551
     939   -0.292737
     940   -0.292737
     941   -0.290667
     942   -0.290667
     943   -0.288355
     944   -0.288355
     945   -0.285736
     946   -0.285736
     947   -0.282707
     948   -0.282707
     949   -0.279265
     950   -0.279265
     951   -0.275434
     952   -0.275434
     953   -0.271201
     954   -0.271201
     955   -0.266547
     956   -0.266547
     957   -0.261492
     958   -0.261492
     959   -0.255924
     960   -0.255924
     961   -0.249674
     962   -0.249674
     963   -0.242827
     964   -0.242827
     965   -0.235161
     966   -0.235161
     967   -0.226422
     968   -0.226422
     969   -0.216625
     970   -0.216625
     971   -0.205604
     972   -0.205604
     973   -0.193349
     974   -0.193349
     975   -0.180023
     976   -0.180023
     977   -0.168076
     978   -0.168076
     979   -0.157663
     980   -0.157663
     981   -0.144428
     982   -0.144428
     983   -0.122734
     984   -0.122734
     985   -0.094144
     986   -0.094144
     987   -0.067719
     988   -0.067719
     989   -0.046766
     990   -0.046766
     991   -0.445567
     992   -0.445567
     993   -0.444691
     994   -0.444691
     995   -0.443832
     996   -0.443832
     997   -0.443860
     998   -0.443860
     999   -0.444143
    1000   -0.444143
    1001   -0.444164
    1002   -0.444164
    1003   -0.444030
    1004   -0.444030
    1005   -0.443808
    1006   -0.443808
    1007   -0.443536
    1008   -0.443536
    1009   -0.443227
    1010   -0.443227
    1011   -0.442885
    1012   -0.442885
    1013   -0.442503
    1014   -0.442503
    1015   -0.442081
    1016   -0.442081
    1017   -0.441619
    1018   -0.441619
    1019   -0.441123
    1020   -0.441123
    1021   -0.440595
    1022   -0.440595
    1023   -0.440036
    1024   -0.440036
    1025   -0.439441
    1026   -0.439441
    1027   -0.438802
    1028   -0.438802
    1029   -0.438126
    1030   -0.438126
    1031   -0.437427
    1032   -0.437427
    1033   -0.436717
    1034   -0.436717
    1035   -0.436001
    1036   -0.436001
    1037   -0.435275
    1038   -0.435275
    1039   -0.434530
    1040   -0.434530
    1041   -0.433761
    1042   -0.433761
    1043   -0.432965
    1044   -0.432965
    1045   -0.432133
    1046   -0.432133
    1047   -0.431269
    1048   -0.431269
    1049   -0.430374
    1050   -0.430374
    1051   -0.429447
    1052   -0.429447
    1053   -0.428490
    1054   -0.428490
    1055   -0.427508
    1056   -0.427508
    1057   -0.426511
    1058   -0.426511
    1059   -0.425499
    1060   -0.425499
    1061   -0.424464
    1062   -0.424464
    1063   -0.423377
    1064   -0.423377
    1065   -0.422207
    1066   -0.422207
    1067   -0.420950
    1068   -0.420950
    1069   -0.419630
    1070   -0.419630
    1071   -0.418267
    1072   -0.418267
    1073   -0.416851
    1074   -0.416851
    1075   -0.415378
    1076   -0.415378
    1077   -0.413846
    1078   -0.413846
    1079   -0.412231
    1080   -0.412231
    1081   -0.410526
    1082   -0.410526
    1083   -0.408725
    1084   -0.408725
    1085   -0.406812
    1086   -0.406812
    1087   -0.404785
    1088   -0.404785
    1089   -0.402619
    1090   -0.402619
    1091   -0.400271
    1092   -0.400271
    1093   -0.397708
    1094   -0.397708
    1095   -0.394913
    1096   -0.394913
    1097   -0.391856
    1098   -0.391856
    1099   -0.388505
    1100   -0.388505
    1101   -0.384823
    1102   -0.384823
    1103   -0.380789
    1104   -0.380789
    1105   -0.376535
    1106   -0.376535
    1107   -0.372425
    1108   -0.372425
    1109   -0.369227
    1110   -0.369227
    1111   -0.367769
    1112   -0.367769
    1113   -0.367881
    1114   -0.367881
    1115   -0.368620
    1116   -0.368620
    1117   -0.369365
    1118   -0.369365
    1119   -0.369870
    1120   -0.369870
    1121   -0.370023
    1122   -0.370023
    1123   -0.369868
    1124   -0.369868
    1125   -0.369429
    1126   -0.369429
    1127   -0.368694
    1128   -0.368694
    1129   -0.367708
    1130   -0.367708
    1131   -0.366462
    1132   -0.366462
    1133   -0.364929
    1134   -0.364929
    1135   -0.363128
    1136   -0.363128
    1137   -0.361044
    1138   -0.361044
    1139   -0.358667
    1140   -0.358667
    1141   -0.355981
    1142   -0.355981
    1143   -0.352909
    1144   -0.352909
    1145   -0.349369
    1146   -0.349369
    1147   -0.345373
    1148   -0.345373
    1149   -0.340958
    1150   -0.340958
    1151   -0.336043
    1152   -0.336043
    1153   -0.330575
    1154   -0.330575
    1155   -0.324586
    1156   -0.324586
    1157   -0.317962
    1158   -0.317962
    1159   -0.310596
    1160   -0.310596
    1161   -0.302552
    1162   -0.302552
    1163   -0.293711
    1164   -0.293711
    1165   -0.283862
    1166   -0.283862
    1167   -0.272879
    1168   -0.272879
    1169   -0.260577
    1170   -0.260577
    1171   -0.246767
    1172   -0.246767
    1173   -0.231239
    1174   -0.231239
    1175   -0.217656
    1176   -0.217656
    1177   -0.205468
    1178   -0.205468
    1179   -0.187853
    1180   -0.187853
    1181   -0.164398
    1182   -0.164398
    1183   -0.137738
    1184   -0.137738
    1185   -0.110584
    1186   -0.110584
    1187   -0.088260
    1188   -0.088260
    1189   -0.538976
    1190   -0.538976
    1191   -0.538427
    1192   -0.538427
    1193   -0.537908
    1194   -0.537908
    1195   -0.537738
    1196   -0.537738
    1197   -0.537477
    1198   -0.537477
    1199   -0.537050
    1200   -0.537050
    1201   -0.536641
    1202   -0.536641
    1203   -0.536222
    1204   -0.536222
    1205   -0.535786
    1206   -0.535786
    1207   -0.535337
    1208   -0.535337
    1209   -0.534873
    1210   -0.534873
    1211   -0.534375
    1212   -0.534375
    1213   -0.533834
    1214   -0.533834
    1215   -0.533253
    1216   -0.533253
    1217   -0.532635
    1218   -0.532635
    1219   -0.531979
    1220   -0.531979
    1221   -0.531290
    1222   -0.531290
    1223   -0.530563
    1224   -0.530563
    1225   -0.529791
    1226   -0.529791
    1227   -0.528974
    1228   -0.528974
    1229   -0.528132
    1230   -0.528132
    1231   -0.527291
    1232   -0.527291
    1233   -0.526456
    1234   -0.526456
    1235   -0.525606
    1236   -0.525606
    1237   -0.524731
    1238   -0.524731
    1239   -0.523833
    1240   -0.523833
    1241   -0.522904
    1242   -0.522904
    1243   -0.521934
    1244   -0.521934
    1245   -0.520923
    1246   -0.520923
    1247   -0.519870
    1248   -0.519870
    1249   -0.518775
    1250   -0.518775
    1251   -0.517635
    1252   -0.517635
    1253   -0.516463
    1254   -0.516463
    1255   -0.515281
    1256   -0.515281
    1257   -0.514089
    1258   -0.514089
    1259   -0.512860
    1260   -0.512860
    1261   -0.511575
    1262   -0.511575
    1263   -0.510226
    1264   -0.510226
    1265   -0.508806
    1266   -0.508806
    1267   -0.507307
    1268   -0.507307
    1269   -0.505731
    1270   -0.505731
    1271   -0.504081
    1272   -0.504081
    1273   -0.502362
    1274   -0.502362
    1275   -0.500568
    1276   -0.500568
    1277   -0.498674
    1278   -0.498674
    1279   -0.496683
    1280   -0.496683
    1281   -0.494603
    1282   -0.494603
    1283   -0.492412
    1284   -0.492412
    1285   -0.490088
    1286   -0.490088
    1287   -0.487615
    1288   -0.487615
    1289   -0.484963
    1290   -0.484963
    1291   -0.482108
    1292   -0.482108
    1293   -0.479028
    1294   -0.479028
    1295   -0.475668
    1296   -0.475668
    1297   -0.471991
    1298   -0.471991
    1299   -0.467962
    1300   -0.467962
    1301   -0.463590
    1302   -0.463590
    1303   -0.459030
    1304   -0.459030
    1305   -0.454561
    1306   -0.454561
    1307   -0.450816
    1308   -0.450816
    1309   -0.448736
    1310   -0.448736
    1311   -0.448428
    1312   -0.448428
    1313   -0.448938
    1314   -0.448938
    1315   -0.449449
    1316   -0.449449
    1317   -0.449691
    1318   -0.449691
    1319   -0.449607
    1320   -0.449607
    1321   -0.449253
    1322   -0.449253
    1323   -0.448723
    1324   -0.448723
    1325   -0.447968
    1326   -0.447968
    1327   -0.446898
    1328   -0.446898
    1329   -0.445478
    1330   -0.445478
    1331   -0.443721
    1332   -0.443721
    1333   -0.441678
    1334   -0.441678
    1335   -0.439374
    1336   -0.439374
    1337   -0.436759
    1338   -0.436759
    1339   -0.433752
    1340   -0.433752
    1341   -0.430287
    1342   -0.430287
    1343   -0.426350
    1344   -0.426350
    1345   -0.421913
    1346   -0.421913
    1347   -0.416941
    1348   -0.416941
    1349   -0.411367
    1350   -0.411367
    1351   -0.405130
    1352   -0.405130
    1353   -0.398216
    1354   -0.398216
    1355   -0.390536
    1356   -0.390536
    1357   -0.382078
    1358   -0.382078
    1359   -0.372851
    1360   -0.372851
    1361   -0.362764
    1362   -0.362764
    1363   -0.351653
    1364   -0.351653
    1365   -0.339297
    1366   -0.339297
    1367   -0.325446
    1368   -0.325446
    1369   -0.310075
    1370   -0.310075
    1371   -0.292483
    1372   -0.292483
    1373   -0.274752
    1374   -0.274752
    1375   -0.257240
    1376   -0.257240
    1377   -0.235009
    1378   -0.235009
    1379   -0.209174
    1380   -0.209174
    1381   -0.181332
    1382   -0.181332
    1383   -0.150656
    1384   -0.150656
    1385   -0.124969
    1386   -0.124969
    1387   -0.648356
    1388   -0.648356
    1389   -0.647705
    1390   -0.647705
    1391   -0.646804
    1392   -0.646804
    1393   -0.645936
    1394   -0.645936
    1395   -0.645021
    1396   -0.645021
    1397   -0.644105
    1398   -0.644105
    1399   -0.643297
    1400   -0.643297
    1401   -0.642542
    1402   -0.642542
    1403   -0.641821
    1404   -0.641821
    1405   -0.641145
    1406   -0.641145
    1407   -0.640497
    1408   -0.640497
    1409   -0.639840
    1410   -0.639840
    1411   -0.639152
    1412   -0.639152
    1413   -0.638433
    1414   -0.638433
    1415   -0.637678
    1416   -0.637678
    1417   -0.636879
    1418   -0.636879
    1419   -0.636039
    1420   -0.636039
    1421   -0.635157
    1422   -0.635157
    1423   -0.634231
    1424   -0.634231
    1425   -0.633255
    1426   -0.633255
    1427   -0.632247
    1428   -0.632247
    1429   -0.631254
    1430   -0.631254
    1431   -0.630280
    1432   -0.630280
    1433   -0.629289
    1434   -0.629289
    1435   -0.628269
    1436   -0.628269
    1437   -0.627225
    1438   -0.627225
    1439   -0.626149
    1440   -0.626149
    1441   -0.625026
    1442   -0.625026
    1443   -0.623853
    1444   -0.623853
    1445   -0.622627
    1446   -0.622627
    1447   -0.621345
    1448   -0.621345
    1449   -0.620003
    1450   -0.620003
    1451   -0.618621
    1452   -0.618621
    1453   -0.617236
    1454   -0.617236
    1455   -0.615846
    1456   -0.615846
    1457   -0.614416
    1458   -0.614416
    1459   -0.612929
    1460   -0.612929
    1461   -0.611390
    1462   -0.611390
    1463   -0.609787
    1464   -0.609787
    1465   -0.608085
    1466   -0.608085
    1467   -0.606279
    1468   -0.606279
    1469   -0.604389
    1470   -0.604389
    1471   -0.602415
    1472   -0.602415
    1473   -0.600346
    1474   -0.600346
    1475   -0.598170
    1476   -0.598170
    1477   -0.595890
    1478   -0.595890
    1479   -0.593516
    1480   -0.593516
    1481   -0.591027
    1482   -0.591027
    1483   -0.588386
    1484   -0.588386
    1485   -0.585581
    1486   -0.585581
    1487   -0.582601
    1488   -0.582601
    1489   -0.579421
    1490   -0.579421
    1491   -0.576018
    1492   -0.576018
    1493   -0.572353
    1494   -0.572353
    1495   -0.568390
    1496   -0.568390
    1497   -0.564103
    1498   -0.564103
    1499   -0.559536
    1500   -0.559536
    1501   -0.554817
    1502   -0.554817
    1503   -0.550176
    1504   -0.550176
    1505   -0.546209
    1506   -0.546209
    1507   -0.543932
    1508   -0.543932
    1509   -0.543522
    1510   -0.543522
    1511   -0.543957
    1512   -0.543957
    1513   -0.544357
    1514   -0.544357
    1515   -0.544463
    1516   -0.544463
    1517   -0.544222
    1518   -0.544222
    1519   -0.543648
    1520   -0.543648
    1521   -0.542867
    1522   -0.542867
    1523   -0.541850
    1524   -0.541850
    1525   -0.540499
    1526   -0.540499
    1527   -0.538818
    1528   -0.538818
    1529   -0.536815
    1530   -0.536815
    1531   -0.534508
    1532   -0.534508
    1533   -0.531937
    1534   -0.531937
    1535   -0.529028
    1536   -0.529028
    1537   -0.525669
    1538   -0.525669
    1539   -0.521800
    1540   -0.521800
    1541   -0.517435
    1542   -0.517435
    1543   -0.512502
    1544   -0.512502
    1545   -0.506906
    1546   -0.506906
    1547   -0.500645
    1548   -0.500645
    1549   -0.493610
    1550   -0.493610
    1551   -0.485748
    1552   -0.485748
    1553   -0.477078
    1554   -0.477078
    1555   -0.467612
    1556   -0.467612
    1557   -0.457198
    1558   -0.457198
    1559   -0.445732
    1560   -0.445732
    1561   -0.433103
    1562   -0.433103
    1563   -0.418977
    1564   -0.418977
    1565   -0.403071
    1566   -0.403071
    1567   -0.386014
    1568   -0.386014
    1569   -0.366705
    1570   -0.366705
    1571   -0.343623
    1572   -0.343623
    1573   -0.318859
    1574   -0.318859
    1575   -0.292295
    1576   -0.292295
    1577   -0.262782
    1578   -0.262782
    1579   -0.229711
    1580   -0.229711
    1581   -0.193054
    1582   -0.193054
    1583   -0.162682
    1584   -0.162682
    1585   -0.779703
    1586   -0.779703
    1587   -0.778373
    1588   -0.778373
    1589   -0.776333
    1590   -0.776333
    1591   -0.774402
    1592   -0.774402
    1593   -0.772713
    1594   -0.772713
    1595   -0.771171
    1596   -0.771171
    1597   -0.769775
    1598   -0.769775
    1599   -0.768515
    1600   -0.768515
    1601   -0.767392
    1602   -0.767392
    1603   -0.766392
    1604   -0.766392
    1605   -0.765472
    1606   -0.765472
    1607   -0.764587
    1608   -0.764587
    1609   -0.763711
    1610   -0.763711
    1611   -0.762829
    1612   -0.762829
    1613   -0.761919
    1614   -0.761919
    1615   -0.760957
    1616   -0.760957
    1617   -0.759943
    1618   -0.759943
    1619   -0.758888
    1620   -0.758888
    1621   -0.757797
    1622   -0.757797
    1623   -0.756654
    1624   -0.756654
    1625   -0.755471
    1626   -0.755471
    1627   -0.754294
    1628   -0.754294
    1629   -0.753128
    1630   -0.753128
    1631   -0.751949
    1632   -0.751949
    1633   -0.750752
    1634   -0.750752
    1635   -0.749541
    1636   -0.749541
    1637   -0.748303
    1638   -0.748303
    1639   -0.747013
    1640   -0.747013
    1641   -0.745660
    1642   -0.745660
    1643   -0.744240
    1644   -0.744240
    1645   -0.742752
    1646   -0.742752
    1647   -0.741199
    1648   -0.741199
    1649   -0.739598
    1650   -0.739598
    1651   -0.737977
    1652   -0.737977
    1653   -0.736339
    1654   -0.736339
    1655   -0.734668
    1656   -0.734668
    1657   -0.732952
    1658   -0.732952
    1659   -0.731184
    1660   -0.731184
    1661   -0.729350
    1662   -0.729350
    1663   -0.727419
    1664   -0.727419
    1665   -0.725380
    1666   -0.725380
    1667   -0.723245
    1668   -0.723245
    1669   -0.721013
    1670   -0.721013
    1671   -0.718671
    1672   -0.718671
    1673   -0.716213
    1674   -0.716213
    1675   -0.713636
    1676   -0.713636
    1677   -0.710932
    1678   -0.710932
    1679   -0.708086
    1680   -0.708086
    1681   -0.705072
    1682   -0.705072
    1683   -0.701880
    1684   -0.701880
    1685   -0.698508
    1686   -0.698508
    1687   -0.694936
    1688   -0.694936
    1689   -0.691144
    1690   -0.691144
    1691   -0.687123
    1692   -0.687123
    1693   -0.682852
    1694   -0.682852
    1695   -0.678336
    1696   -0.678336
    1697   -0.673631
    1698   -0.673631
    1699   -0.668812
    1700   -0.668812
    1701   -0.664117
    1702   -0.664117
    1703   -0.660247
    1704   -0.660247
    1705   -0.658186
    1706   -0.658186
    1707   -0.657906
    1708   -0.657906
    1709   -0.658340
    1710   -0.658340
    1711   -0.658711
    1712   -0.658711
    1713   -0.658816
    1714   -0.658816
    1715   -0.658561
    1716   -0.658561
    1717   -0.657880
    1718   -0.657880
    1719   -0.656857
    1720   -0.656857
    1721   -0.655512
    1722   -0.655512
    1723   -0.653856
    1724   -0.653856
    1725   -0.651921
    1726   -0.651921
    1727   -0.649683
    1728   -0.649683
    1729   -0.647126
    1730   -0.647126
    1731   -0.644253
    1732   -0.644253
    1733   -0.640987
    1734   -0.640987
    1735   -0.637253
    1736   -0.637253
    1737   -0.632993
    1738   -0.632993
    1739   -0.628154
    1740   -0.628154
    1741   -0.622692
    1742   -0.622692
    1743   -0.616541
    1744   -0.616541
    1745   -0.609648
    1746   -0.609648
    1747   -0.601860
    1748   -0.601860
    1749   -0.593129
    1750   -0.593129
    1751   -0.583549
    1752   -0.583549
    1753   -0.573082
    1754   -0.573082
    1755   -0.561451
    1756   -0.561451
    1757   -0.548471
    1758   -0.548471
    1759   -0.533981
    1760   -0.533981
    1761   -0.517642
    1762   -0.517642
    1763   -0.499244
    1764   -0.499244
    1765   -0.479513
    1766   -0.479513
    1767   -0.457330
    1768   -0.457330
    1769   -0.429725
    1770   -0.429725
    1771   -0.398602
    1772   -0.398602
    1773   -0.365812
    1774   -0.365812
    1775   -0.329249
    1776   -0.329249
    1777   -0.287305
    1778   -0.287305
    1779   -0.241311
    1780   -0.241311
    1781   -0.203536
    1782   -0.203536
    1783   -0.941586
    1784   -0.941586
    1785   -0.939641
    1786   -0.939641
    1787   -0.936736
    1788   -0.936736
    1789   -0.934034
    1790   -0.934034
    1791   -0.931648
    1792   -0.931648
    1793   -0.929478
    1794   -0.929478
    1795   -0.927495
    1796   -0.927495
    1797   -0.925710
    1798   -0.925710
    1799   -0.924151
    1800   -0.924151
    1801   -0.922771
    1802   -0.922771
    1803   -0.921506
    1804   -0.921506
    1805   -0.920311
    1806   -0.920311
    1807   -0.919172
    1808   -0.919172
    1809   -0.918060
    1810   -0.918060
    1811   -0.916938
    1812   -0.916938
    1813   -0.915771
    1814   -0.915771
    1815   -0.914545
    1816   -0.914545
    1817   -0.913287
    1818   -0.913287
    1819   -0.912004
    1820   -0.912004
    1821   -0.910671
    1822   -0.910671
    1823   -0.909292
    1824   -0.909292
    1825   -0.907891
    1826   -0.907891
    1827   -0.906480
    1828   -0.906480
    1829   -0.905065
    1830   -0.905065
    1831   -0.903653
    1832   -0.903653
    1833   -0.902241
    1834   -0.902241
    1835   -0.900813
    1836   -0.900813
    1837   -0.899328
    1838   -0.899328
    1839   -0.897769
    1840   -0.897769
    1841   -0.896131
    1842   -0.896131
    1843   -0.894418
    1844   -0.894418
    1845   -0.892638
    1846   -0.892638
    1847   -0.890797
    1848   -0.890797
    1849   -0.888905
    1850   -0.888905
    1851   -0.886970
    1852   -0.886970
    1853   -0.885004
    1854   -0.885004
    1855   -0.883004
    1856   -0.883004
    1857   -0.880950
    1858   -0.880950
    1859   -0.878829
    1860   -0.878829
    1861   -0.876625
    1862   -0.876625
    1863   -0.874317
    1864   -0.874317
    1865   -0.871902
    1866   -0.871902
    1867   -0.869389
    1868   -0.869389
    1869   -0.866757
    1870   -0.866757
    1871   -0.863988
    1872   -0.863988
    1873   -0.861067
    1874   -0.861067
    1875   -0.857968
    1876   -0.857968
    1877   -0.854692
    1878   -0.854692
    1879   -0.851242
    1880   -0.851242
    1881   -0.847602
    1882   -0.847602
    1883   -0.843782
    1884   -0.843782
    1885   -0.839763
    1886   -0.839763
    1887   -0.835518
    1888   -0.835518
    1889   -0.831059
    1890   -0.831059
    1891   -0.826376
    1892   -0.826376
    1893   -0.821483
    1894   -0.821483
    1895   -0.816413
    1896   -0.816413
    1897   -0.811221
    1898   -0.811221
    1899   -0.806176
    1900   -0.806176
    1901   -0.802052
    1902   -0.802052
    1903   -0.799820
    1904   -0.799820
    1905   -0.799353
    1906   -0.799353
    1907   -0.799579
    1908   -0.799579
    1909   -0.799779
    1910   -0.799779
    1911   -0.799785
    1912   -0.799785
    1913   -0.799528
    1914   -0.799528
    1915   -0.798887
    1916   -0.798887
    1917   -0.797842
    1918   -0.797842
    1919   -0.796429
    1920   -0.796429
    1921   -0.794688
    1922   -0.794688
    1923   -0.792603
    1924   -0.792603
    1925   -0.790148
    1926   -0.790148
    1927   -0.787328
    1928   -0.787328
    1929   -0.784100
    1930   -0.784100
    1931   -0.780391
    1932   -0.780391
    1933   -0.776170
    1934   -0.776170
    1935   -0.771404
    1936   -0.771404
    1937   -0.766006
    1938   -0.766006
    1939   -0.760005
    1940   -0.760005
    1941   -0.753357
    1942   -0.753357
    1943   -0.745895
    1944   -0.745895
    1945   -0.737455
    1946   -0.737455
    1947   -0.727936
    1948   -0.727936
    1949   -0.717378
    1950   -0.717378
    1951   -0.705736
    1952   -0.705736
    1953   -0.692731
    1954   -0.692731
    1955   -0.678007
    1956   -0.678007
    1957   -0.661251
    1958   -0.661251
    1959   -0.642278
    1960   -0.642278
    1961   -0.620944
    1962   -0.620944
    1963   -0.597327
    1964   -0.597327
    1965   -0.570697
    1966   -0.570697
    1967   -0.538975
    1968   -0.538975
    1969   -0.501977
    1970   -0.501977
    1971   -0.460363
    1972   -0.460363
    1973   -0.413002
    1974   -0.413002
    1975   -0.358843
    1976   -0.358843
    1977   -0.300304
    1978   -0.300304
    1979   -0.252542
    1980   -0.252542
    1981   -1.147035
    1982   -1.147035
    1983   -1.144603
    1984   -1.144603
    1985   -1.141062
    1986   -1.141062
    1987   -1.137842
    1988   -1.137842
    1989   -1.134943
    1990   -1.134943
    1991   -1.132233
    1992   -1.132233
    1993   -1.129723
    1994   -1.129723
    1995   -1.127436
    1996   -1.127436
    1997   -1.125390
    1998   -1.125390
    1999   -1.123547
    2000   -1.123547
    2001   -1.121852
    2002   -1.121852
    2003   -1.120272
    2004   -1.120272
    2005   -1.118792
    2006   -1.118792
    2007   -1.117367
    2008   -1.117367
    2009   -1.115956
    2010   -1.115956
    2011   -1.114520
    2012   -1.114520
    2013   -1.113045
    2014   -1.113045
    2015   -1.111539
    2016   -1.111539
    2017   -1.110005
    2018   -1.110005
    2019   -1.108425
    2020   -1.108425
    2021   -1.106795
    2022   -1.106795
    2023   -1.105129
    2024   -1.105129
    2025   -1.103442
    2026   -1.103442
    2027   -1.101763
    2028   -1.101763
    2029   -1.100096
    2030   -1.100096
    2031   -1.098431
    2032   -1.098431
    2033   -1.096749
    2034   -1.096749
    2035   -1.095016
    2036   -1.095016
    2037   -1.093211
    2038   -1.093211
    2039   -1.091331
    2040   -1.091331
    2041   -1.089372
    2042   -1.089372
    2043   -1.087331
    2044   -1.087331
    2045   -1.085209
    2046   -1.085209
    2047   -1.083011
    2048   -1.083011
    2049   -1.080745
    2050   -1.080745
    2051   -1.078431
    2052   -1.078431
    2053   -1.076076
    2054   -1.076076
    2055   -1.073668
    2056   -1.073668
    2057   -1.071194
    2058   -1.071194
    2059   -1.068640
    2060   -1.068640
    2061   -1.065988
    2062   -1.065988
    2063   -1.063236
    2064   -1.063236
    2065   -1.060401
    2066   -1.060401
    2067   -1.057464
    2068   -1.057464
    2069   -1.054353
    2070   -1.054353
    2071   -1.050981
    2072   -1.050981
    2073   -1.047348
    2074   -1.047348
    2075   -1.043538
    2076   -1.043538
    2077   -1.039580
    2078   -1.039580
    2079   -1.035441
    2080   -1.035441
    2081   -1.031120
    2082   -1.031120
    2083   -1.026603
    2084   -1.026603
    2085   -1.021868
    2086   -1.021868
    2087   -1.016937
    2088   -1.016937
    2089   -1.011808
    2090   -1.011808
    2091   -1.006454
    2092   -1.006454
    2093   -1.000861
    2094   -1.000861
    2095   -0.995112
    2096   -0.995112
    2097   -0.989519
    2098   -0.989519
    2099   -0.984943
    2100   -0.984943
    2101   -0.982381
    2102   -0.982381
    2103   -0.981658
    2104   -0.981658
    2105   -0.981735
    2106   -0.981735
    2107   -0.981907
    2108   -0.981907
    2109   -0.981936
    2110   -0.981936
    2111   -0.981748
    2112   -0.981748
    2113   -0.981217
    2114   -0.981217
    2115   -0.980221
    2116   -0.980221
    2117   -0.978775
    2118   -0.978775
    2119   -0.976915
    2120   -0.976915
    2121   -0.974604
    2122   -0.974604
    2123   -0.971854
    2124   -0.971854
    2125   -0.968650
    2126   -0.968650
    2127   -0.964919
    2128   -0.964919
    2129   -0.960598
    2130   -0.960598
    2131   -0.955664
    2132   -0.955664
    2133   -0.950134
    2134   -0.950134
    2135   -0.943970
    2136   -0.943970
    2137   -0.937186
    2138   -0.937186
    2139   -0.929702
    2140   -0.929702
    2141   -0.921341
    2142   -0.921341
    2143   -0.911964
    2144   -0.911964
    2145   -0.901359
    2146   -0.901359
    2147   -0.889468
    2148   -0.889468
    2149   -0.876220
    2150   -0.876220
    2151   -0.861301
    2152   -0.861301
    2153   -0.844320
    2154   -0.844320
    2155   -0.824903
    2156   -0.824903
    2157   -0.802795
    2158   -0.802795
    2159   -0.777644
    2160   -0.777644
    2161   -0.748978
    2162   -0.748978
    2163   -0.716847
    2164   -0.716847
    2165   -0.679973
    2166   -0.679973
    2167   -0.635896
    2168   -0.635896
    2169   -0.583851
    2170   -0.583851
    2171   -0.523267
    2172   -0.523267
    2173   -0.453670
    2174   -0.453670
    2175   -0.379050
    2176   -0.379050
    2177   -0.318539
    2178   -0.318539
    2179   -1.417631
    2180   -1.417631
    2181   -1.414980
    2182   -1.414980
    2183   -1.410998
    2184   -1.410998
    2185   -1.407325
    2186   -1.407325
    2187   -1.403975
    2188   -1.403975
    2189   -1.400752
    2190   -1.400752
    2191   -1.397767
    2192   -1.397767
    2193   -1.395026
    2194   -1.395026
    2195   -1.392480
    2196   -1.392480
    2197   -1.390115
    2198   -1.390115
    2199   -1.387917
    2200   -1.387917
    2201   -1.385891
    2202   -1.385891
    2203   -1.384013
    2204   -1.384013
    2205   -1.382214
    2206   -1.382214
    2207   -1.380444
    2208   -1.380444
    2209   -1.378676
    2210   -1.378676
    2211   -1.376898
    2212   -1.376898
    2213   -1.375087
    2214   -1.375087
    2215   -1.373229
    2216   -1.373229
    2217   -1.371326
    2218   -1.371326
    2219   -1.369379
    2220   -1.369379
    2221   -1.367395
    2222   -1.367395
    2223   -1.365396
    2224   -1.365396
    2225   -1.363407
    2226   -1.363407
    2227   -1.361425
    2228   -1.361425
    2229   -1.359431
    2230   -1.359431
    2231   -1.357413
    2232   -1.357413
    2233   -1.355353
    2234   -1.355353
    2235   -1.353234
    2236   -1.353234
    2237   -1.351046
    2238   -1.351046
    2239   -1.348774
    2240   -1.348774
    2241   -1.346398
    2242   -1.346398
    2243   -1.343918
    2244   -1.343918
    2245   -1.341344
    2246   -1.341344
    2247   -1.338680
    2248   -1.338680
    2249   -1.335935
    2250   -1.335935
    2251   -1.333124
    2252   -1.333124
    2253   -1.330256
    2254   -1.330256
    2255   -1.327319
    2256   -1.327319
    2257   -1.324293
    2258   -1.324293
    2259   -1.321174
    2260   -1.321174
    2261   -1.317970
    2262   -1.317970
    2263   -1.314704
    2264   -1.314704
    2265   -1.311375
    2266   -1.311375
    2267   -1.307836
    2268   -1.307836
    2269   -1.303872
    2270   -1.303872
    2271   -1.299536
    2272   -1.299536
    2273   -1.295050
    2274   -1.295050
    2275   -1.290463
    2276   -1.290463
    2277   -1.285709
    2278   -1.285709
    2279   -1.280766
    2280   -1.280766
    2281   -1.275652
    2282   -1.275652
    2283   -1.270353
    2284   -1.270353
    2285   -1.264859
    2286   -1.264859
    2287   -1.259172
    2288   -1.259172
    2289   -1.253240
    2290   -1.253240
    2291   -1.247064
    2292   -1.247064
    2293   -1.240782
    2294   -1.240782
    2295   -1.234755
    2296   -1.234755
    2297   -1.230039
    2298   -1.230039
    2299   -1.227646
    2300   -1.227646
    2301   -1.227185
    2302   -1.227185
    2303   -1.227633
    2304   -1.227633
    2305   -1.228308
    2306   -1.228308
    2307   -1.228783
    2308   -1.228783
    2309   -1.228897
    2310   -1.228897
    2311   -1.228588
    2312   -1.228588
    2313   -1.227674
    2314   -1.227674
    2315   -1.226131
    2316   -1.226131
    2317   -1.224064
    2318   -1.224064
    2319   -1.221501
    2320   -1.221501
    2321   -1.218422
    2322   -1.218422
    2323   -1.214702
    2324   -1.214702
    2325   -1.210281
    2326   -1.210281
    2327   -1.205168
    2328   -1.205168
    2329   -1.199334
    2330   -1.199334
    2331   -1.192802
    2332   -1.192802
    2333   -1.185553
    2334   -1.185553
    2335   -1.177503
    2336   -1.177503
    2337   -1.168603
    2338   -1.168603
    2339   -1.158739
    2340   -1.158739
    2341   -1.147748
    2342   -1.147748
    2343   -1.135339
    2344   -1.135339
    2345   -1.121352
    2346   -1.121352
    2347   -1.105618
    2348   -1.105618
    2349   -1.087782
    2350   -1.087782
    2351   -1.067650
    2352   -1.067650
    2353   -1.044867
    2354   -1.044867
    2355   -1.018886
    2356   -1.018886
    2357   -0.989095
    2358   -0.989095
    2359   -0.954263
    2360   -0.954263
    2361   -0.914484
    2362   -0.914484
    2363   -0.869629
    2364   -0.869629
    2365   -0.816575
    2366   -0.816575
    2367   -0.752924
    2368   -0.752924
    2369   -0.676937
    2370   -0.676937
    2371   -0.588050
    2372   -0.588050
    2373   -0.492183
    2374   -0.492183
    2375   -0.414290
    2376   -0.414290
    2377   -1.790550
    2378   -1.790550
    2379   -1.788423
    2380   -1.788423
    2381   -1.784788
    2382   -1.784788
    2383   -1.781137
    2384   -1.781137
    2385   -1.777638
    2386   -1.777638
    2387   -1.774092
    2388   -1.774092
    2389   -1.770793
    2390   -1.770793
    2391   -1.767743
    2392   -1.767743
    2393   -1.764838
    2394   -1.764838
    2395   -1.762059
    2396   -1.762059
    2397   -1.759409
    2398   -1.759409
    2399   -1.756922
    2400   -1.756922
    2401   -1.754585
    2402   -1.754585
    2403   -1.752337
    2404   -1.752337
    2405   -1.750134
    2406   -1.750134
    2407   -1.747949
    2408   -1.747949
    2409   -1.745770
    2410   -1.745770
    2411   -1.743566
    2412   -1.743566
    2413   -1.741309
    2414   -1.741309
    2415   -1.738995
    2416   -1.738995
    2417   -1.736632
    2418   -1.736632
    2419   -1.734240
    2420   -1.734240
    2421   -1.731836
    2422   -1.731836
    2423   -1.729424
    2424   -1.729424
    2425   -1.726998
    2426   -1.726998
    2427   -1.724551
    2428   -1.724551
    2429   -1.722078
    2430   -1.722078
    2431   -1.719566
    2432   -1.719566
    2433   -1.716997
    2434   -1.716997
    2435   -1.714349
    2436   -1.714349
    2437   -1.711604
    2438   -1.711604
    2439   -1.708743
    2440   -1.708743
    2441   -1.705763
    2442   -1.705763
    2443   -1.702659
    2444   -1.702659
    2445   -1.699435
    2446   -1.699435
    2447   -1.696098
    2448   -1.696098
    2449   -1.692663
    2450   -1.692663
    2451   -1.689145
    2452   -1.689145
    2453   -1.685540
    2454   -1.685540
    2455   -1.681831
    2456   -1.681831
    2457   -1.678022
    2458   -1.678022
    2459   -1.674120
    2460   -1.674120
    2461   -1.670135
    2462   -1.670135
    2463   -1.666071
    2464   -1.666071
    2465   -1.661777
    2466   -1.661777
    2467   -1.657020
    2468   -1.657020
    2469   -1.651877
    2470   -1.651877
    2471   -1.646579
    2472   -1.646579
    2473   -1.641170
    2474   -1.641170
    2475   -1.635574
    2476   -1.635574
    2477   -1.629760
    2478   -1.629760
    2479   -1.623777
    2480   -1.623777
    2481   -1.617603
    2482   -1.617603
    2483   -1.611162
    2484   -1.611162
    2485   -1.604439
    2486   -1.604439
    2487   -1.597426
    2488   -1.597426
    2489   -1.590198
    2490   -1.590198
    2491   -1.582929
    2492   -1.582929
    2493   -1.576026
    2494   -1.576026
    2495   -1.570778
    2496   -1.570778
    2497   -1.568396
    2498   -1.568396
    2499   -1.568269
    2500   -1.568269
    2501   -1.569150
    2502   -1.569150
    2503   -1.570301
    2504   -1.570301
    2505   -1.571177
    2506   -1.571177
    2507   -1.571551
    2508   -1.571551
    2509   -1.571373
    2510   -1.571373
    2511   -1.570436
    2512   -1.570436
    2513   -1.568660
    2514   -1.568660
    2515   -1.566246
    2516   -1.566246
    2517   -1.563329
    2518   -1.563329
    2519   -1.559725
    2520   -1.559725
    2521   -1.555216
    2522   -1.555216
    2523   -1.549813
    2524   -1.549813
    2525   -1.543582
    2526   -1.543582
    2527   -1.536519
    2528   -1.536519
    2529   -1.528597
    2530   -1.528597
    2531   -1.519737
    2532   -1.519737
    2533   -1.509812
    2534   -1.509812
    2535   -1.498863
    2536   -1.498863
    2537   -1.486774
    2538   -1.486774
    2539   -1.473288
    2540   -1.473288
    2541   -1.458146
    2542   -1.458146
    2543   -1.441058
    2544   -1.441058
    2545   -1.421729
    2546   -1.421729
    2547   -1.399871
    2548   -1.399871
    2549   -1.375360
    2550   -1.375360
    2551   -1.347832
    2552   -1.347832
    2553   -1.316592
    2554   -1.316592
    2555   -1.280872
    2556   -1.280872
    2557   -1.238671
    2558   -1.238671
    2559   -1.188991
    2560   -1.188991
    2561   -1.132471
    2562   -1.132471
    2563   -1.067468
    2564   -1.067468
    2565   -0.990099
    2566   -0.990099
    2567   -0.895347
    2568   -0.895347
    2569   -0.782017
    2570   -0.782017
    2571   -0.658177
    2572   -0.658177
    2573   -0.556386
    2574   -0.556386
    2575   -2.326457
    2576   -2.326457
    2577   -2.326453
    2578   -2.326453
    2579   -2.325280
    2580   -2.325280
    2581   -2.322865
    2582   -2.322865
    2583   -2.319715
    2584   -2.319715
    2585   -2.316180
    2586   -2.316180
    2587   -2.312833
    2588   -2.312833
    2589   -2.309646
    2590   -2.309646
    2591   -2.306522
    2592   -2.306522
    2593   -2.303444
    2594   -2.303444
    2595   -2.300424
    2596   -2.300424
    2597   -2.297469
    2598   -2.297469
    2599   -2.294569
    2600   -2.294569
    2601   -2.291739
    2602   -2.291739
    2603   -2.288970
    2604   -2.288970
    2605   -2.286226
    2606   -2.286226
    2607   -2.283485
    2608   -2.283485
    2609   -2.280730
    2610   -2.280730
    2611   -2.277931
    2612   -2.277931
    2613   -2.275056
    2614   -2.275056
    2615   -2.272113
    2616   -2.272113
    2617   -2.269132
    2618   -2.269132
    2619   -2.266125
    2620   -2.266125
    2621   -2.263080
    2622   -2.263080
    2623   -2.259993
    2624   -2.259993
    2625   -2.256872
    2626   -2.256872
    2627   -2.253712
    2628   -2.253712
    2629   -2.250499
    2630   -2.250499
    2631   -2.247214
    2632   -2.247214
    2633   -2.243825
    2634   -2.243825
    2635   -2.240317
    2636   -2.240317
    2637   -2.236686
    2638   -2.236686
    2639   -2.232918
    2640   -2.232918
    2641   -2.228990
    2642   -2.228990
    2643   -2.224902
    2644   -2.224902
    2645   -2.220670
    2646   -2.220670
    2647   -2.216300
    2648   -2.216300
    2649   -2.211802
    2650   -2.211802
    2651   -2.207177
    2652   -2.207177
    2653   -2.202421
    2654   -2.202421
    2655   -2.197534
    2656   -2.197534
    2657   -2.192499
    2658   -2.192499
    2659   -2.187294
    2660   -2.187294
    2661   -2.181915
    2662   -2.181915
    2663   -2.176291
    2664   -2.176291
    2665   -2.170346
    2666   -2.170346
    2667   -2.164135
    2668   -2.164135
    2669   -2.157718
    2670   -2.157718
    2671   -2.151093
    2672   -2.151093
    2673   -2.144245
    2674   -2.144245
    2675   -2.137123
    2676   -2.137123
    2677   -2.129712
    2678   -2.129712
    2679   -2.122001
    2680   -2.122001
    2681   -2.113897
    2682   -2.113897
    2683   -2.105351
    2684   -2.105351
    2685   -2.096389
    2686   -2.096389
    2687   -2.087109
    2688   -2.087109
    2689   -2.077680
    2690   -2.077680
    2691   -2.068575
    2692   -2.068575
    2693   -2.061305
    2694   -2.061305
    2695   -2.057640
    2696   -2.057640
    2697   -2.057083
    2698   -2.057083
    2699   -2.057738
    2700   -2.057738
    2701   -2.058475
    2702   -2.058475
    2703   -2.058791
    2704   -2.058791
    2705   -2.058515
    2706   -2.058515
    2707   -2.057568
    2708   -2.057568
    2709   -2.055902
    2710   -2.055902
    2711   -2.053366
    2712   -2.053366
    2713   -2.049946
    2714   -2.049946
    2715   -2.045839
    2716   -2.045839
    2717   -2.040871
    2718   -2.040871
    2719   -2.034876
    2720   -2.034876
    2721   -2.027858
    2722   -2.027858
    2723   -2.019810
    2724   -2.019810
    2725   -2.010735
    2726   -2.010735
    2727   -2.000514
    2728   -2.000514
    2729   -1.989020
    2730   -1.989020
    2731   -1.976151
    2732   -1.976151
    2733   -1.961902
    2734   -1.961902
    2735   -1.946098
    2736   -1.946098
    2737   -1.928525
    2738   -1.928525
    2739   -1.909055
    2740   -1.909055
    2741   -1.887232
    2742   -1.887232
    2743   -1.862615
    2744   -1.862615
    2745   -1.834990
    2746   -1.834990
    2747   -1.804052
    2748   -1.804052
    2749   -1.769343
    2750   -1.769343
    2751   -1.730163
    2752   -1.730163
    2753   -1.685498
    2754   -1.685498
    2755   -1.633548
    2756   -1.633548
    2757   -1.572838
    2758   -1.572838
    2759   -1.501943
    2760   -1.501943
    2761   -1.419527
    2762   -1.419527
    2763   -1.322553
    2764   -1.322553
    2765   -1.203035
    2766   -1.203035
    2767   -1.058354
    2768   -1.058354
    2769   -0.898491
    2770   -0.898491
    2771   -0.765296
    2772   -0.765296
    2773   -3.124343
    2774   -3.124343
    2775   -3.127708
    2776   -3.127708
    2777   -3.130230
    2778   -3.130230
    2779   -3.129013
    2780   -3.129013
    2781   -3.125915
    2782   -3.125915
    2783   -3.122388
    2784   -3.122388
    2785   -3.119006
    2786   -3.119006
    2787   -3.115637
    2788   -3.115637
    2789   -3.112202
    2790   -3.112202
    2791   -3.108717
    2792   -3.108717
    2793   -3.105204
    2794   -3.105204
    2795   -3.101636
    2796   -3.101636
    2797   -3.097997
    2798   -3.097997
    2799   -3.094362
    2800   -3.094362
    2801   -3.090767
    2802   -3.090767
    2803   -3.087202
    2804   -3.087202
    2805   -3.083640
    2806   -3.083640
    2807   -3.080049
    2808   -3.080049
    2809   -3.076405
    2810   -3.076405
    2811   -3.072690
    2812   -3.072690
    2813   -3.068897
    2814   -3.068897
    2815   -3.065025
    2816   -3.065025
    2817   -3.061076
    2818   -3.061076
    2819   -3.057049
    2820   -3.057049
    2821   -3.052944
    2822   -3.052944
    2823   -3.048762
    2824   -3.048762
    2825   -3.044487
    2826   -3.044487
    2827   -3.040104
    2828   -3.040104
    2829   -3.035603
    2830   -3.035603
    2831   -3.030977
    2832   -3.030977
    2833   -3.026213
    2834   -3.026213
    2835   -3.021300
    2836   -3.021300
    2837   -3.016220
    2838   -3.016220
    2839   -3.010953
    2840   -3.010953
    2841   -3.005491
    2842   -3.005491
    2843   -2.999832
    2844   -2.999832
    2845   -2.993971
    2846   -2.993971
    2847   -2.987917
    2848   -2.987917
    2849   -2.981675
    2850   -2.981675
    2851   -2.975241
    2852   -2.975241
    2853   -2.968605
    2854   -2.968605
    2855   -2.961728
    2856   -2.961728
    2857   -2.954560
    2858   -2.954560
    2859   -2.947083
    2860   -2.947083
    2861   -2.939342
    2862   -2.939342
    2863   -2.931460
    2864   -2.931460
    2865   -2.923444
    2866   -2.923444
    2867   -2.915139
    2868   -2.915139
    2869   -2.906482
    2870   -2.906482
    2871   -2.897527
    2872   -2.897527
    2873   -2.888202
    2874   -2.888202
    2875   -2.878390
    2876   -2.878390
    2877   -2.868083
    2878   -2.868083
    2879   -2.857227
    2880   -2.857227
    2881   -2.845750
    2882   -2.845750
    2883   -2.833639
    2884   -2.833639
    2885   -2.820925
    2886   -2.820925
    2887   -2.807803
    2888   -2.807803
    2889   -2.794975
    2890   -2.794975
    2891   -2.784258
    2892   -2.784258
    2893   -2.778058
    2894   -2.778058
    2895   -2.776239
    2896   -2.776239
    2897   -2.776060
    2898   -2.776060
    2899   -2.775646
    2900   -2.775646
    2901   -2.774532
    2902   -2.774532
    2903   -2.772632
    2904   -2.772632
    2905   -2.769926
    2906   -2.769926
    2907   -2.766643
    2908   -2.766643
    2909   -2.762648
    2910   -2.762648
    2911   -2.757478
    2912   -2.757478
    2913   -2.751112
    2914   -2.751112
    2915   -2.743629
    2916   -2.743629
    2917   -2.735020
    2918   -2.735020
    2919   -2.725173
    2920   -2.725173
    2921   -2.714021
    2922   -2.714021
    2923   -2.701505
    2924   -2.701505
    2925   -2.687386
    2926   -2.687386
    2927   -2.671532
    2928   -2.671532
    2929   -2.653835
    2930   -2.653835
    2931   -2.634125
    2932   -2.634125
    2933   -2.612264
    2934   -2.612264
    2935   -2.588143
    2936   -2.588143
    2937   -2.561619
    2938   -2.561619
    2939   -2.532140
    2940   -2.532140
    2941   -2.499151
    2942   -2.499151
    2943   -2.462394
    2944   -2.462394
    2945   -2.421348
    2946   -2.421348
    2947   -2.375380
    2948   -2.375380
    2949   -2.323698
    2950   -2.323698
    2951   -2.265101
    2952   -2.265101
    2953   -2.198109
    2954   -2.198109
    2955   -2.121287
    2956   -2.121287
    2957   -2.030613
    2958   -2.030613
    2959   -1.922684
    2960   -1.922684
    2961   -1.795045
    2962   -1.795045
    2963   -1.639739
    2964   -1.639739
    2965   -1.453190
    2966   -1.453190
    2967   -1.245489
    2968   -1.245489
    2969   -1.070786
    2970   -1.070786
    2971   -4.382494
    2972   -4.382494
    2973   -4.387783
    2974   -4.387783
    2975   -4.390815
    2976   -4.390815
    2977   -4.387531
    2978   -4.387531
    2979   -4.382860
    2980   -4.382860
    2981   -4.378601
    2982   -4.378601
    2983   -4.374516
    2984   -4.374516
    2985   -4.370433
    2986   -4.370433
    2987   -4.366251
    2988   -4.366251
    2989   -4.361948
    2990   -4.361948
    2991   -4.357518
    2992   -4.357518
    2993   -4.352931
    2994   -4.352931
    2995   -4.348186
    2996   -4.348186
    2997   -4.343337
    2998   -4.343337
    2999   -4.338445
    3000   -4.338445
    3001   -4.333562
    3002   -4.333562
    3003   -4.328669
    3004   -4.328669
    3005   -4.323696
    3006   -4.323696
    3007   -4.318634
    3008   -4.318634
    3009   -4.313519
    3010   -4.313519
    3011   -4.308327
    3012   -4.308327
    3013   -4.302990
    3014   -4.302990
    3015   -4.297489
    3016   -4.297489
    3017   -4.291843
    3018   -4.291843
    3019   -4.286046
    3020   -4.286046
    3021   -4.280077
    3022   -4.280077
    3023   -4.273913
    3024   -4.273913
    3025   -4.267534
    3026   -4.267534
    3027   -4.260949
    3028   -4.260949
    3029   -4.254199
    3030   -4.254199
    3031   -4.247280
    3032   -4.247280
    3033   -4.240156
    3034   -4.240156
    3035   -4.232815
    3036   -4.232815
    3037   -4.225255
    3038   -4.225255
    3039   -4.217455
    3040   -4.217455
    3041   -4.209372
    3042   -4.209372
    3043   -4.200987
    3044   -4.200987
    3045   -4.192302
    3046   -4.192302
    3047   -4.183325
    3048   -4.183325
    3049   -4.174050
    3050   -4.174050
    3051   -4.164451
    3052   -4.164451
    3053   -4.154486
    3054   -4.154486
    3055   -4.144098
    3056   -4.144098
    3057   -4.133231
    3058   -4.133231
    3059   -4.122035
    3060   -4.122035
    3061   -4.110816
    3062   -4.110816
    3063   -4.099511
    3064   -4.099511
    3065   -4.087782
    3066   -4.087782
    3067   -4.075499
    3068   -4.075499
    3069   -4.062697
    3070   -4.062697
    3071   -4.049332
    3072   -4.049332
    3073   -4.035300
    3074   -4.035300
    3075   -4.020568
    3076   -4.020568
    3077   -4.005093
    3078   -4.005093
    3079   -3.988790
    3080   -3.988790
    3081   -3.971595
    3082   -3.971595
    3083   -3.953450
    3084   -3.953450
    3085   -3.934497
    3086   -3.934497
    3087   -3.915814
    3088   -3.915814
    3089   -3.900057
    3090   -3.900057
    3091   -3.890454
    3092   -3.890454
    3093   -3.886848
    3094   -3.886848
    3095   -3.885446
    3096   -3.885446
    3097   -3.883680
    3098   -3.883680
    3099   -3.881027
    3100   -3.881027
    3101   -3.877272
    3102   -3.877272
    3103   -3.872374
    3104   -3.872374
    3105   -3.866492
    3106   -3.866492
    3107   -3.859649
    3108   -3.859649
    3109   -3.851449
    3110   -3.851449
    3111   -3.841449
    3112   -3.841449
    3113   -3.829791
    3114   -3.829791
    3115   -3.816602
    3116   -3.816602
    3117   -3.801702
    3118   -3.801702
    3119   -3.785011
    3120   -3.785011
    3121   -3.766372
    3122   -3.766372
    3123   -3.745531
    3124   -3.745531
    3125   -3.722382
    3126   -3.722382
    3127   -3.696709
    3128   -3.696709
    3129   -3.668131
    3130   -3.668131
    3131   -3.636572
    3132   -3.636572
    3133   -3.601928
    3134   -3.601928
    3135   -3.563850
    3136   -3.563850
    3137   -3.521774
    3138   -3.521774
    3139   -3.475088
    3140   -3.475088
    3141   -3.423260
    3142   -3.423260
    3143   -3.365526
    3144   -3.365526
    3145   -3.300982
    3146   -3.300982
    3147   -3.228602
    3148   -3.228602
    3149   -3.147033
    3150   -3.147033
    3151   -3.054281
    3152   -3.054281
    3153   -2.948034
    3154   -2.948034
    3155   -2.823764
    3156   -2.823764
    3157   -2.676427
    3158   -2.676427
    3159   -2.500544
    3160   -2.500544
    3161   -2.289368
    3162   -2.289368
    3163   -2.039924
    3164   -2.039924
    3165   -1.761580
    3166   -1.761580
    3167   -1.527057
    3168   -1.527057
    3169   -6.559955
    3170   -6.559955
    3171   -6.565300
    3172   -6.565300
    3173   -6.565479
    3174   -6.565479
    3175   -6.556798
    3176   -6.556798
    3177   -6.548382
    3178   -6.548382
    3179   -6.542014
    3180   -6.542014
    3181   -6.536159
    3182   -6.536159
    3183   -6.530440
    3184   -6.530440
    3185   -6.524653
    3186   -6.524653
    3187   -6.518665
    3188   -6.518665
    3189   -6.512422
    3190   -6.512422
    3191   -6.505911
    3192   -6.505911
    3193   -6.499149
    3194   -6.499149
    3195   -6.492163
    3196   -6.492163
    3197   -6.485005
    3198   -6.485005
    3199   -6.477743
    3200   -6.477743
    3201   -6.470374
    3202   -6.470374
    3203   -6.462858
    3204   -6.462858
    3205   -6.455212
    3206   -6.455212
    3207   -6.447490
    3208   -6.447490
    3209   -6.439657
    3210   -6.439657
    3211   -6.431611
    3212   -6.431611
    3213   -6.423302
    3214   -6.423302
    3215   -6.414711
    3216   -6.414711
    3217   -6.405811
    3218   -6.405811
    3219   -6.396571
    3220   -6.396571
    3221   -6.386969
    3222   -6.386969
    3223   -6.376994
    3224   -6.376994
    3225   -6.366669
    3226   -6.366669
    3227   -6.356054
    3228   -6.356054
    3229   -6.345157
    3230   -6.345157
    3231   -6.333955
    3232   -6.333955
    3233   -6.322442
    3234   -6.322442
    3235   -6.310615
    3236   -6.310615
    3237   -6.298444
    3238   -6.298444
    3239   -6.285874
    3240   -6.285874
    3241   -6.272865
    3242   -6.272865
    3243   -6.259373
    3244   -6.259373
    3245   -6.245391
    3246   -6.245391
    3247   -6.230931
    3248   -6.230931
    3249   -6.215952
    3250   -6.215952
    3251   -6.200416
    3252   -6.200416
    3253   -6.184272
    3254   -6.184272
    3255   -6.167446
    3256   -6.167446
    3257   -6.150144
    3258   -6.150144
    3259   -6.132737
    3260   -6.132737
    3261   -6.115093
    3262   -6.115093
    3263   -6.096787
    3264   -6.096787
    3265   -6.077629
    3266   -6.077629
    3267   -6.057574
    3268   -6.057574
    3269   -6.036621
    3270   -6.036621
    3271   -6.014749
    3272   -6.014749
    3273   -5.991900
    3274   -5.991900
    3275   -5.968007
    3276   -5.968007
    3277   -5.942962
    3278   -5.942962
    3279   -5.916683
    3280   -5.916683
    3281   -5.889037
    3282   -5.889037
    3283   -5.860019
    3284   -5.860019
    3285   -5.830783
    3286   -5.830783
    3287   -5.805643
    3288   -5.805643
    3289   -5.790180
    3290   -5.790180
    3291   -5.783812
    3292   -5.783812
    3293   -5.780573
    3294   -5.780573
    3295   -5.776966
    3296   -5.776966
    3297   -5.772321
    3298   -5.772321
    3299   -5.766067
    3300   -5.766067
    3301   -5.757887
    3302   -5.757887
    3303   -5.747644
    3304   -5.747644
    3305   -5.735479
    3306   -5.735479
    3307   -5.721398
    3308   -5.721398
    3309   -5.704823
    3310   -5.704823
    3311   -5.685743
    3312   -5.685743
    3313   -5.664288
    3314   -5.664288
    3315   -5.640259
    3316   -5.640259
    3317   -5.613458
    3318   -5.613458
    3319   -5.583612
    3320   -5.583612
    3321   -5.550573
    3322   -5.550573
    3323   -5.514244
    3324   -5.514244
    3325   -5.474237
    3326   -5.474237
    3327   -5.429915
    3328   -5.429915
    3329   -5.381051
    3330   -5.381051
    3331   -5.327490
    3332   -5.327490
    3333   -5.268688
    3334   -5.268688
    3335   -5.203950
    3336   -5.203950
    3337   -5.132548
    3338   -5.132548
    3339   -5.053532
    3340   -5.053532
    3341   -4.965658
    3342   -4.965658
    3343   -4.867475
    3344   -4.867475
    3345   -4.757497
    3346   -4.757497
    3347   -4.633916
    3348   -4.633916
    3349   -4.493743
    3350   -4.493743
    3351   -4.333093
    3352   -4.333093
    3353   -4.146906
    3354   -4.146906
    3355   -3.928671
    3356   -3.928671
    3357   -3.668849
    3358   -3.668849
    3359   -3.360006
    3360   -3.360006
    3361   -2.998525
    3362   -2.998525
    3363   -2.598071
    3364   -2.598071
    3365   -2.263745
    3366   -2.263745
    3367  -10.672122
    3368  -10.672122
    3369  -10.674916
    3370  -10.674916
    3371  -10.667757
    3372  -10.667757
    3373  -10.650246
    3374  -10.650246
    3375  -10.636150
    3376  -10.636150
    3377  -10.625899
    3378  -10.625899
    3379  -10.616693
    3380  -10.616693
    3381  -10.607765
    3382  -10.607765
    3383  -10.598719
    3384  -10.598719
    3385  -10.589298
    3386  -10.589298
    3387  -10.579407
    3388  -10.579407
    3389  -10.569058
    3390  -10.569058
    3391  -10.558290
    3392  -10.558290
    3393  -10.547123
    3394  -10.547123
    3395  -10.535572
    3396  -10.535572
    3397  -10.523642
    3398  -10.523642
    3399  -10.511363
    3400  -10.511363
    3401  -10.498841
    3402  -10.498841
    3403  -10.486149
    3404  -10.486149
    3405  -10.473300
    3406  -10.473300
    3407  -10.460227
    3408  -10.460227
    3409  -10.446838
    3410  -10.446838
    3411  -10.433030
    3412  -10.433030
    3413  -10.418689
    3414  -10.418689
    3415  -10.403727
    3416  -10.403727
    3417  -10.388107
    3418  -10.388107
    3419  -10.371832
    3420  -10.371832
    3421  -10.354918
    3422  -10.354918
    3423  -10.337394
    3424  -10.337394
    3425  -10.319293
    3426  -10.319293
    3427  -10.300655
    3428  -10.300655
    3429  -10.281516
    3430  -10.281516
    3431  -10.261872
    3432  -10.261872
    3433  -10.241698
    3434  -10.241698
    3435  -10.220953
    3436  -10.220953
    3437  -10.199600
    3438  -10.199600
    3439  -10.177581
    3440  -10.177581
    3441  -10.154771
    3442  -10.154771
    3443  -10.131087
    3444  -10.131087
    3445  -10.106560
    3446  -10.106560
    3447  -10.081184
    3448  -10.081184
    3449  -10.054886
    3450  -10.054886
    3451  -10.027619
    3452  -10.027619
    3453   -9.999359
    3454   -9.999359
    3455   -9.970343
    3456   -9.970343
    3457   -9.940888
    3458   -9.940888
    3459   -9.910763
    3460   -9.910763
    3461   -9.879477
    3462   -9.879477
    3463   -9.846791
    3464   -9.846791
    3465   -9.812593
    3466   -9.812593
    3467   -9.776914
    3468   -9.776914
    3469   -9.739785
    3470   -9.739785
    3471   -9.701106
    3472   -9.701106
    3473   -9.660801
    3474   -9.660801
    3475   -9.618734
    3476   -9.618734
    3477   -9.574737
    3478   -9.574737
    3479   -9.528616
    3480   -9.528616
    3481   -9.480401
    3482   -9.480401
    3483   -9.431016
    3484   -9.431016
    3485   -9.387050
    3486   -9.387050
    3487   -9.359217
    3488   -9.359217
    3489   -9.347362
    3490   -9.347362
    3491   -9.341456
    3492   -9.341456
    3493   -9.335324
    3494   -9.335324
    3495   -9.327219
    3496   -9.327219
    3497   -9.316211
    3498   -9.316211
    3499   -9.301904
    3500   -9.301904
    3501   -9.284070
    3502   -9.284070
    3503   -9.262740
    3504   -9.262740
    3505   -9.237935
    3506   -9.237935
    3507   -9.209251
    3508   -9.209251
    3509   -9.176566
    3510   -9.176566
    3511   -9.139841
    3512   -9.139841
    3513   -9.098792
    3514   -9.098792
    3515   -9.053021
    3516   -9.053021
    3517   -9.002135
    3518   -9.002135
    3519   -8.945958
    3520   -8.945958
    3521   -8.884289
    3522   -8.884289
    3523   -8.816619
    3524   -8.816619
    3525   -8.742017
    3526   -8.742017
    3527   -8.659779
    3528   -8.659779
    3529   -8.569534
    3530   -8.569534
    3531   -8.470597
    3532   -8.470597
    3533   -8.361937
    3534   -8.361937
    3535   -8.242426
    3536   -8.242426
    3537   -8.110527
    3538   -8.110527
    3539   -7.964167
    3540   -7.964167
    3541   -7.800755
    3542   -7.800755
    3543   -7.617773
    3544   -7.617773
    3545   -7.412254
    3546   -7.412254
    3547   -7.179809
    3548   -7.179809
    3549   -6.914478
    3550   -6.914478
    3551   -6.608550
    3552   -6.608550
    3553   -6.251697
    3554   -6.251697
    3555   -5.829870
    3556   -5.829870
    3557   -5.330617
    3558   -5.330617
    3559   -4.746440
    3560   -4.746440
    3561   -4.106754
    3562   -4.106754
    3563   -3.578765
    3564   -3.578765
    3565  -18.525982
    3566  -18.525982
    3567  -18.522192
    3568  -18.522192
    3569  -18.498712
    3570  -18.498712
    3571  -18.465232
    3572  -18.465232
    3573  -18.442463
    3574  -18.442463
    3575  -18.425513
    3576  -18.425513
    3577  -18.410065
    3578  -18.410065
    3579  -18.394942
    3580  -18.394942
    3581  -18.379513
    3582  -18.379513
    3583  -18.363391
    3584  -18.363391
    3585  -18.346431
    3586  -18.346431
    3587  -18.328656
    3588  -18.328656
    3589  -18.310148
    3590  -18.310148
    3591  -18.290906
    3592  -18.290906
    3593  -18.270883
    3594  -18.270883
    3595  -18.249974
    3596  -18.249974
    3597  -18.228255
    3598  -18.228255
    3599  -18.206113
    3600  -18.206113
    3601  -18.183754
    3602  -18.183754
    3603  -18.161093
    3604  -18.161093
    3605  -18.137986
    3606  -18.137986
    3607  -18.114331
    3608  -18.114331
    3609  -18.089947
    3610  -18.089947
    3611  -18.064598
    3612  -18.064598
    3613  -18.038064
    3614  -18.038064
    3615  -18.010255
    3616  -18.010255
    3617  -17.981243
    3618  -17.981243
    3619  -17.951093
    3620  -17.951093
    3621  -17.919840
    3622  -17.919840
    3623  -17.887480
    3624  -17.887480
    3625  -17.854106
    3626  -17.854106
    3627  -17.819857
    3628  -17.819857
    3629  -17.784730
    3630  -17.784730
    3631  -17.748650
    3632  -17.748650
    3633  -17.711556
    3634  -17.711556
    3635  -17.673421
    3636  -17.673421
    3637  -17.634187
    3638  -17.634187
    3639  -17.593640
    3640  -17.593640
    3641  -17.551483
    3642  -17.551483
    3643  -17.507756
    3644  -17.507756
    3645  -17.462579
    3646  -17.462579
    3647  -17.415757
    3648  -17.415757
    3649  -17.367232
    3650  -17.367232
    3651  -17.317093
    3652  -17.317093
    3653  -17.265658
    3654  -17.265658
    3655  -17.213313
    3656  -17.213313
    3657  -17.159572
    3658  -17.159572
    3659  -17.103591
    3660  -17.103591
    3661  -17.045083
    3662  -17.045083
    3663  -16.983892
    3664  -16.983892
    3665  -16.920130
    3666  -16.920130
    3667  -16.853905
    3668  -16.853905
    3669  -16.784990
    3670  -16.784990
    3671  -16.713327
    3672  -16.713327
    3673  -16.638727
    3674  -16.638727
    3675  -16.560787
    3676  -16.560787
    3677  -16.479170
    3678  -16.479170
    3679  -16.393971
    3680  -16.393971
    3681  -16.305824
    3682  -16.305824
    3683  -16.225366
    3684  -16.225366
    3685  -16.173051
    3686  -16.173051
    3687  -16.150464
    3688  -16.150464
    3689  -16.140917
    3690  -16.140917
    3691  -16.132163
    3692  -16.132163
    3693  -16.118190
    3694  -16.118190
    3695  -16.098001
    3696  -16.098001
    3697  -16.072349
    3698  -16.072349
    3699  -16.040795
    3700  -16.040795
    3701  -16.003031
    3702  -16.003031
    3703  -15.958844
    3704  -15.958844
    3705  -15.907950
    3706  -15.907950
    3707  -15.850111
    3708  -15.850111
    3709  -15.785078
    3710  -15.785078
    3711  -15.712307
    3712  -15.712307
    3713  -15.631109
    3714  -15.631109
    3715  -15.540873
    3716  -15.540873
    3717  -15.441144
    3718  -15.441144
    3719  -15.331555
    3720  -15.331555
    3721  -15.211526
    3722  -15.211526
    3723  -15.079500
    3724  -15.079500
    3725  -14.933857
    3726  -14.933857
    3727  -14.773719
    3728  -14.773719
    3729  -14.598341
    3730  -14.598341
    3731  -14.406171
    3732  -14.406171
    3733  -14.194844
    3734  -14.194844
    3735  -13.961870
    3736  -13.961870
    3737  -13.703949
    3738  -13.703949
    3739  -13.416169
    3740  -13.416169
    3741  -13.093921
    3742  -13.093921
    3743  -12.731966
    3744  -12.731966
    3745  -12.323415
    3746  -12.323415
    3747  -11.858654
    3748  -11.858654
    3749  -11.324405
    3750  -11.324405
    3751  -10.702245
    3752  -10.702245
    3753   -9.969152
    3754   -9.969152
    3755   -9.099767
    3756   -9.099767
    3757   -8.075100
    3758   -8.075100
    3759   -6.949082
    3760   -6.949082
    3761   -6.016849
    3762   -6.016849
    3763  -30.358241
    3764  -30.358241
    3765  -30.348011
    3766  -30.348011
    3767  -30.302739
    3768  -30.302739
    3769  -30.245917
    3770  -30.245917
    3771  -30.210409
    3772  -30.210409
    3773  -30.183303
    3774  -30.183303
    3775  -30.158489
    3776  -30.158489
    3777  -30.134005
    3778  -30.134005
    3779  -30.108907
    3780  -30.108907
    3781  -30.082680
    3782  -30.082680
    3783  -30.055096
    3784  -30.055096
    3785  -30.026164
    3786  -30.026164
    3787  -29.996026
    3788  -29.996026
    3789  -29.964659
    3790  -29.964659
    3791  -29.931954
    3792  -29.931954
    3793  -29.897639
    3794  -29.897639
    3795  -29.861829
    3796  -29.861829
    3797  -29.825341
    3798  -29.825341
    3799  -29.788584
    3800  -29.788584
    3801  -29.751334
    3802  -29.751334
    3803  -29.713310
    3804  -29.713310
    3805  -29.674372
    3806  -29.674372
    3807  -29.634234
    3808  -29.634234
    3809  -29.592531
    3810  -29.592531
    3811  -29.548821
    3812  -29.548821
    3813  -29.502899
    3814  -29.502899
    3815  -29.454958
    3816  -29.454958
    3817  -29.405135
    3818  -29.405135
    3819  -29.353485
    3820  -29.353485
    3821  -29.299953
    3822  -29.299953
    3823  -29.244709
    3824  -29.244709
    3825  -29.188049
    3826  -29.188049
    3827  -29.129959
    3828  -29.129959
    3829  -29.070287
    3830  -29.070287
    3831  -29.008935
    3832  -29.008935
    3833  -28.945869
    3834  -28.945869
    3835  -28.881061
    3836  -28.881061
    3837  -28.814202
    3838  -28.814202
    3839  -28.744610
    3840  -28.744610
    3841  -28.672346
    3842  -28.672346
    3843  -28.597776
    3844  -28.597776
    3845  -28.520449
    3846  -28.520449
    3847  -28.440287
    3848  -28.440287
    3849  -28.357548
    3850  -28.357548
    3851  -28.272695
    3852  -28.272695
    3853  -28.186421
    3854  -28.186421
    3855  -28.097788
    3856  -28.097788
    3857  -28.005205
    3858  -28.005205
    3859  -27.908360
    3860  -27.908360
    3861  -27.807059
    3862  -27.807059
    3863  -27.701567
    3864  -27.701567
    3865  -27.592147
    3866  -27.592147
    3867  -27.478310
    3868  -27.478310
    3869  -27.360024
    3870  -27.360024
    3871  -27.237023
    3872  -27.237023
    3873  -27.108517
    3874  -27.108517
    3875  -26.973866
    3876  -26.973866
    3877  -26.832784
    3878  -26.832784
    3879  -26.684959
    3880  -26.684959
    3881  -26.548297
    3882  -26.548297
    3883  -26.459546
    3884  -26.459546
    3885  -26.421996
    3886  -26.421996
    3887  -26.408590
    3888  -26.408590
    3889  -26.397902
    3890  -26.397902
    3891  -26.375867
    3892  -26.375867
    3893  -26.341989
    3894  -26.341989
    3895  -26.299842
    3896  -26.299842
    3897  -26.248255
    3898  -26.248255
    3899  -26.186406
    3900  -26.186406
    3901  -26.113916
    3902  -26.113916
    3903  -26.030461
    3904  -26.030461
    3905  -25.935604
    3906  -25.935604
    3907  -25.828962
    3908  -25.828962
    3909  -25.709554
    3910  -25.709554
    3911  -25.576209
    3912  -25.576209
    3913  -25.427925
    3914  -25.427925
    3915  -25.263790
    3916  -25.263790
    3917  -25.083361
    3918  -25.083361
    3919  -24.886024
    3920  -24.886024
    3921  -24.669031
    3922  -24.669031
    3923  -24.429356
    3924  -24.429356
    3925  -24.165364
    3926  -24.165364
    3927  -23.876446
    3928  -23.876446
    3929  -23.560384
    3930  -23.560384
    3931  -23.212534
    3932  -23.212534
    3933  -22.829167
    3934  -22.829167
    3935  -22.405455
    3936  -22.405455
    3937  -21.932705
    3938  -21.932705
    3939  -21.403229
    3940  -21.403229
    3941  -20.808621
    3942  -20.808621
    3943  -20.138236
    3944  -20.138236
    3945  -19.376632
    3946  -19.376632
    3947  -18.502133
    3948  -18.502133
    3949  -17.483907
    3950  -17.483907
    3951  -16.284605
    3952  -16.284605
    3953  -14.857511
    3954  -14.857511
    3955  -13.156166
    3956  -13.156166
    3957  -11.251444
    3958  -11.251444
    3959   -9.652206
    3960   -9.652206
