       1    0.000602
       2    0.000602
       3    0.000592
       4    0.000592
       5    0.000581
       6    0.000581
       7    0.000580
       8    0.000580
       9    0.000585
      10    0.000585
      11    0.000587
      12    0.000587
      13    0.000588
      14    0.000588
      15    0.000588
      16    0.000588
      17    0.000588
      18    0.000588
      19    0.000588
      20    0.000588
      21    0.000587
      22    0.000587
      23    0.000585
      24    0.000585
      25    0.000583
      26    0.000583
      27    0.000581
      28    0.000581
      29    0.000580
      30    0.000580
      31    0.000579
      32    0.000579
      33    0.000578
      34    0.000578
      35    0.000577
      36    0.000577
      37    0.000576
      38    0.000576
      39    0.000576
      40    0.000576
      41    0.000575
      42    0.000575
      43    0.000575
      44    0.000575
      45    0.000575
      46    0.000575
      47    0.000575
      48    0.000575
      49    0.000575
      50    0.000575
      51    0.000576
      52    0.000576
      53    0.000577
      54    0.000577
      55    0.000577
      56    0.000577
      57    0.000578
      58    0.000578
      59    0.000579
      60    0.000579
      61    0.000580
      62    0.000580
      63    0.000581
      64    0.000581
      65    0.000582
      66    0.000582
      67    0.000583
      68    0.000583
      69    0.000585
      70    0.000585
      71    0.000586
      72    0.000586
      73    0.000587
      74    0.000587
      75    0.000589
      76    0.000589
      77    0.000591
      78    0.000591
      79    0.000593
      80    0.000593
      81    0.000594
      82    0.000594
      83    0.000596
      84    0.000596
      85    0.000598
      86    0.000598
      87    0.000600
      88    0.000600
      89    0.000602
      90    0.000602
      91    0.000605
      92    0.000605
      93    0.000608
      94    0.000608
      95    0.000612
      96    0.000612
      97    0.000618
      98    0.000618
      99    0.000628
     100    0.000628
     101    0.000642
     102    0.000642
     103    0.000661
     104    0.000661
     105    0.000679
     106    0.000679
     107    0.000691
     108    0.000691
     109    0.000698
     110    0.000698
     111    0.000704
     112    0.000704
     113    0.000709
     114    0.000709
     115    0.000713
     116    0.000713
     117    0.000715
     118    0.000715
     119    0.000717
     120    0.000717
     121    0.000724
     122    0.000724
     123    0.000740
     124    0.000740
     125    0.000761
     126    0.000761
     127    0.000785
     128    0.000785
     129    0.000810
     130    0.000810
     131    0.000838
     132    0.000838
     133    0.000866
     134    0.000866
     135    0.000895
     136    0.000895
     137    0.000926
     138    0.000926
     139    0.000957
     140    0.000957
     141    0.000989
     142    0.000989
     143    0.001022
     144    0.001022
     145    0.001055
     146    0.001055
     147    0.001088
     148    0.001088
     149    0.001120
     150    0.001120
     151    0.001150
     152    0.001150
     153    0.001179
     154    0.001179
     155    0.001205
     156    0.001205
     157    0.001224
     158    0.001224
     159    0.001236
     160    0.001236
     161    0.001238
     162    0.001238
     163    0.001228
     164    0.001228
     165    0.001196
     166    0.001196
     167    0.001142
     168    0.001142
     169    0.001077
     170    0.001077
     171    0.000998
     172    0.000998
     173    0.000885
     174    0.000885
     175    0.000722
     176    0.000722
     177    0.000508
     178    0.000508
     179    0.000252
     180    0.000252
     181   -0.000049
     182   -0.000049
     183   -0.000394
     184   -0.000394
     185   -0.000769
     186   -0.000769
     187   -0.001124
     188   -0.001124
     189   -0.001430
     190   -0.001430
     191   -0.001609
     192   -0.001609
     193   -0.002026
     194   -0.002026
     195   -0.003175
     196   -0.003175
     197   -0.004295
     198   -0.004295
     199    0.001745
     200    0.001745
     201    0.001727
     202    0.001727
     203    0.001709
     204    0.001709
     205    0.001713
     206    0.001713
     207    0.001721
     208    0.001721
     209    0.001723
     210    0.001723
     211    0.001724
     212    0.001724
     213    0.001724
     214    0.001724
     215    0.001725
     216    0.001725
     217    0.001723
     218    0.001723
     219    0.001720
     220    0.001720
     221    0.001714
     222    0.001714
     223    0.001709
     224    0.001709
     225    0.001704
     226    0.001704
     227    0.001700
     228    0.001700
     229    0.001696
     230    0.001696
     231    0.001694
     232    0.001694
     233    0.001691
     234    0.001691
     235    0.001689
     236    0.001689
     237    0.001687
     238    0.001687
     239    0.001686
     240    0.001686
     241    0.001685
     242    0.001685
     243    0.001686
     244    0.001686
     245    0.001686
     246    0.001686
     247    0.001687
     248    0.001687
     249    0.001689
     250    0.001689
     251    0.001691
     252    0.001691
     253    0.001693
     254    0.001693
     255    0.001695
     256    0.001695
     257    0.001698
     258    0.001698
     259    0.001700
     260    0.001700
     261    0.001703
     262    0.001703
     263    0.001707
     264    0.001707
     265    0.001710
     266    0.001710
     267    0.001714
     268    0.001714
     269    0.001717
     270    0.001717
     271    0.001721
     272    0.001721
     273    0.001726
     274    0.001726
     275    0.001730
     276    0.001730
     277    0.001736
     278    0.001736
     279    0.001741
     280    0.001741
     281    0.001745
     282    0.001745
     283    0.001750
     284    0.001750
     285    0.001756
     286    0.001756
     287    0.001763
     288    0.001763
     289    0.001771
     290    0.001771
     291    0.001781
     292    0.001781
     293    0.001792
     294    0.001792
     295    0.001809
     296    0.001809
     297    0.001835
     298    0.001835
     299    0.001874
     300    0.001874
     301    0.001924
     302    0.001924
     303    0.001972
     304    0.001972
     305    0.002003
     306    0.002003
     307    0.002020
     308    0.002020
     309    0.002036
     310    0.002036
     311    0.002051
     312    0.002051
     313    0.002064
     314    0.002064
     315    0.002074
     316    0.002074
     317    0.002082
     318    0.002082
     319    0.002106
     320    0.002106
     321    0.002154
     322    0.002154
     323    0.002217
     324    0.002217
     325    0.002287
     326    0.002287
     327    0.002363
     328    0.002363
     329    0.002443
     330    0.002443
     331    0.002525
     332    0.002525
     333    0.002609
     334    0.002609
     335    0.002697
     336    0.002697
     337    0.002788
     338    0.002788
     339    0.002880
     340    0.002880
     341    0.002973
     342    0.002973
     343    0.003068
     344    0.003068
     345    0.003162
     346    0.003162
     347    0.003252
     348    0.003252
     349    0.003338
     350    0.003338
     351    0.003420
     352    0.003420
     353    0.003492
     354    0.003492
     355    0.003548
     356    0.003548
     357    0.003581
     358    0.003581
     359    0.003587
     360    0.003587
     361    0.003560
     362    0.003560
     363    0.003481
     364    0.003481
     365    0.003346
     366    0.003346
     367    0.003174
     368    0.003174
     369    0.002963
     370    0.002963
     371    0.002664
     372    0.002664
     373    0.002236
     374    0.002236
     375    0.001677
     376    0.001677
     377    0.001006
     378    0.001006
     379    0.000210
     380    0.000210
     381   -0.000693
     382   -0.000693
     383   -0.001653
     384   -0.001653
     385   -0.002533
     386   -0.002533
     387   -0.003264
     388   -0.003264
     389   -0.003714
     390   -0.003714
     391   -0.004614
     392   -0.004614
     393   -0.006660
     394   -0.006660
     395   -0.008301
     396   -0.008301
     397    0.002796
     398    0.002796
     399    0.002784
     400    0.002784
     401    0.002778
     402    0.002778
     403    0.002790
     404    0.002790
     405    0.002798
     406    0.002798
     407    0.002797
     408    0.002797
     409    0.002797
     410    0.002797
     411    0.002797
     412    0.002797
     413    0.002797
     414    0.002797
     415    0.002795
     416    0.002795
     417    0.002790
     418    0.002790
     419    0.002783
     420    0.002783
     421    0.002775
     422    0.002775
     423    0.002767
     424    0.002767
     425    0.002760
     426    0.002760
     427    0.002754
     428    0.002754
     429    0.002749
     430    0.002749
     431    0.002745
     432    0.002745
     433    0.002742
     434    0.002742
     435    0.002739
     436    0.002739
     437    0.002736
     438    0.002736
     439    0.002735
     440    0.002735
     441    0.002736
     442    0.002736
     443    0.002737
     444    0.002737
     445    0.002739
     446    0.002739
     447    0.002742
     448    0.002742
     449    0.002744
     450    0.002744
     451    0.002747
     452    0.002747
     453    0.002751
     454    0.002751
     455    0.002755
     456    0.002755
     457    0.002759
     458    0.002759
     459    0.002764
     460    0.002764
     461    0.002769
     462    0.002769
     463    0.002775
     464    0.002775
     465    0.002780
     466    0.002780
     467    0.002786
     468    0.002786
     469    0.002792
     470    0.002792
     471    0.002798
     472    0.002798
     473    0.002805
     474    0.002805
     475    0.002813
     476    0.002813
     477    0.002821
     478    0.002821
     479    0.002828
     480    0.002828
     481    0.002836
     482    0.002836
     483    0.002847
     484    0.002847
     485    0.002858
     486    0.002858
     487    0.002870
     488    0.002870
     489    0.002885
     490    0.002885
     491    0.002902
     492    0.002902
     493    0.002926
     494    0.002926
     495    0.002961
     496    0.002961
     497    0.003013
     498    0.003013
     499    0.003078
     500    0.003078
     501    0.003135
     502    0.003135
     503    0.003163
     504    0.003163
     505    0.003178
     506    0.003178
     507    0.003197
     508    0.003197
     509    0.003221
     510    0.003221
     511    0.003245
     512    0.003245
     513    0.003268
     514    0.003268
     515    0.003291
     516    0.003291
     517    0.003336
     518    0.003336
     519    0.003417
     520    0.003417
     521    0.003520
     522    0.003520
     523    0.003633
     524    0.003633
     525    0.003755
     526    0.003755
     527    0.003883
     528    0.003883
     529    0.004013
     530    0.004013
     531    0.004148
     532    0.004148
     533    0.004288
     534    0.004288
     535    0.004431
     536    0.004431
     537    0.004577
     538    0.004577
     539    0.004725
     540    0.004725
     541    0.004875
     542    0.004875
     543    0.005023
     544    0.005023
     545    0.005165
     546    0.005165
     547    0.005300
     548    0.005300
     549    0.005429
     550    0.005429
     551    0.005545
     552    0.005545
     553    0.005636
     554    0.005636
     555    0.005695
     556    0.005695
     557    0.005714
     558    0.005714
     559    0.005691
     560    0.005691
     561    0.005608
     562    0.005608
     563    0.005456
     564    0.005456
     565    0.005244
     566    0.005244
     567    0.004973
     568    0.004973
     569    0.004591
     570    0.004591
     571    0.004043
     572    0.004043
     573    0.003330
     574    0.003330
     575    0.002460
     576    0.002460
     577    0.001415
     578    0.001415
     579    0.000228
     580    0.000228
     581   -0.000997
     582   -0.000997
     583   -0.002091
     584   -0.002091
     585   -0.003017
     586   -0.003017
     587   -0.003952
     588   -0.003952
     589   -0.005328
     590   -0.005328
     591   -0.006766
     592   -0.006766
     593   -0.007200
     594   -0.007200
     595    0.003827
     596    0.003827
     597    0.003812
     598    0.003812
     599    0.003808
     600    0.003808
     601    0.003826
     602    0.003826
     603    0.003839
     604    0.003839
     605    0.003840
     606    0.003840
     607    0.003842
     608    0.003842
     609    0.003842
     610    0.003842
     611    0.003841
     612    0.003841
     613    0.003838
     614    0.003838
     615    0.003832
     616    0.003832
     617    0.003824
     618    0.003824
     619    0.003815
     620    0.003815
     621    0.003806
     622    0.003806
     623    0.003796
     624    0.003796
     625    0.003788
     626    0.003788
     627    0.003781
     628    0.003781
     629    0.003776
     630    0.003776
     631    0.003771
     632    0.003771
     633    0.003767
     634    0.003767
     635    0.003764
     636    0.003764
     637    0.003762
     638    0.003762
     639    0.003763
     640    0.003763
     641    0.003765
     642    0.003765
     643    0.003767
     644    0.003767
     645    0.003770
     646    0.003770
     647    0.003773
     648    0.003773
     649    0.003777
     650    0.003777
     651    0.003782
     652    0.003782
     653    0.003787
     654    0.003787
     655    0.003792
     656    0.003792
     657    0.003798
     658    0.003798
     659    0.003805
     660    0.003805
     661    0.003812
     662    0.003812
     663    0.003818
     664    0.003818
     665    0.003825
     666    0.003825
     667    0.003833
     668    0.003833
     669    0.003841
     670    0.003841
     671    0.003850
     672    0.003850
     673    0.003860
     674    0.003860
     675    0.003870
     676    0.003870
     677    0.003881
     678    0.003881
     679    0.003893
     680    0.003893
     681    0.003907
     682    0.003907
     683    0.003922
     684    0.003922
     685    0.003938
     686    0.003938
     687    0.003956
     688    0.003956
     689    0.003977
     690    0.003977
     691    0.004003
     692    0.004003
     693    0.004037
     694    0.004037
     695    0.004082
     696    0.004082
     697    0.004133
     698    0.004133
     699    0.004162
     700    0.004162
     701    0.004165
     702    0.004165
     703    0.004168
     704    0.004168
     705    0.004188
     706    0.004188
     707    0.004219
     708    0.004219
     709    0.004256
     710    0.004256
     711    0.004292
     712    0.004292
     713    0.004336
     714    0.004336
     715    0.004411
     716    0.004411
     717    0.004527
     718    0.004527
     719    0.004668
     720    0.004668
     721    0.004822
     722    0.004822
     723    0.004984
     724    0.004984
     725    0.005154
     726    0.005154
     727    0.005329
     728    0.005329
     729    0.005510
     730    0.005510
     731    0.005697
     732    0.005697
     733    0.005890
     734    0.005890
     735    0.006086
     736    0.006086
     737    0.006286
     738    0.006286
     739    0.006488
     740    0.006488
     741    0.006688
     742    0.006688
     743    0.006883
     744    0.006883
     745    0.007070
     746    0.007070
     747    0.007250
     748    0.007250
     749    0.007414
     750    0.007414
     751    0.007553
     752    0.007553
     753    0.007653
     754    0.007653
     755    0.007711
     756    0.007711
     757    0.007725
     758    0.007725
     759    0.007686
     760    0.007686
     761    0.007578
     762    0.007578
     763    0.007401
     764    0.007401
     765    0.007158
     766    0.007158
     767    0.006805
     768    0.006805
     769    0.006286
     770    0.006286
     771    0.005604
     772    0.005604
     773    0.004747
     774    0.004747
     775    0.003693
     776    0.003693
     777    0.002471
     778    0.002471
     779    0.001257
     780    0.001257
     781    0.000201
     782    0.000201
     783   -0.000843
     784   -0.000843
     785   -0.002543
     786   -0.002543
     787   -0.004774
     788   -0.004774
     789   -0.005914
     790   -0.005914
     791   -0.005757
     792   -0.005757
     793    0.004867
     794    0.004867
     795    0.004842
     796    0.004842
     797    0.004827
     798    0.004827
     799    0.004851
     800    0.004851
     801    0.004880
     802    0.004880
     803    0.004892
     804    0.004892
     805    0.004897
     806    0.004897
     807    0.004899
     808    0.004899
     809    0.004898
     810    0.004898
     811    0.004894
     812    0.004894
     813    0.004888
     814    0.004888
     815    0.004881
     816    0.004881
     817    0.004873
     818    0.004873
     819    0.004864
     820    0.004864
     821    0.004854
     822    0.004854
     823    0.004845
     824    0.004845
     825    0.004837
     826    0.004837
     827    0.004830
     828    0.004830
     829    0.004825
     830    0.004825
     831    0.004820
     832    0.004820
     833    0.004816
     834    0.004816
     835    0.004814
     836    0.004814
     837    0.004814
     838    0.004814
     839    0.004815
     840    0.004815
     841    0.004817
     842    0.004817
     843    0.004819
     844    0.004819
     845    0.004822
     846    0.004822
     847    0.004826
     848    0.004826
     849    0.004830
     850    0.004830
     851    0.004835
     852    0.004835
     853    0.004840
     854    0.004840
     855    0.004846
     856    0.004846
     857    0.004852
     858    0.004852
     859    0.004859
     860    0.004859
     861    0.004866
     862    0.004866
     863    0.004873
     864    0.004873
     865    0.004881
     866    0.004881
     867    0.004890
     868    0.004890
     869    0.004900
     870    0.004900
     871    0.004911
     872    0.004911
     873    0.004923
     874    0.004923
     875    0.004936
     876    0.004936
     877    0.004950
     878    0.004950
     879    0.004968
     880    0.004968
     881    0.004986
     882    0.004986
     883    0.005004
     884    0.005004
     885    0.005025
     886    0.005025
     887    0.005048
     888    0.005048
     889    0.005071
     890    0.005071
     891    0.005094
     892    0.005094
     893    0.005117
     894    0.005117
     895    0.005131
     896    0.005131
     897    0.005124
     898    0.005124
     899    0.005113
     900    0.005113
     901    0.005119
     902    0.005119
     903    0.005147
     904    0.005147
     905    0.005190
     906    0.005190
     907    0.005240
     908    0.005240
     909    0.005294
     910    0.005294
     911    0.005363
     912    0.005363
     913    0.005471
     914    0.005471
     915    0.005624
     916    0.005624
     917    0.005806
     918    0.005806
     919    0.006002
     920    0.006002
     921    0.006207
     922    0.006207
     923    0.006421
     924    0.006421
     925    0.006642
     926    0.006642
     927    0.006871
     928    0.006871
     929    0.007106
     930    0.007106
     931    0.007349
     932    0.007349
     933    0.007597
     934    0.007597
     935    0.007849
     936    0.007849
     937    0.008102
     938    0.008102
     939    0.008356
     940    0.008356
     941    0.008606
     942    0.008606
     943    0.008852
     944    0.008852
     945    0.009088
     946    0.009088
     947    0.009306
     948    0.009306
     949    0.009501
     950    0.009501
     951    0.009661
     952    0.009661
     953    0.009779
     954    0.009779
     955    0.009853
     956    0.009853
     957    0.009872
     958    0.009872
     959    0.009823
     960    0.009823
     961    0.009701
     962    0.009701
     963    0.009511
     964    0.009511
     965    0.009222
     966    0.009222
     967    0.008792
     968    0.008792
     969    0.008204
     970    0.008204
     971    0.007433
     972    0.007433
     973    0.006448
     974    0.006448
     975    0.005253
     976    0.005253
     977    0.004191
     978    0.004191
     979    0.003348
     980    0.003348
     981    0.002196
     982    0.002196
     983    0.000124
     984    0.000124
     985   -0.002357
     986   -0.002357
     987   -0.003576
     988   -0.003576
     989   -0.003647
     990   -0.003647
     991    0.005895
     992    0.005895
     993    0.005875
     994    0.005875
     995    0.005867
     996    0.005867
     997    0.005895
     998    0.005895
     999    0.005927
    1000    0.005927
    1001    0.005939
    1002    0.005939
    1003    0.005944
    1004    0.005944
    1005    0.005946
    1006    0.005946
    1007    0.005946
    1008    0.005946
    1009    0.005945
    1010    0.005945
    1011    0.005941
    1012    0.005941
    1013    0.005937
    1014    0.005937
    1015    0.005931
    1016    0.005931
    1017    0.005925
    1018    0.005925
    1019    0.005918
    1020    0.005918
    1021    0.005910
    1022    0.005910
    1023    0.005903
    1024    0.005903
    1025    0.005896
    1026    0.005896
    1027    0.005889
    1028    0.005889
    1029    0.005884
    1030    0.005884
    1031    0.005879
    1032    0.005879
    1033    0.005876
    1034    0.005876
    1035    0.005874
    1036    0.005874
    1037    0.005873
    1038    0.005873
    1039    0.005872
    1040    0.005872
    1041    0.005871
    1042    0.005871
    1043    0.005872
    1044    0.005872
    1045    0.005872
    1046    0.005872
    1047    0.005874
    1048    0.005874
    1049    0.005876
    1050    0.005876
    1051    0.005879
    1052    0.005879
    1053    0.005882
    1054    0.005882
    1055    0.005886
    1056    0.005886
    1057    0.005891
    1058    0.005891
    1059    0.005896
    1060    0.005896
    1061    0.005901
    1062    0.005901
    1063    0.005908
    1064    0.005908
    1065    0.005915
    1066    0.005915
    1067    0.005924
    1068    0.005924
    1069    0.005935
    1070    0.005935
    1071    0.005947
    1072    0.005947
    1073    0.005960
    1074    0.005960
    1075    0.005975
    1076    0.005975
    1077    0.005994
    1078    0.005994
    1079    0.006015
    1080    0.006015
    1081    0.006036
    1082    0.006036
    1083    0.006057
    1084    0.006057
    1085    0.006079
    1086    0.006079
    1087    0.006100
    1088    0.006100
    1089    0.006115
    1090    0.006115
    1091    0.006121
    1092    0.006121
    1093    0.006115
    1094    0.006115
    1095    0.006111
    1096    0.006111
    1097    0.006126
    1098    0.006126
    1099    0.006162
    1100    0.006162
    1101    0.006212
    1102    0.006212
    1103    0.006274
    1104    0.006274
    1105    0.006343
    1106    0.006343
    1107    0.006420
    1108    0.006420
    1109    0.006519
    1110    0.006519
    1111    0.006660
    1112    0.006660
    1113    0.006853
    1114    0.006853
    1115    0.007086
    1116    0.007086
    1117    0.007338
    1118    0.007338
    1119    0.007602
    1120    0.007602
    1121    0.007876
    1122    0.007876
    1123    0.008157
    1124    0.008157
    1125    0.008445
    1126    0.008445
    1127    0.008742
    1128    0.008742
    1129    0.009047
    1130    0.009047
    1131    0.009358
    1132    0.009358
    1133    0.009671
    1134    0.009671
    1135    0.009984
    1136    0.009984
    1137    0.010298
    1138    0.010298
    1139    0.010612
    1140    0.010612
    1141    0.010922
    1142    0.010922
    1143    0.011220
    1144    0.011220
    1145    0.011499
    1146    0.011499
    1147    0.011756
    1148    0.011756
    1149    0.011979
    1150    0.011979
    1151    0.012159
    1152    0.012159
    1153    0.012287
    1154    0.012287
    1155    0.012349
    1156    0.012349
    1157    0.012329
    1158    0.012329
    1159    0.012229
    1160    0.012229
    1161    0.012051
    1162    0.012051
    1163    0.011776
    1164    0.011776
    1165    0.011372
    1166    0.011372
    1167    0.010805
    1168    0.010805
    1169    0.010035
    1170    0.010035
    1171    0.009030
    1172    0.009030
    1173    0.007774
    1174    0.007774
    1175    0.006751
    1176    0.006751
    1177    0.005971
    1178    0.005971
    1179    0.004614
    1180    0.004614
    1181    0.002667
    1182    0.002667
    1183    0.000738
    1184    0.000738
    1185   -0.000468
    1186   -0.000468
    1187   -0.000912
    1188   -0.000912
    1189    0.006887
    1190    0.006887
    1191    0.006895
    1192    0.006895
    1193    0.006916
    1194    0.006916
    1195    0.006945
    1196    0.006945
    1197    0.006960
    1198    0.006960
    1199    0.006961
    1200    0.006961
    1201    0.006963
    1202    0.006963
    1203    0.006965
    1204    0.006965
    1205    0.006967
    1206    0.006967
    1207    0.006969
    1208    0.006969
    1209    0.006969
    1210    0.006969
    1211    0.006968
    1212    0.006968
    1213    0.006967
    1214    0.006967
    1215    0.006964
    1216    0.006964
    1217    0.006960
    1218    0.006960
    1219    0.006955
    1220    0.006955
    1221    0.006949
    1222    0.006949
    1223    0.006943
    1224    0.006943
    1225    0.006936
    1226    0.006936
    1227    0.006929
    1228    0.006929
    1229    0.006924
    1230    0.006924
    1231    0.006918
    1232    0.006918
    1233    0.006913
    1234    0.006913
    1235    0.006909
    1236    0.006909
    1237    0.006904
    1238    0.006904
    1239    0.006900
    1240    0.006900
    1241    0.006896
    1242    0.006896
    1243    0.006893
    1244    0.006893
    1245    0.006891
    1246    0.006891
    1247    0.006889
    1248    0.006889
    1249    0.006889
    1250    0.006889
    1251    0.006889
    1252    0.006889
    1253    0.006890
    1254    0.006890
    1255    0.006891
    1256    0.006891
    1257    0.006893
    1258    0.006893
    1259    0.006896
    1260    0.006896
    1261    0.006900
    1262    0.006900
    1263    0.006905
    1264    0.006905
    1265    0.006913
    1266    0.006913
    1267    0.006922
    1268    0.006922
    1269    0.006933
    1270    0.006933
    1271    0.006946
    1272    0.006946
    1273    0.006962
    1274    0.006962
    1275    0.006982
    1276    0.006982
    1277    0.007004
    1278    0.007004
    1279    0.007027
    1280    0.007027
    1281    0.007050
    1282    0.007050
    1283    0.007072
    1284    0.007072
    1285    0.007094
    1286    0.007094
    1287    0.007113
    1288    0.007113
    1289    0.007125
    1290    0.007125
    1291    0.007137
    1292    0.007137
    1293    0.007167
    1294    0.007167
    1295    0.007222
    1296    0.007222
    1297    0.007291
    1298    0.007291
    1299    0.007368
    1300    0.007368
    1301    0.007454
    1302    0.007454
    1303    0.007550
    1304    0.007550
    1305    0.007658
    1306    0.007658
    1307    0.007792
    1308    0.007792
    1309    0.007973
    1310    0.007973
    1311    0.008218
    1312    0.008218
    1313    0.008518
    1314    0.008518
    1315    0.008845
    1316    0.008845
    1317    0.009189
    1318    0.009189
    1319    0.009543
    1320    0.009543
    1321    0.009906
    1322    0.009906
    1323    0.010276
    1324    0.010276
    1325    0.010655
    1326    0.010655
    1327    0.011043
    1328    0.011043
    1329    0.011436
    1330    0.011436
    1331    0.011828
    1332    0.011828
    1333    0.012218
    1334    0.012218
    1335    0.012612
    1336    0.012612
    1337    0.013006
    1338    0.013006
    1339    0.013394
    1340    0.013394
    1341    0.013763
    1342    0.013763
    1343    0.014109
    1344    0.014109
    1345    0.014426
    1346    0.014426
    1347    0.014698
    1348    0.014698
    1349    0.014919
    1350    0.014919
    1351    0.015082
    1352    0.015082
    1353    0.015164
    1354    0.015164
    1355    0.015148
    1356    0.015148
    1357    0.015040
    1358    0.015040
    1359    0.014834
    1360    0.014834
    1361    0.014509
    1362    0.014509
    1363    0.014047
    1364    0.014047
    1365    0.013402
    1366    0.013402
    1367    0.012531
    1368    0.012531
    1369    0.011468
    1370    0.011468
    1371    0.010166
    1372    0.010166
    1373    0.008887
    1374    0.008887
    1375    0.007713
    1376    0.007713
    1377    0.006135
    1378    0.006135
    1379    0.004418
    1380    0.004418
    1381    0.002949
    1382    0.002949
    1383    0.001782
    1384    0.001782
    1385    0.001136
    1386    0.001136
    1387    0.007799
    1388    0.007799
    1389    0.007827
    1390    0.007827
    1391    0.007864
    1392    0.007864
    1393    0.007889
    1394    0.007889
    1395    0.007898
    1396    0.007898
    1397    0.007900
    1398    0.007900
    1399    0.007904
    1400    0.007904
    1401    0.007908
    1402    0.007908
    1403    0.007913
    1404    0.007913
    1405    0.007919
    1406    0.007919
    1407    0.007923
    1408    0.007923
    1409    0.007925
    1410    0.007925
    1411    0.007927
    1412    0.007927
    1413    0.007927
    1414    0.007927
    1415    0.007926
    1416    0.007926
    1417    0.007922
    1418    0.007922
    1419    0.007918
    1420    0.007918
    1421    0.007911
    1422    0.007911
    1423    0.007904
    1424    0.007904
    1425    0.007897
    1426    0.007897
    1427    0.007890
    1428    0.007890
    1429    0.007883
    1430    0.007883
    1431    0.007875
    1432    0.007875
    1433    0.007868
    1434    0.007868
    1435    0.007861
    1436    0.007861
    1437    0.007853
    1438    0.007853
    1439    0.007846
    1440    0.007846
    1441    0.007840
    1442    0.007840
    1443    0.007836
    1444    0.007836
    1445    0.007833
    1446    0.007833
    1447    0.007831
    1448    0.007831
    1449    0.007829
    1450    0.007829
    1451    0.007829
    1452    0.007829
    1453    0.007829
    1454    0.007829
    1455    0.007830
    1456    0.007830
    1457    0.007831
    1458    0.007831
    1459    0.007833
    1460    0.007833
    1461    0.007838
    1462    0.007838
    1463    0.007845
    1464    0.007845
    1465    0.007854
    1466    0.007854
    1467    0.007867
    1468    0.007867
    1469    0.007882
    1470    0.007882
    1471    0.007900
    1472    0.007900
    1473    0.007921
    1474    0.007921
    1475    0.007945
    1476    0.007945
    1477    0.007971
    1478    0.007971
    1479    0.007997
    1480    0.007997
    1481    0.008023
    1482    0.008023
    1483    0.008052
    1484    0.008052
    1485    0.008082
    1486    0.008082
    1487    0.008116
    1488    0.008116
    1489    0.008158
    1490    0.008158
    1491    0.008217
    1492    0.008217
    1493    0.008295
    1494    0.008295
    1495    0.008384
    1496    0.008384
    1497    0.008486
    1498    0.008486
    1499    0.008601
    1500    0.008601
    1501    0.008730
    1502    0.008730
    1503    0.008876
    1504    0.008876
    1505    0.009055
    1506    0.009055
    1507    0.009289
    1508    0.009289
    1509    0.009600
    1510    0.009600
    1511    0.009979
    1512    0.009979
    1513    0.010394
    1514    0.010394
    1515    0.010829
    1516    0.010829
    1517    0.011279
    1518    0.011279
    1519    0.011742
    1520    0.011742
    1521    0.012217
    1522    0.012217
    1523    0.012697
    1524    0.012697
    1525    0.013186
    1526    0.013186
    1527    0.013686
    1528    0.013686
    1529    0.014188
    1530    0.014188
    1531    0.014691
    1532    0.014691
    1533    0.015196
    1534    0.015196
    1535    0.015696
    1536    0.015696
    1537    0.016181
    1538    0.016181
    1539    0.016636
    1540    0.016636
    1541    0.017054
    1542    0.017054
    1543    0.017426
    1544    0.017426
    1545    0.017739
    1546    0.017739
    1547    0.017990
    1548    0.017990
    1549    0.018166
    1550    0.018166
    1551    0.018249
    1552    0.018249
    1553    0.018236
    1554    0.018236
    1555    0.018123
    1556    0.018123
    1557    0.017884
    1558    0.017884
    1559    0.017499
    1560    0.017499
    1561    0.016954
    1562    0.016954
    1563    0.016202
    1564    0.016202
    1565    0.015210
    1566    0.015210
    1567    0.014110
    1568    0.014110
    1569    0.012808
    1570    0.012808
    1571    0.011125
    1572    0.011125
    1573    0.009357
    1574    0.009357
    1575    0.007632
    1576    0.007632
    1577    0.006010
    1578    0.006010
    1579    0.004551
    1580    0.004551
    1581    0.003263
    1582    0.003263
    1583    0.002475
    1584    0.002475
    1585    0.008517
    1586    0.008517
    1587    0.008560
    1588    0.008560
    1589    0.008609
    1590    0.008609
    1591    0.008635
    1592    0.008635
    1593    0.008649
    1594    0.008649
    1595    0.008660
    1596    0.008660
    1597    0.008669
    1598    0.008669
    1599    0.008679
    1600    0.008679
    1601    0.008691
    1602    0.008691
    1603    0.008703
    1604    0.008703
    1605    0.008712
    1606    0.008712
    1607    0.008718
    1608    0.008718
    1609    0.008721
    1610    0.008721
    1611    0.008723
    1612    0.008723
    1613    0.008723
    1614    0.008723
    1615    0.008720
    1616    0.008720
    1617    0.008715
    1618    0.008715
    1619    0.008709
    1620    0.008709
    1621    0.008702
    1622    0.008702
    1623    0.008695
    1624    0.008695
    1625    0.008687
    1626    0.008687
    1627    0.008679
    1628    0.008679
    1629    0.008671
    1630    0.008671
    1631    0.008662
    1632    0.008662
    1633    0.008654
    1634    0.008654
    1635    0.008645
    1636    0.008645
    1637    0.008637
    1638    0.008637
    1639    0.008630
    1640    0.008630
    1641    0.008625
    1642    0.008625
    1643    0.008621
    1644    0.008621
    1645    0.008618
    1646    0.008618
    1647    0.008616
    1648    0.008616
    1649    0.008616
    1650    0.008616
    1651    0.008616
    1652    0.008616
    1653    0.008616
    1654    0.008616
    1655    0.008617
    1656    0.008617
    1657    0.008620
    1658    0.008620
    1659    0.008625
    1660    0.008625
    1661    0.008632
    1662    0.008632
    1663    0.008643
    1664    0.008643
    1665    0.008657
    1666    0.008657
    1667    0.008675
    1668    0.008675
    1669    0.008697
    1670    0.008697
    1671    0.008722
    1672    0.008722
    1673    0.008749
    1674    0.008749
    1675    0.008778
    1676    0.008778
    1677    0.008807
    1678    0.008807
    1679    0.008840
    1680    0.008840
    1681    0.008877
    1682    0.008877
    1683    0.008920
    1684    0.008920
    1685    0.008971
    1686    0.008971
    1687    0.009031
    1688    0.009031
    1689    0.009104
    1690    0.009104
    1691    0.009188
    1692    0.009188
    1693    0.009284
    1694    0.009284
    1695    0.009400
    1696    0.009400
    1697    0.009536
    1698    0.009536
    1699    0.009694
    1700    0.009694
    1701    0.009876
    1702    0.009876
    1703    0.010097
    1704    0.010097
    1705    0.010383
    1706    0.010383
    1707    0.010751
    1708    0.010751
    1709    0.011196
    1710    0.011196
    1711    0.011684
    1712    0.011684
    1713    0.012201
    1714    0.012201
    1715    0.012748
    1716    0.012748
    1717    0.013320
    1718    0.013320
    1719    0.013913
    1720    0.013913
    1721    0.014520
    1722    0.014520
    1723    0.015138
    1724    0.015138
    1725    0.015770
    1726    0.015770
    1727    0.016418
    1728    0.016418
    1729    0.017077
    1730    0.017077
    1731    0.017732
    1732    0.017732
    1733    0.018367
    1734    0.018367
    1735    0.018977
    1736    0.018977
    1737    0.019549
    1738    0.019549
    1739    0.020076
    1740    0.020076
    1741    0.020551
    1742    0.020551
    1743    0.020963
    1744    0.020963
    1745    0.021299
    1746    0.021299
    1747    0.021534
    1748    0.021534
    1749    0.021665
    1750    0.021665
    1751    0.021708
    1752    0.021708
    1753    0.021646
    1754    0.021646
    1755    0.021435
    1756    0.021435
    1757    0.021049
    1758    0.021049
    1759    0.020466
    1760    0.020466
    1761    0.019657
    1762    0.019657
    1763    0.018611
    1764    0.018611
    1765    0.017447
    1766    0.017447
    1767    0.016042
    1768    0.016042
    1769    0.014076
    1770    0.014076
    1771    0.011883
    1772    0.011883
    1773    0.009841
    1774    0.009841
    1775    0.007913
    1776    0.007913
    1777    0.006041
    1778    0.006041
    1779    0.004336
    1780    0.004336
    1781    0.003226
    1782    0.003226
    1783    0.008861
    1784    0.008861
    1785    0.008912
    1786    0.008912
    1787    0.008972
    1788    0.008972
    1789    0.009003
    1790    0.009003
    1791    0.009025
    1792    0.009025
    1793    0.009047
    1794    0.009047
    1795    0.009066
    1796    0.009066
    1797    0.009082
    1798    0.009082
    1799    0.009100
    1800    0.009100
    1801    0.009118
    1802    0.009118
    1803    0.009132
    1804    0.009132
    1805    0.009141
    1806    0.009141
    1807    0.009146
    1808    0.009146
    1809    0.009149
    1810    0.009149
    1811    0.009148
    1812    0.009148
    1813    0.009146
    1814    0.009146
    1815    0.009141
    1816    0.009141
    1817    0.009136
    1818    0.009136
    1819    0.009129
    1820    0.009129
    1821    0.009122
    1822    0.009122
    1823    0.009114
    1824    0.009114
    1825    0.009107
    1826    0.009107
    1827    0.009099
    1828    0.009099
    1829    0.009090
    1830    0.009090
    1831    0.009081
    1832    0.009081
    1833    0.009072
    1834    0.009072
    1835    0.009063
    1836    0.009063
    1837    0.009054
    1838    0.009054
    1839    0.009046
    1840    0.009046
    1841    0.009041
    1842    0.009041
    1843    0.009036
    1844    0.009036
    1845    0.009034
    1846    0.009034
    1847    0.009032
    1848    0.009032
    1849    0.009031
    1850    0.009031
    1851    0.009030
    1852    0.009030
    1853    0.009031
    1854    0.009031
    1855    0.009033
    1856    0.009033
    1857    0.009037
    1858    0.009037
    1859    0.009044
    1860    0.009044
    1861    0.009055
    1862    0.009055
    1863    0.009070
    1864    0.009070
    1865    0.009091
    1866    0.009091
    1867    0.009117
    1868    0.009117
    1869    0.009148
    1870    0.009148
    1871    0.009181
    1872    0.009181
    1873    0.009212
    1874    0.009212
    1875    0.009242
    1876    0.009242
    1877    0.009275
    1878    0.009275
    1879    0.009317
    1880    0.009317
    1881    0.009368
    1882    0.009368
    1883    0.009428
    1884    0.009428
    1885    0.009498
    1886    0.009498
    1887    0.009577
    1888    0.009577
    1889    0.009664
    1890    0.009664
    1891    0.009759
    1892    0.009759
    1893    0.009869
    1894    0.009869
    1895    0.009997
    1896    0.009997
    1897    0.010148
    1898    0.010148
    1899    0.010328
    1900    0.010328
    1901    0.010554
    1902    0.010554
    1903    0.010851
    1904    0.010851
    1905    0.011235
    1906    0.011235
    1907    0.011707
    1908    0.011707
    1909    0.012243
    1910    0.012243
    1911    0.012834
    1912    0.012834
    1913    0.013480
    1914    0.013480
    1915    0.014169
    1916    0.014169
    1917    0.014898
    1918    0.014898
    1919    0.015666
    1920    0.015666
    1921    0.016456
    1922    0.016456
    1923    0.017258
    1924    0.017258
    1925    0.018076
    1926    0.018076
    1927    0.018908
    1928    0.018908
    1929    0.019737
    1930    0.019737
    1931    0.020543
    1932    0.020543
    1933    0.021321
    1934    0.021321
    1935    0.022070
    1936    0.022070
    1937    0.022783
    1938    0.022783
    1939    0.023449
    1940    0.023449
    1941    0.024060
    1942    0.024060
    1943    0.024592
    1944    0.024592
    1945    0.025017
    1946    0.025017
    1947    0.025332
    1948    0.025332
    1949    0.025539
    1950    0.025539
    1951    0.025623
    1952    0.025623
    1953    0.025545
    1954    0.025545
    1955    0.025260
    1956    0.025260
    1957    0.024730
    1958    0.024730
    1959    0.023948
    1960    0.023948
    1961    0.022913
    1962    0.022913
    1963    0.021628
    1964    0.021628
    1965    0.019994
    1966    0.019994
    1967    0.017829
    1968    0.017829
    1969    0.015256
    1970    0.015256
    1971    0.012532
    1972    0.012532
    1973    0.009781
    1974    0.009781
    1975    0.007080
    1976    0.007080
    1977    0.004681
    1978    0.004681
    1979    0.003108
    1980    0.003108
    1981    0.008653
    1982    0.008653
    1983    0.008643
    1984    0.008643
    1985    0.008640
    1986    0.008640
    1987    0.008626
    1988    0.008626
    1989    0.008615
    1990    0.008615
    1991    0.008615
    1992    0.008615
    1993    0.008618
    1994    0.008618
    1995    0.008621
    1996    0.008621
    1997    0.008626
    1998    0.008626
    1999    0.008635
    2000    0.008635
    2001    0.008645
    2002    0.008645
    2003    0.008652
    2004    0.008652
    2005    0.008658
    2006    0.008658
    2007    0.008662
    2008    0.008662
    2009    0.008662
    2010    0.008662
    2011    0.008659
    2012    0.008659
    2013    0.008655
    2014    0.008655
    2015    0.008650
    2016    0.008650
    2017    0.008643
    2018    0.008643
    2019    0.008637
    2020    0.008637
    2021    0.008629
    2022    0.008629
    2023    0.008622
    2024    0.008622
    2025    0.008614
    2026    0.008614
    2027    0.008605
    2028    0.008605
    2029    0.008595
    2030    0.008595
    2031    0.008585
    2032    0.008585
    2033    0.008574
    2034    0.008574
    2035    0.008563
    2036    0.008563
    2037    0.008552
    2038    0.008552
    2039    0.008543
    2040    0.008543
    2041    0.008536
    2042    0.008536
    2043    0.008530
    2044    0.008530
    2045    0.008525
    2046    0.008525
    2047    0.008521
    2048    0.008521
    2049    0.008519
    2050    0.008519
    2051    0.008518
    2052    0.008518
    2053    0.008517
    2054    0.008517
    2055    0.008519
    2056    0.008519
    2057    0.008525
    2058    0.008525
    2059    0.008534
    2060    0.008534
    2061    0.008549
    2062    0.008549
    2063    0.008572
    2064    0.008572
    2065    0.008604
    2066    0.008604
    2067    0.008647
    2068    0.008647
    2069    0.008692
    2070    0.008692
    2071    0.008723
    2072    0.008723
    2073    0.008743
    2074    0.008743
    2075    0.008768
    2076    0.008768
    2077    0.008806
    2078    0.008806
    2079    0.008855
    2080    0.008855
    2081    0.008918
    2082    0.008918
    2083    0.008993
    2084    0.008993
    2085    0.009079
    2086    0.009079
    2087    0.009178
    2088    0.009178
    2089    0.009290
    2090    0.009290
    2091    0.009406
    2092    0.009406
    2093    0.009527
    2094    0.009527
    2095    0.009672
    2096    0.009672
    2097    0.009858
    2098    0.009858
    2099    0.010108
    2100    0.010108
    2101    0.010438
    2102    0.010438
    2103    0.010873
    2104    0.010873
    2105    0.011427
    2106    0.011427
    2107    0.012082
    2108    0.012082
    2109    0.012825
    2110    0.012825
    2111    0.013648
    2112    0.013648
    2113    0.014530
    2114    0.014530
    2115    0.015466
    2116    0.015466
    2117    0.016457
    2118    0.016457
    2119    0.017483
    2120    0.017483
    2121    0.018520
    2122    0.018520
    2123    0.019564
    2124    0.019564
    2125    0.020616
    2126    0.020616
    2127    0.021671
    2128    0.021671
    2129    0.022713
    2130    0.022713
    2131    0.023737
    2132    0.023737
    2133    0.024744
    2134    0.024744
    2135    0.025721
    2136    0.025721
    2137    0.026654
    2138    0.026654
    2139    0.027538
    2140    0.027538
    2141    0.028351
    2142    0.028351
    2143    0.029072
    2144    0.029072
    2145    0.029681
    2146    0.029681
    2147    0.030147
    2148    0.030147
    2149    0.030450
    2150    0.030450
    2151    0.030573
    2152    0.030573
    2153    0.030461
    2154    0.030461
    2155    0.030056
    2156    0.030056
    2157    0.029342
    2158    0.029342
    2159    0.028284
    2160    0.028284
    2161    0.026780
    2162    0.026780
    2163    0.024822
    2164    0.024822
    2165    0.022348
    2166    0.022348
    2167    0.019185
    2168    0.019185
    2169    0.015467
    2170    0.015467
    2171    0.011477
    2172    0.011477
    2173    0.007490
    2174    0.007490
    2175    0.004052
    2176    0.004052
    2177    0.001864
    2178    0.001864
    2179    0.007987
    2180    0.007987
    2181    0.007735
    2182    0.007735
    2183    0.007399
    2184    0.007399
    2185    0.007152
    2186    0.007152
    2187    0.006994
    2188    0.006994
    2189    0.006889
    2190    0.006889
    2191    0.006819
    2192    0.006819
    2193    0.006772
    2194    0.006772
    2195    0.006739
    2196    0.006739
    2197    0.006718
    2198    0.006718
    2199    0.006707
    2200    0.006707
    2201    0.006702
    2202    0.006702
    2203    0.006704
    2204    0.006704
    2205    0.006707
    2206    0.006707
    2207    0.006706
    2208    0.006706
    2209    0.006703
    2210    0.006703
    2211    0.006697
    2212    0.006697
    2213    0.006691
    2214    0.006691
    2215    0.006683
    2216    0.006683
    2217    0.006676
    2218    0.006676
    2219    0.006668
    2220    0.006668
    2221    0.006660
    2222    0.006660
    2223    0.006650
    2224    0.006650
    2225    0.006640
    2226    0.006640
    2227    0.006628
    2228    0.006628
    2229    0.006616
    2230    0.006616
    2231    0.006602
    2232    0.006602
    2233    0.006588
    2234    0.006588
    2235    0.006575
    2236    0.006575
    2237    0.006562
    2238    0.006562
    2239    0.006550
    2240    0.006550
    2241    0.006540
    2242    0.006540
    2243    0.006531
    2244    0.006531
    2245    0.006525
    2246    0.006525
    2247    0.006519
    2248    0.006519
    2249    0.006515
    2250    0.006515
    2251    0.006513
    2252    0.006513
    2253    0.006512
    2254    0.006512
    2255    0.006515
    2256    0.006515
    2257    0.006522
    2258    0.006522
    2259    0.006536
    2260    0.006536
    2261    0.006559
    2262    0.006559
    2263    0.006596
    2264    0.006596
    2265    0.006653
    2266    0.006653
    2267    0.006712
    2268    0.006712
    2269    0.006742
    2270    0.006742
    2271    0.006747
    2272    0.006747
    2273    0.006759
    2274    0.006759
    2275    0.006789
    2276    0.006789
    2277    0.006828
    2278    0.006828
    2279    0.006882
    2280    0.006882
    2281    0.006958
    2282    0.006958
    2283    0.007052
    2284    0.007052
    2285    0.007172
    2286    0.007172
    2287    0.007317
    2288    0.007317
    2289    0.007475
    2290    0.007475
    2291    0.007658
    2292    0.007658
    2293    0.007891
    2294    0.007891
    2295    0.008213
    2296    0.008213
    2297    0.008656
    2298    0.008656
    2299    0.009216
    2300    0.009216
    2301    0.009904
    2302    0.009904
    2303    0.010747
    2304    0.010747
    2305    0.011733
    2306    0.011733
    2307    0.012832
    2308    0.012832
    2309    0.014018
    2310    0.014018
    2311    0.015275
    2312    0.015275
    2313    0.016576
    2314    0.016576
    2315    0.017922
    2316    0.017922
    2317    0.019319
    2318    0.019319
    2319    0.020746
    2320    0.020746
    2321    0.022178
    2322    0.022178
    2323    0.023599
    2324    0.023599
    2325    0.025010
    2326    0.025010
    2327    0.026418
    2328    0.026418
    2329    0.027813
    2330    0.027813
    2331    0.029190
    2332    0.029190
    2333    0.030534
    2334    0.030534
    2335    0.031838
    2336    0.031838
    2337    0.033098
    2338    0.033098
    2339    0.034295
    2340    0.034295
    2341    0.035401
    2342    0.035401
    2343    0.036383
    2344    0.036383
    2345    0.037208
    2346    0.037208
    2347    0.037839
    2348    0.037839
    2349    0.038235
    2350    0.038235
    2351    0.038344
    2352    0.038344
    2353    0.038110
    2354    0.038110
    2355    0.037468
    2356    0.037468
    2357    0.036326
    2358    0.036326
    2359    0.034479
    2360    0.034479
    2361    0.031939
    2362    0.031939
    2363    0.028834
    2364    0.028834
    2365    0.024931
    2366    0.024931
    2367    0.020071
    2368    0.020071
    2369    0.014387
    2370    0.014387
    2371    0.008368
    2372    0.008368
    2373    0.003080
    2374    0.003080
    2375   -0.000300
    2376   -0.000300
    2377    0.008923
    2378    0.008923
    2379    0.008358
    2380    0.008358
    2381    0.007590
    2382    0.007590
    2383    0.007090
    2384    0.007090
    2385    0.006789
    2386    0.006789
    2387    0.006569
    2388    0.006569
    2389    0.006425
    2390    0.006425
    2391    0.006332
    2392    0.006332
    2393    0.006265
    2394    0.006265
    2395    0.006216
    2396    0.006216
    2397    0.006180
    2398    0.006180
    2399    0.006159
    2400    0.006159
    2401    0.006150
    2402    0.006150
    2403    0.006145
    2404    0.006145
    2405    0.006139
    2406    0.006139
    2407    0.006132
    2408    0.006132
    2409    0.006122
    2410    0.006122
    2411    0.006112
    2412    0.006112
    2413    0.006102
    2414    0.006102
    2415    0.006092
    2416    0.006092
    2417    0.006082
    2418    0.006082
    2419    0.006071
    2420    0.006071
    2421    0.006059
    2422    0.006059
    2423    0.006045
    2424    0.006045
    2425    0.006031
    2426    0.006031
    2427    0.006015
    2428    0.006015
    2429    0.005998
    2430    0.005998
    2431    0.005981
    2432    0.005981
    2433    0.005963
    2434    0.005963
    2435    0.005945
    2436    0.005945
    2437    0.005928
    2438    0.005928
    2439    0.005913
    2440    0.005913
    2441    0.005900
    2442    0.005900
    2443    0.005889
    2444    0.005889
    2445    0.005880
    2446    0.005880
    2447    0.005872
    2448    0.005872
    2449    0.005867
    2450    0.005867
    2451    0.005863
    2452    0.005863
    2453    0.005862
    2454    0.005862
    2455    0.005866
    2456    0.005866
    2457    0.005875
    2458    0.005875
    2459    0.005895
    2460    0.005895
    2461    0.005928
    2462    0.005928
    2463    0.005979
    2464    0.005979
    2465    0.006036
    2466    0.006036
    2467    0.006065
    2468    0.006065
    2469    0.006071
    2470    0.006071
    2471    0.006083
    2472    0.006083
    2473    0.006111
    2474    0.006111
    2475    0.006145
    2476    0.006145
    2477    0.006190
    2478    0.006190
    2479    0.006262
    2480    0.006262
    2481    0.006367
    2482    0.006367
    2483    0.006506
    2484    0.006506
    2485    0.006673
    2486    0.006673
    2487    0.006869
    2488    0.006869
    2489    0.007130
    2490    0.007130
    2491    0.007493
    2492    0.007493
    2493    0.008011
    2494    0.008011
    2495    0.008740
    2496    0.008740
    2497    0.009668
    2498    0.009668
    2499    0.010778
    2500    0.010778
    2501    0.012081
    2502    0.012081
    2503    0.013568
    2504    0.013568
    2505    0.015194
    2506    0.015194
    2507    0.016917
    2508    0.016917
    2509    0.018713
    2510    0.018713
    2511    0.020540
    2512    0.020540
    2513    0.022395
    2514    0.022395
    2515    0.024320
    2516    0.024320
    2517    0.026307
    2518    0.026307
    2519    0.028295
    2520    0.028295
    2521    0.030248
    2522    0.030248
    2523    0.032176
    2524    0.032176
    2525    0.034100
    2526    0.034100
    2527    0.036012
    2528    0.036012
    2529    0.037901
    2530    0.037901
    2531    0.039755
    2532    0.039755
    2533    0.041571
    2534    0.041571
    2535    0.043354
    2536    0.043354
    2537    0.045081
    2538    0.045081
    2539    0.046695
    2540    0.046695
    2541    0.048160
    2542    0.048160
    2543    0.049469
    2544    0.049469
    2545    0.050564
    2546    0.050564
    2547    0.051346
    2548    0.051346
    2549    0.051761
    2550    0.051761
    2551    0.051764
    2552    0.051764
    2553    0.051243
    2554    0.051243
    2555    0.050050
    2556    0.050050
    2557    0.047900
    2558    0.047900
    2559    0.044650
    2560    0.044650
    2561    0.040566
    2562    0.040566
    2563    0.035710
    2564    0.035710
    2565    0.029474
    2566    0.029474
    2567    0.021352
    2568    0.021352
    2569    0.012055
    2570    0.012055
    2571    0.003441
    2572    0.003441
    2573   -0.002392
    2574   -0.002392
    2575    0.023073
    2576    0.023073
    2577    0.022644
    2578    0.022644
    2579    0.022172
    2580    0.022172
    2581    0.022017
    2582    0.022017
    2583    0.021899
    2584    0.021899
    2585    0.021723
    2586    0.021723
    2587    0.021601
    2588    0.021601
    2589    0.021518
    2590    0.021518
    2591    0.021453
    2592    0.021453
    2593    0.021399
    2594    0.021399
    2595    0.021357
    2596    0.021357
    2597    0.021326
    2598    0.021326
    2599    0.021301
    2600    0.021301
    2601    0.021280
    2602    0.021280
    2603    0.021264
    2604    0.021264
    2605    0.021249
    2606    0.021249
    2607    0.021235
    2608    0.021235
    2609    0.021220
    2610    0.021220
    2611    0.021205
    2612    0.021205
    2613    0.021191
    2614    0.021191
    2615    0.021176
    2616    0.021176
    2617    0.021160
    2618    0.021160
    2619    0.021143
    2620    0.021143
    2621    0.021124
    2622    0.021124
    2623    0.021105
    2624    0.021105
    2625    0.021084
    2626    0.021084
    2627    0.021062
    2628    0.021062
    2629    0.021040
    2630    0.021040
    2631    0.021017
    2632    0.021017
    2633    0.020993
    2634    0.020993
    2635    0.020970
    2636    0.020970
    2637    0.020948
    2638    0.020948
    2639    0.020928
    2640    0.020928
    2641    0.020910
    2642    0.020910
    2643    0.020895
    2644    0.020895
    2645    0.020881
    2646    0.020881
    2647    0.020870
    2648    0.020870
    2649    0.020860
    2650    0.020860
    2651    0.020854
    2652    0.020854
    2653    0.020850
    2654    0.020850
    2655    0.020851
    2656    0.020851
    2657    0.020859
    2658    0.020859
    2659    0.020875
    2660    0.020875
    2661    0.020902
    2662    0.020902
    2663    0.020936
    2664    0.020936
    2665    0.020965
    2666    0.020965
    2667    0.020991
    2668    0.020991
    2669    0.021020
    2670    0.021020
    2671    0.021058
    2672    0.021058
    2673    0.021107
    2674    0.021107
    2675    0.021161
    2676    0.021161
    2677    0.021228
    2678    0.021228
    2679    0.021330
    2680    0.021330
    2681    0.021468
    2682    0.021468
    2683    0.021629
    2684    0.021629
    2685    0.021826
    2686    0.021826
    2687    0.022107
    2688    0.022107
    2689    0.022512
    2690    0.022512
    2691    0.023115
    2692    0.023115
    2693    0.023998
    2694    0.023998
    2695    0.025216
    2696    0.025216
    2697    0.026788
    2698    0.026788
    2699    0.028644
    2700    0.028644
    2701    0.030708
    2702    0.030708
    2703    0.032922
    2704    0.032922
    2705    0.035241
    2706    0.035241
    2707    0.037636
    2708    0.037636
    2709    0.040083
    2710    0.040083
    2711    0.042575
    2712    0.042575
    2713    0.045122
    2714    0.045122
    2715    0.047720
    2716    0.047720
    2717    0.050339
    2718    0.050339
    2719    0.052956
    2720    0.052956
    2721    0.055568
    2722    0.055568
    2723    0.058177
    2724    0.058177
    2725    0.060777
    2726    0.060777
    2727    0.063353
    2728    0.063353
    2729    0.065892
    2730    0.065892
    2731    0.068382
    2732    0.068382
    2733    0.070818
    2734    0.070818
    2735    0.073174
    2736    0.073174
    2737    0.075408
    2738    0.075408
    2739    0.077481
    2740    0.077481
    2741    0.079357
    2742    0.079357
    2743    0.080966
    2744    0.080966
    2745    0.082217
    2746    0.082217
    2747    0.083053
    2748    0.083053
    2749    0.083396
    2750    0.083396
    2751    0.083099
    2752    0.083099
    2753    0.081980
    2754    0.081980
    2755    0.079775
    2756    0.079775
    2757    0.076262
    2758    0.076262
    2759    0.071257
    2760    0.071257
    2761    0.064633
    2762    0.064633
    2763    0.055923
    2764    0.055923
    2765    0.044199
    2766    0.044199
    2767    0.029887
    2768    0.029887
    2769    0.015504
    2770    0.015504
    2771    0.004856
    2772    0.004856
    2773    0.086114
    2774    0.086114
    2775    0.086191
    2776    0.086191
    2777    0.086516
    2778    0.086516
    2779    0.087063
    2780    0.087063
    2781    0.087387
    2782    0.087387
    2783    0.087435
    2784    0.087435
    2785    0.087431
    2786    0.087431
    2787    0.087412
    2788    0.087412
    2789    0.087385
    2790    0.087385
    2791    0.087353
    2792    0.087353
    2793    0.087322
    2794    0.087322
    2795    0.087291
    2796    0.087291
    2797    0.087253
    2798    0.087253
    2799    0.087219
    2800    0.087219
    2801    0.087192
    2802    0.087192
    2803    0.087171
    2804    0.087171
    2805    0.087151
    2806    0.087151
    2807    0.087130
    2808    0.087130
    2809    0.087110
    2810    0.087110
    2811    0.087089
    2812    0.087089
    2813    0.087067
    2814    0.087067
    2815    0.087044
    2816    0.087044
    2817    0.087019
    2818    0.087019
    2819    0.086993
    2820    0.086993
    2821    0.086966
    2822    0.086966
    2823    0.086937
    2824    0.086937
    2825    0.086909
    2826    0.086909
    2827    0.086879
    2828    0.086879
    2829    0.086848
    2830    0.086848
    2831    0.086816
    2832    0.086816
    2833    0.086784
    2834    0.086784
    2835    0.086752
    2836    0.086752
    2837    0.086721
    2838    0.086721
    2839    0.086692
    2840    0.086692
    2841    0.086666
    2842    0.086666
    2843    0.086642
    2844    0.086642
    2845    0.086620
    2846    0.086620
    2847    0.086601
    2848    0.086601
    2849    0.086584
    2850    0.086584
    2851    0.086570
    2852    0.086570
    2853    0.086557
    2854    0.086557
    2855    0.086547
    2856    0.086547
    2857    0.086541
    2858    0.086541
    2859    0.086536
    2860    0.086536
    2861    0.086540
    2862    0.086540
    2863    0.086570
    2864    0.086570
    2865    0.086619
    2866    0.086619
    2867    0.086670
    2868    0.086670
    2869    0.086723
    2870    0.086723
    2871    0.086792
    2872    0.086792
    2873    0.086864
    2874    0.086864
    2875    0.086926
    2876    0.086926
    2877    0.086998
    2878    0.086998
    2879    0.087095
    2880    0.087095
    2881    0.087233
    2882    0.087233
    2883    0.087429
    2884    0.087429
    2885    0.087700
    2886    0.087700
    2887    0.088090
    2888    0.088090
    2889    0.088706
    2890    0.088706
    2891    0.089688
    2892    0.089688
    2893    0.091231
    2894    0.091231
    2895    0.093427
    2896    0.093427
    2897    0.096067
    2898    0.096067
    2899    0.098928
    2900    0.098928
    2901    0.101935
    2902    0.101935
    2903    0.105047
    2904    0.105047
    2905    0.108246
    2906    0.108246
    2907    0.111549
    2908    0.111549
    2909    0.114936
    2910    0.114936
    2911    0.118344
    2912    0.118344
    2913    0.121772
    2914    0.121772
    2915    0.125262
    2916    0.125262
    2917    0.128821
    2918    0.128821
    2919    0.132415
    2920    0.132415
    2921    0.136018
    2922    0.136018
    2923    0.139616
    2924    0.139616
    2925    0.143191
    2926    0.143191
    2927    0.146725
    2928    0.146725
    2929    0.150191
    2930    0.150191
    2931    0.153553
    2932    0.153553
    2933    0.156789
    2934    0.156789
    2935    0.159899
    2936    0.159899
    2937    0.162837
    2938    0.162837
    2939    0.165506
    2940    0.165506
    2941    0.167829
    2942    0.167829
    2943    0.169768
    2944    0.169768
    2945    0.171251
    2946    0.171251
    2947    0.172138
    2948    0.172138
    2949    0.172252
    2950    0.172252
    2951    0.171383
    2952    0.171383
    2953    0.169294
    2954    0.169294
    2955    0.165763
    2956    0.165763
    2957    0.159899
    2958    0.159899
    2959    0.150733
    2960    0.150733
    2961    0.138099
    2962    0.138099
    2963    0.121175
    2964    0.121175
    2965    0.099451
    2966    0.099451
    2967    0.075220
    2968    0.075220
    2969    0.055493
    2970    0.055493
    2971    0.268227
    2972    0.268227
    2973    0.268721
    2974    0.268721
    2975    0.269512
    2976    0.269512
    2977    0.270267
    2978    0.270267
    2979    0.270744
    2980    0.270744
    2981    0.270971
    2982    0.270971
    2983    0.271098
    2984    0.271098
    2985    0.271167
    2986    0.271167
    2987    0.271201
    2988    0.271201
    2989    0.271210
    2990    0.271210
    2991    0.271204
    2992    0.271204
    2993    0.271185
    2994    0.271185
    2995    0.271154
    2996    0.271154
    2997    0.271122
    2998    0.271122
    2999    0.271094
    3000    0.271094
    3001    0.271069
    3002    0.271069
    3003    0.271045
    3004    0.271045
    3005    0.271020
    3006    0.271020
    3007    0.270994
    3008    0.270994
    3009    0.270965
    3010    0.270965
    3011    0.270932
    3012    0.270932
    3013    0.270898
    3014    0.270898
    3015    0.270862
    3016    0.270862
    3017    0.270824
    3018    0.270824
    3019    0.270784
    3020    0.270784
    3021    0.270744
    3022    0.270744
    3023    0.270702
    3024    0.270702
    3025    0.270659
    3026    0.270659
    3027    0.270615
    3028    0.270615
    3029    0.270569
    3030    0.270569
    3031    0.270522
    3032    0.270522
    3033    0.270475
    3034    0.270475
    3035    0.270428
    3036    0.270428
    3037    0.270381
    3038    0.270381
    3039    0.270337
    3040    0.270337
    3041    0.270295
    3042    0.270295
    3043    0.270256
    3044    0.270256
    3045    0.270219
    3046    0.270219
    3047    0.270185
    3048    0.270185
    3049    0.270152
    3050    0.270152
    3051    0.270119
    3052    0.270119
    3053    0.270087
    3054    0.270087
    3055    0.270054
    3056    0.270054
    3057    0.270014
    3058    0.270014
    3059    0.269989
    3060    0.269989
    3061    0.270016
    3062    0.270016
    3063    0.270086
    3064    0.270086
    3065    0.270158
    3066    0.270158
    3067    0.270225
    3068    0.270225
    3069    0.270299
    3070    0.270299
    3071    0.270376
    3072    0.270376
    3073    0.270443
    3074    0.270443
    3075    0.270498
    3076    0.270498
    3077    0.270567
    3078    0.270567
    3079    0.270694
    3080    0.270694
    3081    0.270898
    3082    0.270898
    3083    0.271172
    3084    0.271172
    3085    0.271559
    3086    0.271559
    3087    0.272209
    3088    0.272209
    3089    0.273414
    3090    0.273414
    3091    0.275560
    3092    0.275560
    3093    0.278740
    3094    0.278740
    3095    0.282578
    3096    0.282578
    3097    0.286728
    3098    0.286728
    3099    0.291075
    3100    0.291075
    3101    0.295554
    3102    0.295554
    3103    0.300152
    3104    0.300152
    3105    0.304884
    3106    0.304884
    3107    0.309716
    3108    0.309716
    3109    0.314587
    3110    0.314587
    3111    0.319496
    3112    0.319496
    3113    0.324490
    3114    0.324490
    3115    0.329578
    3116    0.329578
    3117    0.334725
    3118    0.334725
    3119    0.339900
    3120    0.339900
    3121    0.345077
    3122    0.345077
    3123    0.350234
    3124    0.350234
    3125    0.355348
    3126    0.355348
    3127    0.360380
    3128    0.360380
    3129    0.365278
    3130    0.365278
    3131    0.370020
    3132    0.370020
    3133    0.374601
    3134    0.374601
    3135    0.378966
    3136    0.378966
    3137    0.383003
    3138    0.383003
    3139    0.386625
    3140    0.386625
    3141    0.389777
    3142    0.389777
    3143    0.392343
    3144    0.392343
    3145    0.394140
    3146    0.394140
    3147    0.394955
    3148    0.394955
    3149    0.394525
    3150    0.394525
    3151    0.392497
    3152    0.392497
    3153    0.388431
    3154    0.388431
    3155    0.381180
    3156    0.381180
    3157    0.369298
    3158    0.369298
    3159    0.351776
    3160    0.351776
    3161    0.327295
    3162    0.327295
    3163    0.294254
    3164    0.294254
    3165    0.253742
    3166    0.253742
    3167    0.218148
    3168    0.218148
    3169    0.681717
    3170    0.681717
    3171    0.682625
    3172    0.682625
    3173    0.683789
    3174    0.683789
    3175    0.684383
    3176    0.684383
    3177    0.684677
    3178    0.684677
    3179    0.684999
    3180    0.684999
    3181    0.685258
    3182    0.685258
    3183    0.685438
    3184    0.685438
    3185    0.685556
    3186    0.685556
    3187    0.685626
    3188    0.685626
    3189    0.685662
    3190    0.685662
    3191    0.685670
    3192    0.685670
    3193    0.685663
    3194    0.685663
    3195    0.685648
    3196    0.685648
    3197    0.685628
    3198    0.685628
    3199    0.685605
    3200    0.685605
    3201    0.685578
    3202    0.685578
    3203    0.685548
    3204    0.685548
    3205    0.685513
    3206    0.685513
    3207    0.685471
    3208    0.685471
    3209    0.685424
    3210    0.685424
    3211    0.685372
    3212    0.685372
    3213    0.685317
    3214    0.685317
    3215    0.685258
    3216    0.685258
    3217    0.685197
    3218    0.685197
    3219    0.685134
    3220    0.685134
    3221    0.685069
    3222    0.685069
    3223    0.685002
    3224    0.685002
    3225    0.684935
    3226    0.684935
    3227    0.684865
    3228    0.684865
    3229    0.684792
    3230    0.684792
    3231    0.684718
    3232    0.684718
    3233    0.684643
    3234    0.684643
    3235    0.684568
    3236    0.684568
    3237    0.684493
    3238    0.684493
    3239    0.684420
    3240    0.684420
    3241    0.684350
    3242    0.684350
    3243    0.684283
    3244    0.684283
    3245    0.684218
    3246    0.684218
    3247    0.684155
    3248    0.684155
    3249    0.684092
    3250    0.684092
    3251    0.684029
    3252    0.684029
    3253    0.683963
    3254    0.683963
    3255    0.683892
    3256    0.683892
    3257    0.683843
    3258    0.683843
    3259    0.683867
    3260    0.683867
    3261    0.683950
    3262    0.683950
    3263    0.684039
    3264    0.684039
    3265    0.684117
    3266    0.684117
    3267    0.684193
    3268    0.684193
    3269    0.684280
    3270    0.684280
    3271    0.684377
    3272    0.684377
    3273    0.684472
    3274    0.684472
    3275    0.684572
    3276    0.684572
    3277    0.684710
    3278    0.684710
    3279    0.684919
    3280    0.684919
    3281    0.685213
    3282    0.685213
    3283    0.685652
    3284    0.685652
    3285    0.686433
    3286    0.686433
    3287    0.688101
    3288    0.688101
    3289    0.691303
    3290    0.691303
    3291    0.696074
    3292    0.696074
    3293    0.701872
    3294    0.701872
    3295    0.708219
    3296    0.708219
    3297    0.714884
    3298    0.714884
    3299    0.721751
    3300    0.721751
    3301    0.728791
    3302    0.728791
    3303    0.735986
    3304    0.735986
    3305    0.743299
    3306    0.743299
    3307    0.750707
    3308    0.750707
    3309    0.758210
    3310    0.758210
    3311    0.765819
    3312    0.765819
    3313    0.773528
    3314    0.773528
    3315    0.781317
    3316    0.781317
    3317    0.789153
    3318    0.789153
    3319    0.797004
    3320    0.797004
    3321    0.804838
    3322    0.804838
    3323    0.812625
    3324    0.812625
    3325    0.820314
    3326    0.820314
    3327    0.827848
    3328    0.827848
    3329    0.835187
    3330    0.835187
    3331    0.842297
    3332    0.842297
    3333    0.849104
    3334    0.849104
    3335    0.855497
    3336    0.855497
    3337    0.861365
    3338    0.861365
    3339    0.866582
    3340    0.866582
    3341    0.870961
    3342    0.870961
    3343    0.874254
    3344    0.874254
    3345    0.876182
    3346    0.876182
    3347    0.876370
    3348    0.876370
    3349    0.874247
    3350    0.874247
    3351    0.868982
    3352    0.868982
    3353    0.859268
    3354    0.859268
    3355    0.843350
    3356    0.843350
    3357    0.818594
    3358    0.818594
    3359    0.781974
    3360    0.781974
    3361    0.730301
    3362    0.730301
    3363    0.663315
    3364    0.663315
    3365    0.601719
    3366    0.601719
    3367    1.516925
    3368    1.516925
    3369    1.517825
    3370    1.517825
    3371    1.518931
    3372    1.518931
    3373    1.519318
    3374    1.519318
    3375    1.519655
    3376    1.519655
    3377    1.520282
    3378    1.520282
    3379    1.520785
    3380    1.520785
    3381    1.521148
    3382    1.521148
    3383    1.521396
    3384    1.521396
    3385    1.521559
    3386    1.521559
    3387    1.521660
    3388    1.521660
    3389    1.521717
    3390    1.521717
    3391    1.521746
    3392    1.521746
    3393    1.521755
    3394    1.521755
    3395    1.521746
    3396    1.521746
    3397    1.521725
    3398    1.521725
    3399    1.521694
    3400    1.521694
    3401    1.521653
    3402    1.521653
    3403    1.521602
    3404    1.521602
    3405    1.521539
    3406    1.521539
    3407    1.521465
    3408    1.521465
    3409    1.521383
    3410    1.521383
    3411    1.521293
    3412    1.521293
    3413    1.521198
    3414    1.521198
    3415    1.521099
    3416    1.521099
    3417    1.520995
    3418    1.520995
    3419    1.520888
    3420    1.520888
    3421    1.520779
    3422    1.520779
    3423    1.520667
    3424    1.520667
    3425    1.520552
    3426    1.520552
    3427    1.520435
    3428    1.520435
    3429    1.520315
    3430    1.520315
    3431    1.520192
    3432    1.520192
    3433    1.520066
    3434    1.520066
    3435    1.519940
    3436    1.519940
    3437    1.519815
    3438    1.519815
    3439    1.519692
    3440    1.519692
    3441    1.519571
    3442    1.519571
    3443    1.519455
    3444    1.519455
    3445    1.519340
    3446    1.519340
    3447    1.519228
    3448    1.519228
    3449    1.519117
    3450    1.519117
    3451    1.519009
    3452    1.519009
    3453    1.518907
    3454    1.518907
    3455    1.518846
    3456    1.518846
    3457    1.518872
    3458    1.518872
    3459    1.518969
    3460    1.518969
    3461    1.519079
    3462    1.519079
    3463    1.519176
    3464    1.519176
    3465    1.519268
    3466    1.519268
    3467    1.519381
    3468    1.519381
    3469    1.519525
    3470    1.519525
    3471    1.519685
    3472    1.519685
    3473    1.519845
    3474    1.519845
    3475    1.520019
    3476    1.520019
    3477    1.520260
    3478    1.520260
    3479    1.520638
    3480    1.520638
    3481    1.521291
    3482    1.521291
    3483    1.522536
    3484    1.522536
    3485    1.525269
    3486    1.525269
    3487    1.530483
    3488    1.530483
    3489    1.538198
    3490    1.538198
    3491    1.547652
    3492    1.547652
    3493    1.558045
    3494    1.558045
    3495    1.568927
    3496    1.568927
    3497    1.580130
    3498    1.580130
    3499    1.591596
    3500    1.591596
    3501    1.603284
    3502    1.603284
    3503    1.615160
    3504    1.615160
    3505    1.627209
    3506    1.627209
    3507    1.639427
    3508    1.639427
    3509    1.651802
    3510    1.651802
    3511    1.664319
    3512    1.664319
    3513    1.676951
    3514    1.676951
    3515    1.689660
    3516    1.689660
    3517    1.702400
    3518    1.702400
    3519    1.715126
    3520    1.715126
    3521    1.727788
    3522    1.727788
    3523    1.740321
    3524    1.740321
    3525    1.752642
    3526    1.752642
    3527    1.764681
    3528    1.764681
    3529    1.776366
    3530    1.776366
    3531    1.787594
    3532    1.787594
    3533    1.798216
    3534    1.798216
    3535    1.808070
    3536    1.808070
    3537    1.816941
    3538    1.816941
    3539    1.824522
    3540    1.824522
    3541    1.830420
    3542    1.830420
    3543    1.834217
    3544    1.834217
    3545    1.835330
    3546    1.835330
    3547    1.832868
    3548    1.832868
    3549    1.825480
    3550    1.825480
    3551    1.811214
    3552    1.811214
    3553    1.787238
    3554    1.787238
    3555    1.748952
    3556    1.748952
    3557    1.690234
    3558    1.690234
    3559    1.604984
    3560    1.604984
    3561    1.492507
    3562    1.492507
    3563    1.386940
    3564    1.386940
    3565    3.123948
    3566    3.123948
    3567    3.123935
    3568    3.123935
    3569    3.124157
    3570    3.124157
    3571    3.124475
    3572    3.124475
    3573    3.125372
    3574    3.125372
    3575    3.126693
    3576    3.126693
    3577    3.127673
    3578    3.127673
    3579    3.128363
    3580    3.128363
    3581    3.128838
    3582    3.128838
    3583    3.129156
    3584    3.129156
    3585    3.129367
    3586    3.129367
    3587    3.129503
    3588    3.129503
    3589    3.129591
    3590    3.129591
    3591    3.129637
    3592    3.129637
    3593    3.129642
    3594    3.129642
    3595    3.129618
    3596    3.129618
    3597    3.129574
    3598    3.129574
    3599    3.129512
    3600    3.129512
    3601    3.129428
    3602    3.129428
    3603    3.129323
    3604    3.129323
    3605    3.129200
    3606    3.129200
    3607    3.129060
    3608    3.129060
    3609    3.128907
    3610    3.128907
    3611    3.128743
    3612    3.128743
    3613    3.128570
    3614    3.128570
    3615    3.128390
    3616    3.128390
    3617    3.128205
    3618    3.128205
    3619    3.128015
    3620    3.128015
    3621    3.127820
    3622    3.127820
    3623    3.127624
    3624    3.127624
    3625    3.127424
    3626    3.127424
    3627    3.127218
    3628    3.127218
    3629    3.127005
    3630    3.127005
    3631    3.126787
    3632    3.126787
    3633    3.126567
    3634    3.126567
    3635    3.126347
    3636    3.126347
    3637    3.126128
    3638    3.126128
    3639    3.125913
    3640    3.125913
    3641    3.125703
    3642    3.125703
    3643    3.125499
    3644    3.125499
    3645    3.125299
    3646    3.125299
    3647    3.125106
    3648    3.125106
    3649    3.124922
    3650    3.124922
    3651    3.124765
    3652    3.124765
    3653    3.124681
    3654    3.124681
    3655    3.124723
    3656    3.124723
    3657    3.124871
    3658    3.124871
    3659    3.125041
    3660    3.125041
    3661    3.125185
    3662    3.125185
    3663    3.125311
    3664    3.125311
    3665    3.125464
    3666    3.125464
    3667    3.125665
    3668    3.125665
    3669    3.125899
    3670    3.125899
    3671    3.126139
    3672    3.126139
    3673    3.126396
    3674    3.126396
    3675    3.126747
    3676    3.126747
    3677    3.127319
    3678    3.127319
    3679    3.128409
    3680    3.128409
    3681    3.130613
    3682    3.130613
    3683    3.135471
    3684    3.135471
    3685    3.144644
    3686    3.144644
    3687    3.158209
    3688    3.158209
    3689    3.174841
    3690    3.174841
    3691    3.193030
    3692    3.193030
    3693    3.211998
    3694    3.211998
    3695    3.231502
    3696    3.231502
    3697    3.251439
    3698    3.251439
    3699    3.271750
    3700    3.271750
    3701    3.292394
    3702    3.292394
    3703    3.313346
    3704    3.313346
    3705    3.334596
    3706    3.334596
    3707    3.356114
    3708    3.356114
    3709    3.377865
    3710    3.377865
    3711    3.399806
    3712    3.399806
    3713    3.421879
    3714    3.421879
    3715    3.444011
    3716    3.444011
    3717    3.466126
    3718    3.466126
    3719    3.488144
    3720    3.488144
    3721    3.509966
    3722    3.509966
    3723    3.531449
    3724    3.531449
    3725    3.552467
    3726    3.552467
    3727    3.572892
    3728    3.572892
    3729    3.592560
    3730    3.592560
    3731    3.611229
    3732    3.611229
    3733    3.628641
    3734    3.628641
    3735    3.644422
    3736    3.644422
    3737    3.658043
    3738    3.658043
    3739    3.668822
    3740    3.668822
    3741    3.676078
    3742    3.676078
    3743    3.678836
    3744    3.678836
    3745    3.675648
    3746    3.675648
    3747    3.664254
    3748    3.664254
    3749    3.641366
    3750    3.641366
    3751    3.601951
    3752    3.601951
    3753    3.538064
    3754    3.538064
    3755    3.437720
    3756    3.437720
    3757    3.288239
    3758    3.288239
    3759    3.086655
    3760    3.086655
    3761    2.893950
    3762    2.893950
    3763    5.572401
    3764    5.572401
    3765    5.571000
    3766    5.571000
    3767    5.570277
    3768    5.570277
    3769    5.571043
    3770    5.571043
    3771    5.572904
    3772    5.572904
    3773    5.575226
    3774    5.575226
    3775    5.576908
    3776    5.576908
    3777    5.578080
    3778    5.578080
    3779    5.578881
    3780    5.578881
    3781    5.579426
    3782    5.579426
    3783    5.579792
    3784    5.579792
    3785    5.580038
    3786    5.580038
    3787    5.580205
    3788    5.580205
    3789    5.580299
    3790    5.580299
    3791    5.580316
    3792    5.580316
    3793    5.580283
    3794    5.580283
    3795    5.580217
    3796    5.580217
    3797    5.580119
    3798    5.580119
    3799    5.579983
    3800    5.579983
    3801    5.579812
    3802    5.579812
    3803    5.579611
    3804    5.579611
    3805    5.579383
    3806    5.579383
    3807    5.579131
    3808    5.579131
    3809    5.578860
    3810    5.578860
    3811    5.578573
    3812    5.578573
    3813    5.578275
    3814    5.578275
    3815    5.577968
    3816    5.577968
    3817    5.577653
    3818    5.577653
    3819    5.577331
    3820    5.577331
    3821    5.577007
    3822    5.577007
    3823    5.576680
    3824    5.576680
    3825    5.576342
    3826    5.576342
    3827    5.575989
    3828    5.575989
    3829    5.575628
    3830    5.575628
    3831    5.575264
    3832    5.575264
    3833    5.574898
    3834    5.574898
    3835    5.574534
    3836    5.574534
    3837    5.574175
    3838    5.574175
    3839    5.573824
    3840    5.573824
    3841    5.573482
    3842    5.573482
    3843    5.573150
    3844    5.573150
    3845    5.572829
    3846    5.572829
    3847    5.572527
    3848    5.572527
    3849    5.572272
    3850    5.572272
    3851    5.572139
    3852    5.572139
    3853    5.572215
    3854    5.572215
    3855    5.572466
    3856    5.572466
    3857    5.572746
    3858    5.572746
    3859    5.572967
    3860    5.572967
    3861    5.573146
    3862    5.573146
    3863    5.573363
    3864    5.573363
    3865    5.573655
    3866    5.573655
    3867    5.574001
    3868    5.574001
    3869    5.574363
    3870    5.574363
    3871    5.574753
    3872    5.574753
    3873    5.575280
    3874    5.575280
    3875    5.576121
    3876    5.576121
    3877    5.577737
    3878    5.577737
    3879    5.581122
    3880    5.581122
    3881    5.589025
    3882    5.589025
    3883    5.604384
    3884    5.604384
    3885    5.627276
    3886    5.627276
    3887    5.655254
    3888    5.655254
    3889    5.685628
    3890    5.685628
    3891    5.717208
    3892    5.717208
    3893    5.749649
    3894    5.749649
    3895    5.782776
    3896    5.782776
    3897    5.816515
    3898    5.816515
    3899    5.850807
    3900    5.850807
    3901    5.885615
    3902    5.885615
    3903    5.920924
    3904    5.920924
    3905    5.956682
    3906    5.956682
    3907    5.992826
    3908    5.992826
    3909    6.029281
    3910    6.029281
    3911    6.065962
    3912    6.065962
    3913    6.102745
    3914    6.102745
    3915    6.139506
    3916    6.139506
    3917    6.176122
    3918    6.176122
    3919    6.212439
    3920    6.212439
    3921    6.248209
    3922    6.248209
    3923    6.283221
    3924    6.283221
    3925    6.317272
    3926    6.317272
    3927    6.350104
    3928    6.350104
    3929    6.381320
    3930    6.381320
    3931    6.410512
    3932    6.410512
    3933    6.437069
    3934    6.437069
    3935    6.460118
    3936    6.460118
    3937    6.478509
    3938    6.478509
    3939    6.491184
    3940    6.491184
    3941    6.496589
    3942    6.496589
    3943    6.492442
    3944    6.492442
    3945    6.475092
    3946    6.475092
    3947    6.439279
    3948    6.439279
    3949    6.376789
    3950    6.376789
    3951    6.274630
    3952    6.274630
    3953    6.111815
    3954    6.111815
    3955    5.862623
    3956    5.862623
    3957    5.513496
    3958    5.513496
    3959    5.171873
    3960    5.171873
