       1   -0.024770
       2   -0.024770
       3   -0.024560
       4   -0.024560
       5   -0.024309
       6   -0.024309
       7   -0.024249
       8   -0.024249
       9   -0.024292
      10   -0.024292
      11   -0.024308
      12   -0.024308
      13   -0.024307
      14   -0.024307
      15   -0.024303
      16   -0.024303
      17   -0.024300
      18   -0.024300
      19   -0.024296
      20   -0.024296
      21   -0.024291
      22   -0.024291
      23   -0.024281
      24   -0.024281
      25   -0.024264
      26   -0.024264
      27   -0.024242
      28   -0.024242
      29   -0.024217
      30   -0.024217
      31   -0.024188
      32   -0.024188
      33   -0.024156
      34   -0.024156
      35   -0.024122
      36   -0.024122
      37   -0.024084
      38   -0.024084
      39   -0.024044
      40   -0.024044
      41   -0.024003
      42   -0.024003
      43   -0.023963
      44   -0.023963
      45   -0.023921
      46   -0.023921
      47   -0.023876
      48   -0.023876
      49   -0.023829
      50   -0.023829
      51   -0.023782
      52   -0.023782
      53   -0.023732
      54   -0.023732
      55   -0.023679
      56   -0.023679
      57   -0.023624
      58   -0.023624
      59   -0.023567
      60   -0.023567
      61   -0.023508
      62   -0.023508
      63   -0.023448
      64   -0.023448
      65   -0.023385
      66   -0.023385
      67   -0.023322
      68   -0.023322
      69   -0.023258
      70   -0.023258
      71   -0.023193
      72   -0.023193
      73   -0.023122
      74   -0.023122
      75   -0.023043
      76   -0.023043
      77   -0.022956
      78   -0.022956
      79   -0.022866
      80   -0.022866
      81   -0.022775
      82   -0.022775
      83   -0.022683
      84   -0.022683
      85   -0.022584
      86   -0.022584
      87   -0.022472
      88   -0.022472
      89   -0.022355
      90   -0.022355
      91   -0.022233
      92   -0.022233
      93   -0.022102
      94   -0.022102
      95   -0.021972
      96   -0.021972
      97   -0.021837
      98   -0.021837
      99   -0.021685
     100   -0.021685
     101   -0.021529
     102   -0.021529
     103   -0.021370
     104   -0.021370
     105   -0.021184
     106   -0.021184
     107   -0.020950
     108   -0.020950
     109   -0.020667
     110   -0.020667
     111   -0.020335
     112   -0.020335
     113   -0.019960
     114   -0.019960
     115   -0.019539
     116   -0.019539
     117   -0.019076
     118   -0.019076
     119   -0.018741
     120   -0.018741
     121   -0.018676
     122   -0.018676
     123   -0.018758
     124   -0.018758
     125   -0.018853
     126   -0.018853
     127   -0.018922
     128   -0.018922
     129   -0.018955
     130   -0.018955
     131   -0.018944
     132   -0.018944
     133   -0.018900
     134   -0.018900
     135   -0.018839
     136   -0.018839
     137   -0.018756
     138   -0.018756
     139   -0.018658
     140   -0.018658
     141   -0.018546
     142   -0.018546
     143   -0.018420
     144   -0.018420
     145   -0.018280
     146   -0.018280
     147   -0.018130
     148   -0.018130
     149   -0.017947
     150   -0.017947
     151   -0.017734
     152   -0.017734
     153   -0.017507
     154   -0.017507
     155   -0.017253
     156   -0.017253
     157   -0.016963
     158   -0.016963
     159   -0.016641
     160   -0.016641
     161   -0.016294
     162   -0.016294
     163   -0.015926
     164   -0.015926
     165   -0.015482
     166   -0.015482
     167   -0.014924
     168   -0.014924
     169   -0.014282
     170   -0.014282
     171   -0.013575
     172   -0.013575
     173   -0.012770
     174   -0.012770
     175   -0.011827
     176   -0.011827
     177   -0.010750
     178   -0.010750
     179   -0.009546
     180   -0.009546
     181   -0.008164
     182   -0.008164
     183   -0.006676
     184   -0.006676
     185   -0.005150
     186   -0.005150
     187   -0.003564
     188   -0.003564
     189   -0.001941
     190   -0.001941
     191   -0.000562
     192   -0.000562
     193    0.001596
     194    0.001596
     195    0.006402
     196    0.006402
     197    0.011534
     198    0.011534
     199   -0.070584
     200   -0.070584
     201   -0.070186
     202   -0.070186
     203   -0.069755
     204   -0.069755
     205   -0.069694
     206   -0.069694
     207   -0.069779
     208   -0.069779
     209   -0.069800
     210   -0.069800
     211   -0.069794
     212   -0.069794
     213   -0.069781
     214   -0.069781
     215   -0.069770
     216   -0.069770
     217   -0.069755
     218   -0.069755
     219   -0.069733
     220   -0.069733
     221   -0.069701
     222   -0.069701
     223   -0.069653
     224   -0.069653
     225   -0.069594
     226   -0.069594
     227   -0.069524
     228   -0.069524
     229   -0.069442
     230   -0.069442
     231   -0.069352
     232   -0.069352
     233   -0.069253
     234   -0.069253
     235   -0.069147
     236   -0.069147
     237   -0.069034
     238   -0.069034
     239   -0.068916
     240   -0.068916
     241   -0.068799
     242   -0.068799
     243   -0.068678
     244   -0.068678
     245   -0.068550
     246   -0.068550
     247   -0.068420
     248   -0.068420
     249   -0.068287
     250   -0.068287
     251   -0.068145
     252   -0.068145
     253   -0.067996
     254   -0.067996
     255   -0.067841
     256   -0.067841
     257   -0.067680
     258   -0.067680
     259   -0.067515
     260   -0.067515
     261   -0.067344
     262   -0.067344
     263   -0.067168
     264   -0.067168
     265   -0.066990
     266   -0.066990
     267   -0.066811
     268   -0.066811
     269   -0.066629
     270   -0.066629
     271   -0.066433
     272   -0.066433
     273   -0.066209
     274   -0.066209
     275   -0.065965
     276   -0.065965
     277   -0.065711
     278   -0.065711
     279   -0.065450
     280   -0.065450
     281   -0.065185
     282   -0.065185
     283   -0.064906
     284   -0.064906
     285   -0.064597
     286   -0.064597
     287   -0.064275
     288   -0.064275
     289   -0.063940
     290   -0.063940
     291   -0.063578
     292   -0.063578
     293   -0.063209
     294   -0.063209
     295   -0.062822
     296   -0.062822
     297   -0.062395
     298   -0.062395
     299   -0.061962
     300   -0.061962
     301   -0.061524
     302   -0.061524
     303   -0.061008
     304   -0.061008
     305   -0.060359
     306   -0.060359
     307   -0.059576
     308   -0.059576
     309   -0.058668
     310   -0.058668
     311   -0.057651
     312   -0.057651
     313   -0.056507
     314   -0.056507
     315   -0.055250
     316   -0.055250
     317   -0.054343
     318   -0.054343
     319   -0.054159
     320   -0.054159
     321   -0.054376
     322   -0.054376
     323   -0.054645
     324   -0.054645
     325   -0.054848
     326   -0.054848
     327   -0.054944
     328   -0.054944
     329   -0.054924
     330   -0.054924
     331   -0.054826
     332   -0.054826
     333   -0.054679
     334   -0.054679
     335   -0.054469
     336   -0.054469
     337   -0.054213
     338   -0.054213
     339   -0.053916
     340   -0.053916
     341   -0.053574
     342   -0.053574
     343   -0.053193
     344   -0.053193
     345   -0.052772
     346   -0.052772
     347   -0.052264
     348   -0.052264
     349   -0.051681
     350   -0.051681
     351   -0.051063
     352   -0.051063
     353   -0.050368
     354   -0.050368
     355   -0.049571
     356   -0.049571
     357   -0.048679
     358   -0.048679
     359   -0.047714
     360   -0.047714
     361   -0.046684
     362   -0.046684
     363   -0.045454
     364   -0.045454
     365   -0.043949
     366   -0.043949
     367   -0.042226
     368   -0.042226
     369   -0.040326
     370   -0.040326
     371   -0.038156
     372   -0.038156
     373   -0.035610
     374   -0.035610
     375   -0.032710
     376   -0.032710
     377   -0.029471
     378   -0.029471
     379   -0.025769
     380   -0.025769
     381   -0.021815
     382   -0.021815
     383   -0.017804
     384   -0.017804
     385   -0.013782
     386   -0.013782
     387   -0.009845
     388   -0.009845
     389   -0.006416
     390   -0.006416
     391   -0.001474
     392   -0.001474
     393    0.008047
     394    0.008047
     395    0.017448
     396    0.017448
     397   -0.110268
     398   -0.110268
     399   -0.109947
     400   -0.109947
     401   -0.109675
     402   -0.109675
     403   -0.109726
     404   -0.109726
     405   -0.109828
     406   -0.109828
     407   -0.109841
     408   -0.109841
     409   -0.109828
     410   -0.109828
     411   -0.109806
     412   -0.109806
     413   -0.109783
     414   -0.109783
     415   -0.109749
     416   -0.109749
     417   -0.109703
     418   -0.109703
     419   -0.109644
     420   -0.109644
     421   -0.109568
     422   -0.109568
     423   -0.109476
     424   -0.109476
     425   -0.109368
     426   -0.109368
     427   -0.109244
     428   -0.109244
     429   -0.109104
     430   -0.109104
     431   -0.108950
     432   -0.108950
     433   -0.108785
     434   -0.108785
     435   -0.108609
     436   -0.108609
     437   -0.108426
     438   -0.108426
     439   -0.108240
     440   -0.108240
     441   -0.108049
     442   -0.108049
     443   -0.107853
     444   -0.107853
     445   -0.107652
     446   -0.107652
     447   -0.107446
     448   -0.107446
     449   -0.107228
     450   -0.107228
     451   -0.106999
     452   -0.106999
     453   -0.106761
     454   -0.106761
     455   -0.106515
     456   -0.106515
     457   -0.106261
     458   -0.106261
     459   -0.105999
     460   -0.105999
     461   -0.105731
     462   -0.105731
     463   -0.105458
     464   -0.105458
     465   -0.105185
     466   -0.105185
     467   -0.104911
     468   -0.104911
     469   -0.104619
     470   -0.104619
     471   -0.104279
     472   -0.104279
     473   -0.103901
     474   -0.103901
     475   -0.103507
     476   -0.103507
     477   -0.103101
     478   -0.103101
     479   -0.102689
     480   -0.102689
     481   -0.102261
     482   -0.102261
     483   -0.101800
     484   -0.101800
     485   -0.101322
     486   -0.101322
     487   -0.100822
     488   -0.100822
     489   -0.100283
     490   -0.100283
     491   -0.099714
     492   -0.099714
     493   -0.099108
     494   -0.099108
     495   -0.098459
     496   -0.098459
     497   -0.097803
     498   -0.097803
     499   -0.097132
     500   -0.097132
     501   -0.096347
     502   -0.096347
     503   -0.095364
     504   -0.095364
     505   -0.094199
     506   -0.094199
     507   -0.092884
     508   -0.092884
     509   -0.091426
     510   -0.091426
     511   -0.089797
     512   -0.089797
     513   -0.088060
     514   -0.088060
     515   -0.086790
     516   -0.086790
     517   -0.086459
     518   -0.086459
     519   -0.086728
     520   -0.086728
     521   -0.087121
     522   -0.087121
     523   -0.087431
     524   -0.087431
     525   -0.087582
     526   -0.087582
     527   -0.087568
     528   -0.087568
     529   -0.087448
     530   -0.087448
     531   -0.087256
     532   -0.087256
     533   -0.086975
     534   -0.086975
     535   -0.086621
     536   -0.086621
     537   -0.086199
     538   -0.086199
     539   -0.085709
     540   -0.085709
     541   -0.085147
     542   -0.085147
     543   -0.084508
     544   -0.084508
     545   -0.083756
     546   -0.083756
     547   -0.082915
     548   -0.082915
     549   -0.082015
     550   -0.082015
     551   -0.081002
     552   -0.081002
     553   -0.079838
     554   -0.079838
     555   -0.078524
     556   -0.078524
     557   -0.077088
     558   -0.077088
     559   -0.075533
     560   -0.075533
     561   -0.073744
     562   -0.073744
     563   -0.071647
     564   -0.071647
     565   -0.069254
     566   -0.069254
     567   -0.066612
     568   -0.066612
     569   -0.063596
     570   -0.063596
     571   -0.060051
     572   -0.060051
     573   -0.056033
     574   -0.056033
     575   -0.051522
     576   -0.051522
     577   -0.046416
     578   -0.046416
     579   -0.040973
     580   -0.040973
     581   -0.035475
     582   -0.035475
     583   -0.030089
     584   -0.030089
     585   -0.024794
     586   -0.024794
     587   -0.018841
     588   -0.018841
     589   -0.010994
     590   -0.010994
     591   -0.001750
     592   -0.001750
     593    0.005265
     594    0.005265
     595   -0.147292
     596   -0.147292
     597   -0.146982
     598   -0.146982
     599   -0.146736
     600   -0.146736
     601   -0.146812
     602   -0.146812
     603   -0.146935
     604   -0.146935
     605   -0.146966
     606   -0.146966
     607   -0.146959
     608   -0.146959
     609   -0.146929
     610   -0.146929
     611   -0.146887
     612   -0.146887
     613   -0.146829
     614   -0.146829
     615   -0.146753
     616   -0.146753
     617   -0.146660
     618   -0.146660
     619   -0.146549
     620   -0.146549
     621   -0.146420
     622   -0.146420
     623   -0.146274
     624   -0.146274
     625   -0.146110
     626   -0.146110
     627   -0.145926
     628   -0.145926
     629   -0.145723
     630   -0.145723
     631   -0.145504
     632   -0.145504
     633   -0.145272
     634   -0.145272
     635   -0.145029
     636   -0.145029
     637   -0.144780
     638   -0.144780
     639   -0.144527
     640   -0.144527
     641   -0.144268
     642   -0.144268
     643   -0.144003
     644   -0.144003
     645   -0.143729
     646   -0.143729
     647   -0.143443
     648   -0.143443
     649   -0.143144
     650   -0.143144
     651   -0.142833
     652   -0.142833
     653   -0.142512
     654   -0.142512
     655   -0.142180
     656   -0.142180
     657   -0.141838
     658   -0.141838
     659   -0.141487
     660   -0.141487
     661   -0.141131
     662   -0.141131
     663   -0.140773
     664   -0.140773
     665   -0.140418
     666   -0.140418
     667   -0.140042
     668   -0.140042
     669   -0.139606
     670   -0.139606
     671   -0.139115
     672   -0.139115
     673   -0.138597
     674   -0.138597
     675   -0.138071
     676   -0.138071
     677   -0.137536
     678   -0.137536
     679   -0.136981
     680   -0.136981
     681   -0.136395
     682   -0.136395
     683   -0.135785
     684   -0.135785
     685   -0.135141
     686   -0.135141
     687   -0.134448
     688   -0.134448
     689   -0.133704
     690   -0.133704
     691   -0.132910
     692   -0.132910
     693   -0.132070
     694   -0.132070
     695   -0.131197
     696   -0.131197
     697   -0.130272
     698   -0.130272
     699   -0.129204
     700   -0.129204
     701   -0.127928
     702   -0.127928
     703   -0.126478
     704   -0.126478
     705   -0.124882
     706   -0.124882
     707   -0.123126
     708   -0.123126
     709   -0.121206
     710   -0.121206
     711   -0.119273
     712   -0.119273
     713   -0.117821
     714   -0.117821
     715   -0.117308
     716   -0.117308
     717   -0.117525
     718   -0.117525
     719   -0.117953
     720   -0.117953
     721   -0.118315
     722   -0.118315
     723   -0.118504
     724   -0.118504
     725   -0.118504
     726   -0.118504
     727   -0.118372
     728   -0.118372
     729   -0.118136
     730   -0.118136
     731   -0.117793
     732   -0.117793
     733   -0.117354
     734   -0.117354
     735   -0.116833
     736   -0.116833
     737   -0.116228
     738   -0.116228
     739   -0.115521
     740   -0.115521
     741   -0.114701
     742   -0.114701
     743   -0.113770
     744   -0.113770
     745   -0.112745
     746   -0.112745
     747   -0.111623
     748   -0.111623
     749   -0.110355
     750   -0.110355
     751   -0.108919
     752   -0.108919
     753   -0.107306
     754   -0.107306
     755   -0.105527
     756   -0.105527
     757   -0.103583
     758   -0.103583
     759   -0.101437
     760   -0.101437
     761   -0.099032
     762   -0.099032
     763   -0.096309
     764   -0.096309
     765   -0.093309
     766   -0.093309
     767   -0.089892
     768   -0.089892
     769   -0.085904
     770   -0.085904
     771   -0.081402
     772   -0.081402
     773   -0.076310
     774   -0.076310
     775   -0.070590
     776   -0.070590
     777   -0.064391
     778   -0.064391
     779   -0.058102
     780   -0.058102
     781   -0.051876
     782   -0.051876
     783   -0.045118
     784   -0.045118
     785   -0.035353
     786   -0.035353
     787   -0.022774
     788   -0.022774
     789   -0.012629
     790   -0.012629
     791   -0.006869
     792   -0.006869
     793   -0.185222
     794   -0.185222
     795   -0.184790
     796   -0.184790
     797   -0.184374
     798   -0.184374
     799   -0.184409
     800   -0.184409
     801   -0.184603
     802   -0.184603
     803   -0.184689
     804   -0.184689
     805   -0.184693
     806   -0.184693
     807   -0.184646
     808   -0.184646
     809   -0.184573
     810   -0.184573
     811   -0.184479
     812   -0.184479
     813   -0.184366
     814   -0.184366
     815   -0.184232
     816   -0.184232
     817   -0.184077
     818   -0.184077
     819   -0.183902
     820   -0.183902
     821   -0.183710
     822   -0.183710
     823   -0.183501
     824   -0.183501
     825   -0.183272
     826   -0.183272
     827   -0.183022
     828   -0.183022
     829   -0.182751
     830   -0.182751
     831   -0.182463
     832   -0.182463
     833   -0.182162
     834   -0.182162
     835   -0.181852
     836   -0.181852
     837   -0.181538
     838   -0.181538
     839   -0.181219
     840   -0.181219
     841   -0.180889
     842   -0.180889
     843   -0.180549
     844   -0.180549
     845   -0.180198
     846   -0.180198
     847   -0.179831
     848   -0.179831
     849   -0.179450
     850   -0.179450
     851   -0.179056
     852   -0.179056
     853   -0.178648
     854   -0.178648
     855   -0.178227
     856   -0.178227
     857   -0.177795
     858   -0.177795
     859   -0.177356
     860   -0.177356
     861   -0.176911
     862   -0.176911
     863   -0.176463
     864   -0.176463
     865   -0.175991
     866   -0.175991
     867   -0.175464
     868   -0.175464
     869   -0.174880
     870   -0.174880
     871   -0.174263
     872   -0.174263
     873   -0.173633
     874   -0.173633
     875   -0.172987
     876   -0.172987
     877   -0.172314
     878   -0.172314
     879   -0.171611
     880   -0.171611
     881   -0.170870
     882   -0.170870
     883   -0.170083
     884   -0.170083
     885   -0.169240
     886   -0.169240
     887   -0.168334
     888   -0.168334
     889   -0.167371
     890   -0.167371
     891   -0.166341
     892   -0.166341
     893   -0.165228
     894   -0.165228
     895   -0.164001
     896   -0.164001
     897   -0.162627
     898   -0.162627
     899   -0.161104
     900   -0.161104
     901   -0.159448
     902   -0.159448
     903   -0.157643
     904   -0.157643
     905   -0.155663
     906   -0.155663
     907   -0.153549
     908   -0.153549
     909   -0.151499
     910   -0.151499
     911   -0.149929
     912   -0.149929
     913   -0.149253
     914   -0.149253
     915   -0.149341
     916   -0.149341
     917   -0.149695
     918   -0.149695
     919   -0.150031
     920   -0.150031
     921   -0.150226
     922   -0.150226
     923   -0.150233
     924   -0.150233
     925   -0.150086
     926   -0.150086
     927   -0.149793
     928   -0.149793
     929   -0.149359
     930   -0.149359
     931   -0.148820
     932   -0.148820
     933   -0.148190
     934   -0.148190
     935   -0.147457
     936   -0.147457
     937   -0.146606
     938   -0.146606
     939   -0.145624
     940   -0.145624
     941   -0.144524
     942   -0.144524
     943   -0.143317
     944   -0.143317
     945   -0.141972
     946   -0.141972
     947   -0.140446
     948   -0.140446
     949   -0.138743
     950   -0.138743
     951   -0.136873
     952   -0.136873
     953   -0.134820
     954   -0.134820
     955   -0.132558
     956   -0.132558
     957   -0.130100
     958   -0.130100
     959   -0.127414
     960   -0.127414
     961   -0.124423
     962   -0.124423
     963   -0.121146
     964   -0.121146
     965   -0.117460
     966   -0.117460
     967   -0.113232
     968   -0.113232
     969   -0.108453
     970   -0.108453
     971   -0.103011
     972   -0.103011
     973   -0.096837
     974   -0.096837
     975   -0.089877
     976   -0.089877
     977   -0.083063
     978   -0.083063
     979   -0.076332
     980   -0.076332
     981   -0.067797
     982   -0.067797
     983   -0.055338
     984   -0.055338
     985   -0.040262
     986   -0.040262
     987   -0.028354
     988   -0.028354
     989   -0.021371
     990   -0.021371
     991   -0.226692
     992   -0.226692
     993   -0.226263
     994   -0.226263
     995   -0.225845
     996   -0.225845
     997   -0.225868
     998   -0.225868
     999   -0.226017
    1000   -0.226017
    1001   -0.226037
    1002   -0.226037
    1003   -0.225979
    1004   -0.225979
    1005   -0.225877
    1006   -0.225877
    1007   -0.225750
    1008   -0.225750
    1009   -0.225603
    1010   -0.225603
    1011   -0.225440
    1012   -0.225440
    1013   -0.225256
    1014   -0.225256
    1015   -0.225050
    1016   -0.225050
    1017   -0.224823
    1018   -0.224823
    1019   -0.224577
    1020   -0.224577
    1021   -0.224313
    1022   -0.224313
    1023   -0.224032
    1024   -0.224032
    1025   -0.223730
    1026   -0.223730
    1027   -0.223404
    1028   -0.223404
    1029   -0.223056
    1030   -0.223056
    1031   -0.222693
    1032   -0.222693
    1033   -0.222323
    1034   -0.222323
    1035   -0.221949
    1036   -0.221949
    1037   -0.221569
    1038   -0.221569
    1039   -0.221178
    1040   -0.221178
    1041   -0.220774
    1042   -0.220774
    1043   -0.220356
    1044   -0.220356
    1045   -0.219921
    1046   -0.219921
    1047   -0.219468
    1048   -0.219468
    1049   -0.218998
    1050   -0.218998
    1051   -0.218510
    1052   -0.218510
    1053   -0.218005
    1054   -0.218005
    1055   -0.217486
    1056   -0.217486
    1057   -0.216957
    1058   -0.216957
    1059   -0.216420
    1060   -0.216420
    1061   -0.215869
    1062   -0.215869
    1063   -0.215292
    1064   -0.215292
    1065   -0.214669
    1066   -0.214669
    1067   -0.213999
    1068   -0.213999
    1069   -0.213294
    1070   -0.213294
    1071   -0.212563
    1072   -0.212563
    1073   -0.211802
    1074   -0.211802
    1075   -0.211009
    1076   -0.211009
    1077   -0.210183
    1078   -0.210183
    1079   -0.209309
    1080   -0.209309
    1081   -0.208379
    1082   -0.208379
    1083   -0.207391
    1084   -0.207391
    1085   -0.206336
    1086   -0.206336
    1087   -0.205212
    1088   -0.205212
    1089   -0.203999
    1090   -0.203999
    1091   -0.202663
    1092   -0.202663
    1093   -0.201181
    1094   -0.201181
    1095   -0.199578
    1096   -0.199578
    1097   -0.197882
    1098   -0.197882
    1099   -0.196066
    1100   -0.196066
    1101   -0.194080
    1102   -0.194080
    1103   -0.191905
    1104   -0.191905
    1105   -0.189613
    1106   -0.189613
    1107   -0.187389
    1108   -0.187389
    1109   -0.185608
    1110   -0.185608
    1111   -0.184687
    1112   -0.184687
    1113   -0.184558
    1114   -0.184558
    1115   -0.184760
    1116   -0.184760
    1117   -0.184979
    1118   -0.184979
    1119   -0.185083
    1120   -0.185083
    1121   -0.185012
    1122   -0.185012
    1123   -0.184789
    1124   -0.184789
    1125   -0.184427
    1126   -0.184427
    1127   -0.183919
    1128   -0.183919
    1129   -0.183288
    1130   -0.183288
    1131   -0.182532
    1132   -0.182532
    1133   -0.181640
    1134   -0.181640
    1135   -0.180624
    1136   -0.180624
    1137   -0.179476
    1138   -0.179476
    1139   -0.178193
    1140   -0.178193
    1141   -0.176773
    1142   -0.176773
    1143   -0.175180
    1144   -0.175180
    1145   -0.173379
    1146   -0.173379
    1147   -0.171381
    1148   -0.171381
    1149   -0.169213
    1150   -0.169213
    1151   -0.166830
    1152   -0.166830
    1153   -0.164184
    1154   -0.164184
    1155   -0.161295
    1156   -0.161295
    1157   -0.158144
    1158   -0.158144
    1159   -0.154679
    1160   -0.154679
    1161   -0.150904
    1162   -0.150904
    1163   -0.146736
    1164   -0.146736
    1165   -0.142048
    1166   -0.142048
    1167   -0.136747
    1168   -0.136747
    1169   -0.130692
    1170   -0.130692
    1171   -0.123708
    1172   -0.123708
    1173   -0.115571
    1174   -0.115571
    1175   -0.107841
    1176   -0.107841
    1177   -0.100265
    1178   -0.100265
    1179   -0.089784
    1180   -0.089784
    1181   -0.076373
    1182   -0.076373
    1183   -0.061742
    1184   -0.061742
    1185   -0.048522
    1186   -0.048522
    1187   -0.039446
    1188   -0.039446
    1189   -0.274027
    1190   -0.274027
    1191   -0.273770
    1192   -0.273770
    1193   -0.273541
    1194   -0.273541
    1195   -0.273485
    1196   -0.273485
    1197   -0.273378
    1198   -0.273378
    1199   -0.273185
    1200   -0.273185
    1201   -0.272994
    1202   -0.272994
    1203   -0.272793
    1204   -0.272793
    1205   -0.272578
    1206   -0.272578
    1207   -0.272356
    1208   -0.272356
    1209   -0.272125
    1210   -0.272125
    1211   -0.271878
    1212   -0.271878
    1213   -0.271609
    1214   -0.271609
    1215   -0.271321
    1216   -0.271321
    1217   -0.271013
    1218   -0.271013
    1219   -0.270686
    1220   -0.270686
    1221   -0.270340
    1222   -0.270340
    1223   -0.269973
    1224   -0.269973
    1225   -0.269581
    1226   -0.269581
    1227   -0.269163
    1228   -0.269163
    1229   -0.268728
    1230   -0.268728
    1231   -0.268294
    1232   -0.268294
    1233   -0.267861
    1234   -0.267861
    1235   -0.267421
    1236   -0.267421
    1237   -0.266966
    1238   -0.266966
    1239   -0.266497
    1240   -0.266497
    1241   -0.266010
    1242   -0.266010
    1243   -0.265501
    1244   -0.265501
    1245   -0.264970
    1246   -0.264970
    1247   -0.264417
    1248   -0.264417
    1249   -0.263841
    1250   -0.263841
    1251   -0.263240
    1252   -0.263240
    1253   -0.262622
    1254   -0.262622
    1255   -0.261997
    1256   -0.261997
    1257   -0.261365
    1258   -0.261365
    1259   -0.260713
    1260   -0.260713
    1261   -0.260031
    1262   -0.260031
    1263   -0.259312
    1264   -0.259312
    1265   -0.258553
    1266   -0.258553
    1267   -0.257751
    1268   -0.257751
    1269   -0.256906
    1270   -0.256906
    1271   -0.256021
    1272   -0.256021
    1273   -0.255100
    1274   -0.255100
    1275   -0.254141
    1276   -0.254141
    1277   -0.253130
    1278   -0.253130
    1279   -0.252060
    1280   -0.252060
    1281   -0.250933
    1282   -0.250933
    1283   -0.249740
    1284   -0.249740
    1285   -0.248465
    1286   -0.248465
    1287   -0.247092
    1288   -0.247092
    1289   -0.245596
    1290   -0.245596
    1291   -0.243967
    1292   -0.243967
    1293   -0.242237
    1294   -0.242237
    1295   -0.240410
    1296   -0.240410
    1297   -0.238439
    1298   -0.238439
    1299   -0.236277
    1300   -0.236277
    1301   -0.233925
    1302   -0.233925
    1303   -0.231464
    1304   -0.231464
    1305   -0.229037
    1306   -0.229037
    1307   -0.226952
    1308   -0.226952
    1309   -0.225680
    1310   -0.225680
    1311   -0.225293
    1312   -0.225293
    1313   -0.225331
    1314   -0.225331
    1315   -0.225381
    1316   -0.225381
    1317   -0.225298
    1318   -0.225298
    1319   -0.225050
    1320   -0.225050
    1321   -0.224667
    1322   -0.224667
    1323   -0.224195
    1324   -0.224195
    1325   -0.223612
    1326   -0.223612
    1327   -0.222870
    1328   -0.222870
    1329   -0.221955
    1330   -0.221955
    1331   -0.220877
    1332   -0.220877
    1333   -0.219663
    1334   -0.219663
    1335   -0.218324
    1336   -0.218324
    1337   -0.216837
    1338   -0.216837
    1339   -0.215166
    1340   -0.215166
    1341   -0.213284
    1342   -0.213284
    1343   -0.211187
    1344   -0.211187
    1345   -0.208863
    1346   -0.208863
    1347   -0.206303
    1348   -0.206303
    1349   -0.203472
    1350   -0.203472
    1351   -0.200337
    1352   -0.200337
    1353   -0.196897
    1354   -0.196897
    1355   -0.193124
    1356   -0.193124
    1357   -0.189003
    1358   -0.189003
    1359   -0.184517
    1360   -0.184517
    1361   -0.179600
    1362   -0.179600
    1363   -0.174146
    1364   -0.174146
    1365   -0.168020
    1366   -0.168020
    1367   -0.161064
    1368   -0.161064
    1369   -0.153192
    1370   -0.153192
    1371   -0.144014
    1372   -0.144014
    1373   -0.134436
    1374   -0.134436
    1375   -0.124646
    1376   -0.124646
    1377   -0.112457
    1378   -0.112457
    1379   -0.098455
    1380   -0.098455
    1381   -0.083675
    1382   -0.083675
    1383   -0.068700
    1384   -0.068700
    1385   -0.057377
    1386   -0.057377
    1387   -0.329667
    1388   -0.329667
    1389   -0.329355
    1390   -0.329355
    1391   -0.328939
    1392   -0.328939
    1393   -0.328546
    1394   -0.328546
    1395   -0.328122
    1396   -0.328122
    1397   -0.327691
    1398   -0.327691
    1399   -0.327302
    1400   -0.327302
    1401   -0.326924
    1402   -0.326924
    1403   -0.326555
    1404   -0.326555
    1405   -0.326209
    1406   -0.326209
    1407   -0.325879
    1408   -0.325879
    1409   -0.325548
    1410   -0.325548
    1411   -0.325204
    1412   -0.325204
    1413   -0.324845
    1414   -0.324845
    1415   -0.324469
    1416   -0.324469
    1417   -0.324070
    1418   -0.324070
    1419   -0.323649
    1420   -0.323649
    1421   -0.323205
    1422   -0.323205
    1423   -0.322736
    1424   -0.322736
    1425   -0.322238
    1426   -0.322238
    1427   -0.321720
    1428   -0.321720
    1429   -0.321209
    1430   -0.321209
    1431   -0.320708
    1432   -0.320708
    1433   -0.320197
    1434   -0.320197
    1435   -0.319669
    1436   -0.319669
    1437   -0.319126
    1438   -0.319126
    1439   -0.318562
    1440   -0.318562
    1441   -0.317974
    1442   -0.317974
    1443   -0.317359
    1444   -0.317359
    1445   -0.316716
    1446   -0.316716
    1447   -0.316043
    1448   -0.316043
    1449   -0.315338
    1450   -0.315338
    1451   -0.314610
    1452   -0.314610
    1453   -0.313880
    1454   -0.313880
    1455   -0.313146
    1456   -0.313146
    1457   -0.312390
    1458   -0.312390
    1459   -0.311602
    1460   -0.311602
    1461   -0.310783
    1462   -0.310783
    1463   -0.309928
    1464   -0.309928
    1465   -0.309018
    1466   -0.309018
    1467   -0.308052
    1468   -0.308052
    1469   -0.307042
    1470   -0.307042
    1471   -0.305989
    1472   -0.305989
    1473   -0.304893
    1474   -0.304893
    1475   -0.303744
    1476   -0.303744
    1477   -0.302533
    1478   -0.302533
    1479   -0.301261
    1480   -0.301261
    1481   -0.299922
    1482   -0.299922
    1483   -0.298494
    1484   -0.298494
    1485   -0.296966
    1486   -0.296966
    1487   -0.295331
    1488   -0.295331
    1489   -0.293581
    1490   -0.293581
    1491   -0.291726
    1492   -0.291726
    1493   -0.289756
    1494   -0.289756
    1495   -0.287634
    1496   -0.287634
    1497   -0.285331
    1498   -0.285331
    1499   -0.282869
    1500   -0.282869
    1501   -0.280312
    1502   -0.280312
    1503   -0.277778
    1504   -0.277778
    1505   -0.275553
    1506   -0.275553
    1507   -0.274142
    1508   -0.274142
    1509   -0.273652
    1510   -0.273652
    1511   -0.273595
    1512   -0.273595
    1513   -0.273531
    1514   -0.273531
    1515   -0.273318
    1516   -0.273318
    1517   -0.272924
    1518   -0.272924
    1519   -0.272357
    1520   -0.272357
    1521   -0.271682
    1522   -0.271682
    1523   -0.270888
    1524   -0.270888
    1525   -0.269923
    1526   -0.269923
    1527   -0.268790
    1528   -0.268790
    1529   -0.267495
    1530   -0.267495
    1531   -0.266050
    1532   -0.266050
    1533   -0.264474
    1534   -0.264474
    1535   -0.262735
    1536   -0.262735
    1537   -0.260779
    1538   -0.260779
    1539   -0.258582
    1540   -0.258582
    1541   -0.256155
    1542   -0.256155
    1543   -0.253461
    1544   -0.253461
    1545   -0.250453
    1546   -0.250453
    1547   -0.247132
    1548   -0.247132
    1549   -0.243467
    1550   -0.243467
    1551   -0.239441
    1552   -0.239441
    1553   -0.235043
    1554   -0.235043
    1555   -0.230263
    1556   -0.230263
    1557   -0.225022
    1558   -0.225022
    1559   -0.219257
    1560   -0.219257
    1561   -0.212897
    1562   -0.212897
    1563   -0.205766
    1564   -0.205766
    1565   -0.197706
    1566   -0.197706
    1567   -0.188960
    1568   -0.188960
    1569   -0.179014
    1570   -0.179014
    1571   -0.167157
    1572   -0.167157
    1573   -0.154319
    1574   -0.154319
    1575   -0.140461
    1576   -0.140461
    1577   -0.125080
    1578   -0.125080
    1579   -0.108064
    1580   -0.108064
    1581   -0.090083
    1582   -0.090083
    1583   -0.076029
    1584   -0.076029
    1585   -0.396664
    1586   -0.396664
    1587   -0.395986
    1588   -0.395986
    1589   -0.394979
    1590   -0.394979
    1591   -0.394056
    1592   -0.394056
    1593   -0.393254
    1594   -0.393254
    1595   -0.392520
    1596   -0.392520
    1597   -0.391835
    1598   -0.391835
    1599   -0.391185
    1600   -0.391185
    1601   -0.390594
    1602   -0.390594
    1603   -0.390070
    1604   -0.390070
    1605   -0.389596
    1606   -0.389596
    1607   -0.389147
    1608   -0.389147
    1609   -0.388707
    1610   -0.388707
    1611   -0.388267
    1612   -0.388267
    1613   -0.387814
    1614   -0.387814
    1615   -0.387335
    1616   -0.387335
    1617   -0.386827
    1618   -0.386827
    1619   -0.386297
    1620   -0.386297
    1621   -0.385746
    1622   -0.385746
    1623   -0.385164
    1624   -0.385164
    1625   -0.384559
    1626   -0.384559
    1627   -0.383956
    1628   -0.383956
    1629   -0.383357
    1630   -0.383357
    1631   -0.382751
    1632   -0.382751
    1633   -0.382133
    1634   -0.382133
    1635   -0.381505
    1636   -0.381505
    1637   -0.380862
    1638   -0.380862
    1639   -0.380190
    1640   -0.380190
    1641   -0.379484
    1642   -0.379484
    1643   -0.378743
    1644   -0.378743
    1645   -0.377965
    1646   -0.377965
    1647   -0.377153
    1648   -0.377153
    1649   -0.376314
    1650   -0.376314
    1651   -0.375463
    1652   -0.375463
    1653   -0.374603
    1654   -0.374603
    1655   -0.373723
    1656   -0.373723
    1657   -0.372817
    1658   -0.372817
    1659   -0.371881
    1660   -0.371881
    1661   -0.370909
    1662   -0.370909
    1663   -0.369883
    1664   -0.369883
    1665   -0.368800
    1666   -0.368800
    1667   -0.367666
    1668   -0.367666
    1669   -0.366484
    1670   -0.366484
    1671   -0.365252
    1672   -0.365252
    1673   -0.363965
    1674   -0.363965
    1675   -0.362609
    1676   -0.362609
    1677   -0.361175
    1678   -0.361175
    1679   -0.359660
    1680   -0.359660
    1681   -0.358051
    1682   -0.358051
    1683   -0.356340
    1684   -0.356340
    1685   -0.354529
    1686   -0.354529
    1687   -0.352610
    1688   -0.352610
    1689   -0.350578
    1690   -0.350578
    1691   -0.348431
    1692   -0.348431
    1693   -0.346150
    1694   -0.346150
    1695   -0.343728
    1696   -0.343728
    1697   -0.341191
    1698   -0.341191
    1699   -0.338576
    1700   -0.338576
    1701   -0.336003
    1702   -0.336003
    1703   -0.333811
    1704   -0.333811
    1705   -0.332479
    1706   -0.332479
    1707   -0.332013
    1708   -0.332013
    1709   -0.331910
    1710   -0.331910
    1711   -0.331783
    1712   -0.331783
    1713   -0.331516
    1714   -0.331516
    1715   -0.331053
    1716   -0.331053
    1717   -0.330363
    1718   -0.330363
    1719   -0.329489
    1720   -0.329489
    1721   -0.328445
    1722   -0.328445
    1723   -0.327240
    1724   -0.327240
    1725   -0.325889
    1726   -0.325889
    1727   -0.324377
    1728   -0.324377
    1729   -0.322699
    1730   -0.322699
    1731   -0.320865
    1732   -0.320865
    1733   -0.318842
    1734   -0.318842
    1735   -0.316595
    1736   -0.316595
    1737   -0.314097
    1738   -0.314097
    1739   -0.311324
    1740   -0.311324
    1741   -0.308254
    1742   -0.308254
    1743   -0.304852
    1744   -0.304852
    1745   -0.301101
    1746   -0.301101
    1747   -0.296952
    1748   -0.296952
    1749   -0.292384
    1750   -0.292384
    1751   -0.287414
    1752   -0.287414
    1753   -0.282013
    1754   -0.282013
    1755   -0.276055
    1756   -0.276055
    1757   -0.269444
    1758   -0.269444
    1759   -0.262098
    1760   -0.262098
    1761   -0.253845
    1762   -0.253845
    1763   -0.244569
    1764   -0.244569
    1765   -0.234594
    1766   -0.234594
    1767   -0.223432
    1768   -0.223432
    1769   -0.209707
    1770   -0.209707
    1771   -0.194227
    1772   -0.194227
    1773   -0.177769
    1774   -0.177769
    1775   -0.159320
    1776   -0.159320
    1777   -0.138230
    1778   -0.138230
    1779   -0.115623
    1780   -0.115623
    1781   -0.097612
    1782   -0.097612
    1783   -0.479130
    1784   -0.479130
    1785   -0.478108
    1786   -0.478108
    1787   -0.476639
    1788   -0.476639
    1789   -0.475326
    1790   -0.475326
    1791   -0.474181
    1792   -0.474181
    1793   -0.473141
    1794   -0.473141
    1795   -0.472158
    1796   -0.472158
    1797   -0.471231
    1798   -0.471231
    1799   -0.470409
    1800   -0.470409
    1801   -0.469690
    1802   -0.469690
    1803   -0.469041
    1804   -0.469041
    1805   -0.468436
    1806   -0.468436
    1807   -0.467865
    1808   -0.467865
    1809   -0.467310
    1810   -0.467310
    1811   -0.466752
    1812   -0.466752
    1813   -0.466171
    1814   -0.466171
    1815   -0.465558
    1816   -0.465558
    1817   -0.464928
    1818   -0.464928
    1819   -0.464282
    1820   -0.464282
    1821   -0.463607
    1822   -0.463607
    1823   -0.462905
    1824   -0.462905
    1825   -0.462190
    1826   -0.462190
    1827   -0.461469
    1828   -0.461469
    1829   -0.460745
    1830   -0.460745
    1831   -0.460020
    1832   -0.460020
    1833   -0.459296
    1834   -0.459296
    1835   -0.458561
    1836   -0.458561
    1837   -0.457796
    1838   -0.457796
    1839   -0.456990
    1840   -0.456990
    1841   -0.456141
    1842   -0.456141
    1843   -0.455252
    1844   -0.455252
    1845   -0.454326
    1846   -0.454326
    1847   -0.453366
    1848   -0.453366
    1849   -0.452379
    1850   -0.452379
    1851   -0.451368
    1852   -0.451368
    1853   -0.450340
    1854   -0.450340
    1855   -0.449292
    1856   -0.449292
    1857   -0.448215
    1858   -0.448215
    1859   -0.447100
    1860   -0.447100
    1861   -0.445941
    1862   -0.445941
    1863   -0.444726
    1864   -0.444726
    1865   -0.443455
    1866   -0.443455
    1867   -0.442135
    1868   -0.442135
    1869   -0.440761
    1870   -0.440761
    1871   -0.439324
    1872   -0.439324
    1873   -0.437801
    1874   -0.437801
    1875   -0.436176
    1876   -0.436176
    1877   -0.434452
    1878   -0.434452
    1879   -0.432632
    1880   -0.432632
    1881   -0.430708
    1882   -0.430708
    1883   -0.428685
    1884   -0.428685
    1885   -0.426557
    1886   -0.426557
    1887   -0.424310
    1888   -0.424310
    1889   -0.421951
    1890   -0.421951
    1891   -0.419471
    1892   -0.419471
    1893   -0.416873
    1894   -0.416873
    1895   -0.414169
    1896   -0.414169
    1897   -0.411383
    1898   -0.411383
    1899   -0.408648
    1900   -0.408648
    1901   -0.406335
    1902   -0.406335
    1903   -0.404909
    1904   -0.404909
    1905   -0.404331
    1906   -0.404331
    1907   -0.404098
    1908   -0.404098
    1909   -0.403853
    1910   -0.403853
    1911   -0.403493
    1912   -0.403493
    1913   -0.402975
    1914   -0.402975
    1915   -0.402242
    1916   -0.402242
    1917   -0.401284
    1918   -0.401284
    1919   -0.400122
    1920   -0.400122
    1921   -0.398784
    1922   -0.398784
    1923   -0.397266
    1924   -0.397266
    1925   -0.395555
    1926   -0.395555
    1927   -0.393653
    1928   -0.393653
    1929   -0.391547
    1930   -0.391547
    1931   -0.389209
    1932   -0.389209
    1933   -0.386625
    1934   -0.386625
    1935   -0.383777
    1936   -0.383777
    1937   -0.380624
    1938   -0.380624
    1939   -0.377183
    1940   -0.377183
    1941   -0.373435
    1942   -0.373435
    1943   -0.369308
    1944   -0.369308
    1945   -0.364738
    1946   -0.364738
    1947   -0.359675
    1948   -0.359675
    1949   -0.354127
    1950   -0.354127
    1951   -0.348071
    1952   -0.348071
    1953   -0.341380
    1954   -0.341380
    1955   -0.333883
    1956   -0.333883
    1957   -0.325434
    1958   -0.325434
    1959   -0.315936
    1960   -0.315936
    1961   -0.305316
    1962   -0.305316
    1963   -0.293626
    1964   -0.293626
    1965   -0.280559
    1966   -0.280559
    1967   -0.265130
    1968   -0.265130
    1969   -0.247171
    1970   -0.247171
    1971   -0.226871
    1972   -0.226871
    1973   -0.203581
    1974   -0.203581
    1975   -0.176789
    1976   -0.176789
    1977   -0.147963
    1978   -0.147963
    1979   -0.124716
    1980   -0.124716
    1981   -0.583160
    1982   -0.583160
    1983   -0.581880
    1984   -0.581880
    1985   -0.580089
    1986   -0.580089
    1987   -0.578530
    1988   -0.578530
    1989   -0.577130
    1990   -0.577130
    1991   -0.575815
    1992   -0.575815
    1993   -0.574578
    1994   -0.574578
    1995   -0.573434
    1996   -0.573434
    1997   -0.572410
    1998   -0.572410
    1999   -0.571491
    2000   -0.571491
    2001   -0.570648
    2002   -0.570648
    2003   -0.569865
    2004   -0.569865
    2005   -0.569131
    2006   -0.569131
    2007   -0.568425
    2008   -0.568425
    2009   -0.567726
    2010   -0.567726
    2011   -0.567014
    2012   -0.567014
    2013   -0.566280
    2014   -0.566280
    2015   -0.565528
    2016   -0.565528
    2017   -0.564759
    2018   -0.564759
    2019   -0.563964
    2020   -0.563964
    2021   -0.563140
    2022   -0.563140
    2023   -0.562297
    2024   -0.562297
    2025   -0.561444
    2026   -0.561444
    2027   -0.560593
    2028   -0.560593
    2029   -0.559749
    2030   -0.559749
    2031   -0.558905
    2032   -0.558905
    2033   -0.558051
    2034   -0.558051
    2035   -0.557168
    2036   -0.557168
    2037   -0.556246
    2038   -0.556246
    2039   -0.555282
    2040   -0.555282
    2041   -0.554274
    2042   -0.554274
    2043   -0.553221
    2044   -0.553221
    2045   -0.552125
    2046   -0.552125
    2047   -0.550987
    2048   -0.550987
    2049   -0.549814
    2050   -0.549814
    2051   -0.548616
    2052   -0.548616
    2053   -0.547397
    2054   -0.547397
    2055   -0.546148
    2056   -0.546148
    2057   -0.544864
    2058   -0.544864
    2059   -0.543537
    2060   -0.543537
    2061   -0.542157
    2062   -0.542157
    2063   -0.540724
    2064   -0.540724
    2065   -0.539250
    2066   -0.539250
    2067   -0.537730
    2068   -0.537730
    2069   -0.536128
    2070   -0.536128
    2071   -0.534392
    2072   -0.534392
    2073   -0.532514
    2074   -0.532514
    2075   -0.530539
    2076   -0.530539
    2077   -0.528480
    2078   -0.528480
    2079   -0.526322
    2080   -0.526322
    2081   -0.524066
    2082   -0.524066
    2083   -0.521707
    2084   -0.521707
    2085   -0.519232
    2086   -0.519232
    2087   -0.516652
    2088   -0.516652
    2089   -0.513963
    2090   -0.513963
    2091   -0.511151
    2092   -0.511151
    2093   -0.508209
    2094   -0.508209
    2095   -0.505167
    2096   -0.505167
    2097   -0.502174
    2098   -0.502174
    2099   -0.499630
    2100   -0.499630
    2101   -0.498014
    2102   -0.498014
    2103   -0.497274
    2104   -0.497274
    2105   -0.496920
    2106   -0.496920
    2107   -0.496597
    2108   -0.496597
    2109   -0.496170
    2110   -0.496170
    2111   -0.495598
    2112   -0.495598
    2113   -0.494826
    2114   -0.494826
    2115   -0.493794
    2116   -0.493794
    2117   -0.492509
    2118   -0.492509
    2119   -0.491000
    2120   -0.491000
    2121   -0.489260
    2122   -0.489260
    2123   -0.487298
    2124   -0.487298
    2125   -0.485105
    2126   -0.485105
    2127   -0.482647
    2128   -0.482647
    2129   -0.479900
    2130   -0.479900
    2131   -0.476854
    2132   -0.476854
    2133   -0.473516
    2134   -0.473516
    2135   -0.469875
    2136   -0.469875
    2137   -0.465942
    2138   -0.465942
    2139   -0.461680
    2140   -0.461680
    2141   -0.457011
    2142   -0.457011
    2143   -0.451875
    2144   -0.451875
    2145   -0.446171
    2146   -0.446171
    2147   -0.439882
    2148   -0.439882
    2149   -0.432978
    2150   -0.432978
    2151   -0.425306
    2152   -0.425306
    2153   -0.416689
    2154   -0.416689
    2155   -0.406955
    2156   -0.406955
    2157   -0.395979
    2158   -0.395979
    2159   -0.383601
    2160   -0.383601
    2161   -0.369638
    2162   -0.369638
    2163   -0.354129
    2164   -0.354129
    2165   -0.336444
    2166   -0.336444
    2167   -0.315394
    2168   -0.315394
    2169   -0.290495
    2170   -0.290495
    2171   -0.261279
    2172   -0.261279
    2173   -0.227361
    2174   -0.227361
    2175   -0.190736
    2176   -0.190736
    2177   -0.161001
    2178   -0.161001
    2179   -0.718401
    2180   -0.718401
    2181   -0.717078
    2182   -0.717078
    2183   -0.715192
    2184   -0.715192
    2185   -0.713522
    2186   -0.713522
    2187   -0.711958
    2188   -0.711958
    2189   -0.710426
    2190   -0.710426
    2191   -0.709017
    2192   -0.709017
    2193   -0.707747
    2194   -0.707747
    2195   -0.706570
    2196   -0.706570
    2197   -0.705461
    2198   -0.705461
    2199   -0.704417
    2200   -0.704417
    2201   -0.703445
    2202   -0.703445
    2203   -0.702535
    2204   -0.702535
    2205   -0.701660
    2206   -0.701660
    2207   -0.700796
    2208   -0.700796
    2209   -0.699930
    2210   -0.699930
    2211   -0.699056
    2212   -0.699056
    2213   -0.698163
    2214   -0.698163
    2215   -0.697241
    2216   -0.697241
    2217   -0.696292
    2218   -0.696292
    2219   -0.695320
    2220   -0.695320
    2221   -0.694329
    2222   -0.694329
    2223   -0.693331
    2224   -0.693331
    2225   -0.692338
    2226   -0.692338
    2227   -0.691348
    2228   -0.691348
    2229   -0.690351
    2230   -0.690351
    2231   -0.689340
    2232   -0.689340
    2233   -0.688306
    2234   -0.688306
    2235   -0.687239
    2236   -0.687239
    2237   -0.686133
    2238   -0.686133
    2239   -0.684981
    2240   -0.684981
    2241   -0.683773
    2242   -0.683773
    2243   -0.682510
    2244   -0.682510
    2245   -0.681197
    2246   -0.681197
    2247   -0.679838
    2248   -0.679838
    2249   -0.678438
    2250   -0.678438
    2251   -0.677003
    2252   -0.677003
    2253   -0.675538
    2254   -0.675538
    2255   -0.674037
    2256   -0.674037
    2257   -0.672489
    2258   -0.672489
    2259   -0.670892
    2260   -0.670892
    2261   -0.669251
    2262   -0.669251
    2263   -0.667577
    2264   -0.667577
    2265   -0.665875
    2266   -0.665875
    2267   -0.664074
    2268   -0.664074
    2269   -0.662064
    2270   -0.662064
    2271   -0.659863
    2272   -0.659863
    2273   -0.657576
    2274   -0.657576
    2275   -0.655227
    2276   -0.655227
    2277   -0.652791
    2278   -0.652791
    2279   -0.650256
    2280   -0.650256
    2281   -0.647630
    2282   -0.647630
    2283   -0.644904
    2284   -0.644904
    2285   -0.642070
    2286   -0.642070
    2287   -0.639122
    2288   -0.639122
    2289   -0.636034
    2290   -0.636034
    2291   -0.632804
    2292   -0.632804
    2293   -0.629487
    2294   -0.629487
    2295   -0.626243
    2296   -0.626243
    2297   -0.623548
    2298   -0.623548
    2299   -0.621896
    2300   -0.621896
    2301   -0.621153
    2302   -0.621153
    2303   -0.620834
    2304   -0.620834
    2305   -0.620589
    2306   -0.620589
    2307   -0.620201
    2308   -0.620201
    2309   -0.619593
    2310   -0.619593
    2311   -0.618743
    2312   -0.618743
    2313   -0.617570
    2314   -0.617570
    2315   -0.616062
    2316   -0.616062
    2317   -0.614268
    2318   -0.614268
    2319   -0.612214
    2320   -0.612214
    2321   -0.609905
    2322   -0.609905
    2323   -0.607282
    2324   -0.607282
    2325   -0.604315
    2326   -0.604315
    2327   -0.601008
    2328   -0.601008
    2329   -0.597349
    2330   -0.597349
    2331   -0.593352
    2332   -0.593352
    2333   -0.589015
    2334   -0.589015
    2335   -0.584300
    2336   -0.584300
    2337   -0.579183
    2338   -0.579183
    2339   -0.573618
    2340   -0.573618
    2341   -0.567533
    2342   -0.567533
    2343   -0.560796
    2344   -0.560796
    2345   -0.553337
    2346   -0.553337
    2347   -0.545087
    2348   -0.545087
    2349   -0.535888
    2350   -0.535888
    2351   -0.525664
    2352   -0.525664
    2353   -0.514255
    2354   -0.514255
    2355   -0.501408
    2356   -0.501408
    2357   -0.486853
    2358   -0.486853
    2359   -0.470067
    2360   -0.470067
    2361   -0.451102
    2362   -0.451102
    2363   -0.429835
    2364   -0.429835
    2365   -0.404778
    2366   -0.404778
    2367   -0.374775
    2368   -0.374775
    2369   -0.338839
    2370   -0.338839
    2371   -0.296378
    2372   -0.296378
    2373   -0.249976
    2374   -0.249976
    2375   -0.211918
    2376   -0.211918
    2377   -0.900040
    2378   -0.900040
    2379   -0.899066
    2380   -0.899066
    2381   -0.897537
    2382   -0.897537
    2383   -0.896048
    2384   -0.896048
    2385   -0.894544
    2386   -0.894544
    2387   -0.892976
    2388   -0.892976
    2389   -0.891530
    2390   -0.891530
    2391   -0.890219
    2392   -0.890219
    2393   -0.888960
    2394   -0.888960
    2395   -0.887723
    2396   -0.887723
    2397   -0.886517
    2398   -0.886517
    2399   -0.885365
    2400   -0.885365
    2401   -0.884268
    2402   -0.884268
    2403   -0.883202
    2404   -0.883202
    2405   -0.882151
    2406   -0.882151
    2407   -0.881104
    2408   -0.881104
    2409   -0.880055
    2410   -0.880055
    2411   -0.878987
    2412   -0.878987
    2413   -0.877888
    2414   -0.877888
    2415   -0.876754
    2416   -0.876754
    2417   -0.875595
    2418   -0.875595
    2419   -0.874422
    2420   -0.874422
    2421   -0.873242
    2422   -0.873242
    2423   -0.872059
    2424   -0.872059
    2425   -0.870868
    2426   -0.870868
    2427   -0.869666
    2428   -0.869666
    2429   -0.868449
    2430   -0.868449
    2431   -0.867212
    2432   -0.867212
    2433   -0.865943
    2434   -0.865943
    2435   -0.864633
    2436   -0.864633
    2437   -0.863270
    2438   -0.863270
    2439   -0.861847
    2440   -0.861847
    2441   -0.860361
    2442   -0.860361
    2443   -0.858811
    2444   -0.858811
    2445   -0.857199
    2446   -0.857199
    2447   -0.855529
    2448   -0.855529
    2449   -0.853810
    2450   -0.853810
    2451   -0.852049
    2452   -0.852049
    2453   -0.850244
    2454   -0.850244
    2455   -0.848386
    2456   -0.848386
    2457   -0.846478
    2458   -0.846478
    2459   -0.844525
    2460   -0.844525
    2461   -0.842529
    2462   -0.842529
    2463   -0.840496
    2464   -0.840496
    2465   -0.838358
    2466   -0.838358
    2467   -0.835995
    2468   -0.835995
    2469   -0.833433
    2470   -0.833433
    2471   -0.830780
    2472   -0.830780
    2473   -0.828062
    2474   -0.828062
    2475   -0.825252
    2476   -0.825252
    2477   -0.822335
    2478   -0.822335
    2479   -0.819329
    2480   -0.819329
    2481   -0.816222
    2482   -0.816222
    2483   -0.812972
    2484   -0.812972
    2485   -0.809557
    2486   -0.809557
    2487   -0.805964
    2488   -0.805964
    2489   -0.802223
    2490   -0.802223
    2491   -0.798412
    2492   -0.798412
    2493   -0.794694
    2494   -0.794694
    2495   -0.791626
    2496   -0.791626
    2497   -0.789793
    2498   -0.789793
    2499   -0.788985
    2500   -0.788985
    2501   -0.788628
    2502   -0.788628
    2503   -0.788345
    2504   -0.788345
    2505   -0.787869
    2506   -0.787869
    2507   -0.787103
    2508   -0.787103
    2509   -0.786035
    2510   -0.786035
    2511   -0.784580
    2512   -0.784580
    2513   -0.782696
    2514   -0.782696
    2515   -0.780466
    2516   -0.780466
    2517   -0.777963
    2518   -0.777963
    2519   -0.775124
    2520   -0.775124
    2521   -0.771855
    2522   -0.771855
    2523   -0.768157
    2524   -0.768157
    2525   -0.764056
    2526   -0.764056
    2527   -0.759553
    2528   -0.759553
    2529   -0.754641
    2530   -0.754641
    2531   -0.749285
    2532   -0.749285
    2533   -0.743424
    2534   -0.743424
    2535   -0.737077
    2536   -0.737077
    2537   -0.730197
    2538   -0.730197
    2539   -0.722682
    2540   -0.722682
    2541   -0.714415
    2542   -0.714415
    2543   -0.705251
    2544   -0.705251
    2545   -0.695068
    2546   -0.695068
    2547   -0.683772
    2548   -0.683772
    2549   -0.671329
    2550   -0.671329
    2551   -0.657574
    2552   -0.657574
    2553   -0.642206
    2554   -0.642206
    2555   -0.624903
    2556   -0.624903
    2557   -0.604785
    2558   -0.604785
    2559   -0.581421
    2560   -0.581421
    2561   -0.555020
    2562   -0.555020
    2563   -0.524716
    2564   -0.524716
    2565   -0.488843
    2566   -0.488843
    2567   -0.445086
    2568   -0.445086
    2569   -0.392396
    2570   -0.392396
    2571   -0.333888
    2572   -0.333888
    2573   -0.285111
    2574   -0.285111
    2575   -1.147801
    2576   -1.147801
    2577   -1.147704
    2578   -1.147704
    2579   -1.147217
    2580   -1.147217
    2581   -1.146293
    2582   -1.146293
    2583   -1.145038
    2584   -1.145038
    2585   -1.143619
    2586   -1.143619
    2587   -1.142274
    2588   -1.142274
    2589   -1.140986
    2590   -1.140986
    2591   -1.139693
    2592   -1.139693
    2593   -1.138383
    2594   -1.138383
    2595   -1.137062
    2596   -1.137062
    2597   -1.135741
    2598   -1.135741
    2599   -1.134423
    2600   -1.134423
    2601   -1.133124
    2602   -1.133124
    2603   -1.131842
    2604   -1.131842
    2605   -1.130562
    2606   -1.130562
    2607   -1.129277
    2608   -1.129277
    2609   -1.127977
    2610   -1.127977
    2611   -1.126648
    2612   -1.126648
    2613   -1.125276
    2614   -1.125276
    2615   -1.123868
    2616   -1.123868
    2617   -1.122442
    2618   -1.122442
    2619   -1.121003
    2620   -1.121003
    2621   -1.119544
    2622   -1.119544
    2623   -1.118064
    2624   -1.118064
    2625   -1.116567
    2626   -1.116567
    2627   -1.115051
    2628   -1.115051
    2629   -1.113509
    2630   -1.113509
    2631   -1.111931
    2632   -1.111931
    2633   -1.110299
    2634   -1.110299
    2635   -1.108605
    2636   -1.108605
    2637   -1.106849
    2638   -1.106849
    2639   -1.105023
    2640   -1.105023
    2641   -1.103116
    2642   -1.103116
    2643   -1.101127
    2644   -1.101127
    2645   -1.099066
    2646   -1.099066
    2647   -1.096936
    2648   -1.096936
    2649   -1.094744
    2650   -1.094744
    2651   -1.092490
    2652   -1.092490
    2653   -1.090172
    2654   -1.090172
    2655   -1.087794
    2656   -1.087794
    2657   -1.085347
    2658   -1.085347
    2659   -1.082818
    2660   -1.082818
    2661   -1.080209
    2662   -1.080209
    2663   -1.077492
    2664   -1.077492
    2665   -1.074618
    2666   -1.074618
    2667   -1.071594
    2668   -1.071594
    2669   -1.068452
    2670   -1.068452
    2671   -1.065203
    2672   -1.065203
    2673   -1.061846
    2674   -1.061846
    2675   -1.058361
    2676   -1.058361
    2677   -1.054739
    2678   -1.054739
    2679   -1.050964
    2680   -1.050964
    2681   -1.046987
    2682   -1.046987
    2683   -1.042764
    2684   -1.042764
    2685   -1.038299
    2686   -1.038299
    2687   -1.033639
    2688   -1.033639
    2689   -1.028858
    2690   -1.028858
    2691   -1.024122
    2692   -1.024122
    2693   -1.020045
    2694   -1.020045
    2695   -1.017429
    2696   -1.017429
    2697   -1.016123
    2698   -1.016123
    2699   -1.015306
    2700   -1.015306
    2701   -1.014457
    2702   -1.014457
    2703   -1.013349
    2704   -1.013349
    2705   -1.011917
    2706   -1.011917
    2707   -1.010134
    2708   -1.010134
    2709   -1.007987
    2710   -1.007987
    2711   -1.005399
    2712   -1.005399
    2713   -1.002360
    2714   -1.002360
    2715   -0.998973
    2716   -0.998973
    2717   -0.995161
    2718   -0.995161
    2719   -0.990853
    2720   -0.990853
    2721   -0.986055
    2722   -0.986055
    2723   -0.980763
    2724   -0.980763
    2725   -0.974985
    2726   -0.974985
    2727   -0.968669
    2728   -0.968669
    2729   -0.961757
    2730   -0.961757
    2731   -0.954206
    2732   -0.954206
    2733   -0.946020
    2734   -0.946020
    2735   -0.937125
    2736   -0.937125
    2737   -0.927433
    2738   -0.927433
    2739   -0.916898
    2740   -0.916898
    2741   -0.905308
    2742   -0.905308
    2743   -0.892477
    2744   -0.892477
    2745   -0.878346
    2746   -0.878346
    2747   -0.862796
    2748   -0.862796
    2749   -0.845639
    2750   -0.845639
    2751   -0.826595
    2752   -0.826595
    2753   -0.805243
    2754   -0.805243
    2755   -0.780797
    2756   -0.780797
    2757   -0.752614
    2758   -0.752614
    2759   -0.720070
    2760   -0.720070
    2761   -0.682546
    2762   -0.682546
    2763   -0.638725
    2764   -0.638725
    2765   -0.585040
    2766   -0.585040
    2767   -0.519930
    2768   -0.519930
    2769   -0.446979
    2770   -0.446979
    2771   -0.385281
    2772   -0.385281
    2773   -1.484133
    2774   -1.484133
    2775   -1.485265
    2776   -1.485265
    2777   -1.486183
    2778   -1.486183
    2779   -1.485739
    2780   -1.485739
    2781   -1.484569
    2782   -1.484569
    2783   -1.483293
    2784   -1.483293
    2785   -1.482066
    2786   -1.482066
    2787   -1.480796
    2788   -1.480796
    2789   -1.479443
    2790   -1.479443
    2791   -1.478022
    2792   -1.478022
    2793   -1.476547
    2794   -1.476547
    2795   -1.475011
    2796   -1.475011
    2797   -1.473416
    2798   -1.473416
    2799   -1.471803
    2800   -1.471803
    2801   -1.470192
    2802   -1.470192
    2803   -1.468583
    2804   -1.468583
    2805   -1.466966
    2806   -1.466966
    2807   -1.465325
    2808   -1.465325
    2809   -1.463650
    2810   -1.463650
    2811   -1.461937
    2812   -1.461937
    2813   -1.460183
    2814   -1.460183
    2815   -1.458391
    2816   -1.458391
    2817   -1.456560
    2818   -1.456560
    2819   -1.454691
    2820   -1.454691
    2821   -1.452785
    2822   -1.452785
    2823   -1.450842
    2824   -1.450842
    2825   -1.448855
    2826   -1.448855
    2827   -1.446818
    2828   -1.446818
    2829   -1.444723
    2830   -1.444723
    2831   -1.442566
    2832   -1.442566
    2833   -1.440343
    2834   -1.440343
    2835   -1.438046
    2836   -1.438046
    2837   -1.435668
    2838   -1.435668
    2839   -1.433197
    2840   -1.433197
    2841   -1.430630
    2842   -1.430630
    2843   -1.427966
    2844   -1.427966
    2845   -1.425205
    2846   -1.425205
    2847   -1.422351
    2848   -1.422351
    2849   -1.419408
    2850   -1.419408
    2851   -1.416378
    2852   -1.416378
    2853   -1.413256
    2854   -1.413256
    2855   -1.410023
    2856   -1.410023
    2857   -1.406655
    2858   -1.406655
    2859   -1.403149
    2860   -1.403149
    2861   -1.399531
    2862   -1.399531
    2863   -1.395839
    2864   -1.395839
    2865   -1.392055
    2866   -1.392055
    2867   -1.388113
    2868   -1.388113
    2869   -1.384000
    2870   -1.384000
    2871   -1.379744
    2872   -1.379744
    2873   -1.375318
    2874   -1.375318
    2875   -1.370668
    2876   -1.370668
    2877   -1.365777
    2878   -1.365777
    2879   -1.360602
    2880   -1.360602
    2881   -1.355103
    2882   -1.355103
    2883   -1.349288
    2884   -1.349288
    2885   -1.343180
    2886   -1.343180
    2887   -1.336838
    2888   -1.336838
    2889   -1.330505
    2890   -1.330505
    2891   -1.324844
    2892   -1.324844
    2893   -1.320832
    2894   -1.320832
    2895   -1.318482
    2896   -1.318482
    2897   -1.316708
    2898   -1.316708
    2899   -1.314748
    2900   -1.314748
    2901   -1.312423
    2902   -1.312423
    2903   -1.309707
    2904   -1.309707
    2905   -1.306595
    2906   -1.306595
    2907   -1.303189
    2908   -1.303189
    2909   -1.299426
    2910   -1.299426
    2911   -1.295101
    2912   -1.295101
    2913   -1.290207
    2914   -1.290207
    2915   -1.284762
    2916   -1.284762
    2917   -1.278761
    2918   -1.278761
    2919   -1.272167
    2920   -1.272167
    2921   -1.264962
    2922   -1.264962
    2923   -1.257129
    2924   -1.257129
    2925   -1.248557
    2926   -1.248557
    2927   -1.239190
    2928   -1.239190
    2929   -1.228992
    2930   -1.228992
    2931   -1.217906
    2932   -1.217906
    2933   -1.205875
    2934   -1.205875
    2935   -1.192850
    2936   -1.192850
    2937   -1.178781
    2938   -1.178781
    2939   -1.163442
    2940   -1.163442
    2941   -1.146599
    2942   -1.146599
    2943   -1.128152
    2944   -1.128152
    2945   -1.107887
    2946   -1.107887
    2947   -1.085564
    2948   -1.085564
    2949   -1.060883
    2950   -1.060883
    2951   -1.033353
    2952   -1.033353
    2953   -1.002354
    2954   -1.002354
    2955   -0.967276
    2956   -0.967276
    2957   -0.926524
    2958   -0.926524
    2959   -0.878847
    2960   -0.878847
    2961   -0.823038
    2962   -0.823038
    2963   -0.755493
    2964   -0.755493
    2965   -0.674735
    2966   -0.674735
    2967   -0.584363
    2968   -0.584363
    2969   -0.507561
    2970   -0.507561
    2971   -1.955064
    2972   -1.955064
    2973   -1.956579
    2974   -1.956579
    2975   -1.957465
    2976   -1.957465
    2977   -1.956332
    2978   -1.956332
    2979   -1.954776
    2980   -1.954776
    2981   -1.953432
    2982   -1.953432
    2983   -1.952084
    2984   -1.952084
    2985   -1.950644
    2986   -1.950644
    2987   -1.949080
    2988   -1.949080
    2989   -1.947399
    2990   -1.947399
    2991   -1.945611
    2992   -1.945611
    2993   -1.943712
    2994   -1.943712
    2995   -1.941708
    2996   -1.941708
    2997   -1.939631
    2998   -1.939631
    2999   -1.937514
    3000   -1.937514
    3001   -1.935388
    3002   -1.935388
    3003   -1.933248
    3004   -1.933248
    3005   -1.931058
    3006   -1.931058
    3007   -1.928817
    3008   -1.928817
    3009   -1.926548
    3010   -1.926548
    3011   -1.924244
    3012   -1.924244
    3013   -1.921868
    3014   -1.921868
    3015   -1.919413
    3016   -1.919413
    3017   -1.916888
    3018   -1.916888
    3019   -1.914294
    3020   -1.914294
    3021   -1.911623
    3022   -1.911623
    3023   -1.908861
    3024   -1.908861
    3025   -1.905998
    3026   -1.905998
    3027   -1.903039
    3028   -1.903039
    3029   -1.900004
    3030   -1.900004
    3031   -1.896891
    3032   -1.896891
    3033   -1.893683
    3034   -1.893683
    3035   -1.890372
    3036   -1.890372
    3037   -1.886959
    3038   -1.886959
    3039   -1.883432
    3040   -1.883432
    3041   -1.879771
    3042   -1.879771
    3043   -1.875967
    3044   -1.875967
    3045   -1.872023
    3046   -1.872023
    3047   -1.867948
    3048   -1.867948
    3049   -1.863740
    3050   -1.863740
    3051   -1.859385
    3052   -1.859385
    3053   -1.854861
    3054   -1.854861
    3055   -1.850144
    3056   -1.850144
    3057   -1.845216
    3058   -1.845216
    3059   -1.840148
    3060   -1.840148
    3061   -1.835069
    3062   -1.835069
    3063   -1.829935
    3064   -1.829935
    3065   -1.824583
    3066   -1.824583
    3067   -1.818965
    3068   -1.818965
    3069   -1.813105
    3070   -1.813105
    3071   -1.806984
    3072   -1.806984
    3073   -1.800554
    3074   -1.800554
    3075   -1.793791
    3076   -1.793791
    3077   -1.786664
    3078   -1.786664
    3079   -1.779155
    3080   -1.779155
    3081   -1.771272
    3082   -1.771272
    3083   -1.762975
    3084   -1.762975
    3085   -1.754275
    3086   -1.754275
    3087   -1.745550
    3088   -1.745550
    3089   -1.737677
    3090   -1.737677
    3091   -1.731777
    3092   -1.731777
    3093   -1.727879
    3094   -1.727879
    3095   -1.724640
    3096   -1.724640
    3097   -1.721136
    3098   -1.721136
    3099   -1.717202
    3100   -1.717202
    3101   -1.712761
    3102   -1.712761
    3103   -1.707785
    3104   -1.707785
    3105   -1.702338
    3106   -1.702338
    3107   -1.696443
    3108   -1.696443
    3109   -1.689922
    3110   -1.689922
    3111   -1.682557
    3112   -1.682557
    3113   -1.674399
    3114   -1.674399
    3115   -1.665511
    3116   -1.665511
    3117   -1.655824
    3118   -1.655824
    3119   -1.645324
    3120   -1.645324
    3121   -1.633951
    3122   -1.633951
    3123   -1.621595
    3124   -1.621595
    3125   -1.608214
    3126   -1.608214
    3127   -1.593726
    3128   -1.593726
    3129   -1.577986
    3130   -1.577986
    3131   -1.560980
    3132   -1.560980
    3133   -1.542664
    3134   -1.542664
    3135   -1.522896
    3136   -1.522896
    3137   -1.501459
    3138   -1.501459
    3139   -1.478103
    3140   -1.478103
    3141   -1.452611
    3142   -1.452611
    3143   -1.424682
    3144   -1.424682
    3145   -1.393980
    3146   -1.393980
    3147   -1.360121
    3148   -1.360121
    3149   -1.322580
    3150   -1.322580
    3151   -1.280564
    3152   -1.280564
    3153   -1.233168
    3154   -1.233168
    3155   -1.178718
    3156   -1.178718
    3157   -1.115415
    3158   -1.115415
    3159   -1.040978
    3160   -1.040978
    3161   -0.952603
    3162   -0.952603
    3163   -0.849572
    3164   -0.849572
    3165   -0.735459
    3166   -0.735459
    3167   -0.639274
    3168   -0.639274
    3169   -2.696176
    3170   -2.696176
    3171   -2.696859
    3172   -2.696859
    3173   -2.696127
    3174   -2.696127
    3175   -2.693277
    3176   -2.693277
    3177   -2.690790
    3178   -2.690790
    3179   -2.688993
    3180   -2.688993
    3181   -2.687187
    3182   -2.687187
    3183   -2.685266
    3184   -2.685266
    3185   -2.683191
    3186   -2.683191
    3187   -2.680938
    3188   -2.680938
    3189   -2.678507
    3190   -2.678507
    3191   -2.675907
    3192   -2.675907
    3193   -2.673153
    3194   -2.673153
    3195   -2.670266
    3196   -2.670266
    3197   -2.667279
    3198   -2.667279
    3199   -2.664231
    3200   -2.664231
    3201   -2.661123
    3202   -2.661123
    3203   -2.657935
    3204   -2.657935
    3205   -2.654678
    3206   -2.654678
    3207   -2.651386
    3208   -2.651386
    3209   -2.648046
    3210   -2.648046
    3211   -2.644604
    3212   -2.644604
    3213   -2.641039
    3214   -2.641039
    3215   -2.637344
    3216   -2.637344
    3217   -2.633513
    3218   -2.633513
    3219   -2.629531
    3220   -2.629531
    3221   -2.625386
    3222   -2.625386
    3223   -2.621072
    3224   -2.621072
    3225   -2.616598
    3226   -2.616598
    3227   -2.611995
    3228   -2.611995
    3229   -2.607269
    3230   -2.607269
    3231   -2.602407
    3232   -2.602407
    3233   -2.597404
    3234   -2.597404
    3235   -2.592262
    3236   -2.592262
    3237   -2.586965
    3238   -2.586965
    3239   -2.581485
    3240   -2.581485
    3241   -2.575803
    3242   -2.575803
    3243   -2.569903
    3244   -2.569903
    3245   -2.563790
    3246   -2.563790
    3247   -2.557467
    3248   -2.557467
    3249   -2.550911
    3250   -2.550911
    3251   -2.544103
    3252   -2.544103
    3253   -2.537018
    3254   -2.537018
    3255   -2.529630
    3256   -2.529630
    3257   -2.522043
    3258   -2.522043
    3259   -2.514435
    3260   -2.514435
    3261   -2.506738
    3262   -2.506738
    3263   -2.498726
    3264   -2.498726
    3265   -2.490306
    3266   -2.490306
    3267   -2.481473
    3268   -2.481473
    3269   -2.472223
    3270   -2.472223
    3271   -2.462547
    3272   -2.462547
    3273   -2.452434
    3274   -2.452434
    3275   -2.441877
    3276   -2.441877
    3277   -2.430872
    3278   -2.430872
    3279   -2.419393
    3280   -2.419393
    3281   -2.407342
    3282   -2.407342
    3283   -2.394656
    3284   -2.394656
    3285   -2.381698
    3286   -2.381698
    3287   -2.369783
    3288   -2.369783
    3289   -2.360703
    3290   -2.360703
    3291   -2.354348
    3292   -2.354348
    3293   -2.348765
    3294   -2.348765
    3295   -2.342859
    3296   -2.342859
    3297   -2.336486
    3298   -2.336486
    3299   -2.329411
    3300   -2.329411
    3301   -2.321462
    3302   -2.321462
    3303   -2.312565
    3304   -2.312565
    3305   -2.302804
    3306   -2.302804
    3307   -2.292183
    3308   -2.292183
    3309   -2.280415
    3310   -2.280415
    3311   -2.267493
    3312   -2.267493
    3313   -2.253493
    3314   -2.253493
    3315   -2.238338
    3316   -2.238338
    3317   -2.221961
    3318   -2.221961
    3319   -2.204260
    3320   -2.204260
    3321   -2.185186
    3322   -2.185186
    3323   -2.164705
    3324   -2.164705
    3325   -2.142656
    3326   -2.142656
    3327   -2.118786
    3328   -2.118786
    3329   -2.093036
    3330   -2.093036
    3331   -2.065360
    3332   -2.065360
    3333   -2.035534
    3334   -2.035534
    3335   -2.003286
    3336   -2.003286
    3337   -1.968343
    3338   -1.968343
    3339   -1.930329
    3340   -1.930329
    3341   -1.888768
    3342   -1.888768
    3343   -1.843128
    3344   -1.843128
    3345   -1.792865
    3346   -1.792865
    3347   -1.737306
    3348   -1.737306
    3349   -1.675314
    3350   -1.675314
    3351   -1.605463
    3352   -1.605463
    3353   -1.525992
    3354   -1.525992
    3355   -1.434644
    3356   -1.434644
    3357   -1.328058
    3358   -1.328058
    3359   -1.203939
    3360   -1.203939
    3361   -1.061774
    3362   -1.061774
    3363   -0.907344
    3364   -0.907344
    3365   -0.780059
    3366   -0.780059
    3367   -4.040735
    3368   -4.040735
    3369   -4.039028
    3370   -4.039028
    3371   -4.034906
    3372   -4.034906
    3373   -4.029565
    3374   -4.029565
    3375   -4.025733
    3376   -4.025733
    3377   -4.022975
    3378   -4.022975
    3379   -4.020251
    3380   -4.020251
    3381   -4.017354
    3382   -4.017354
    3383   -4.014209
    3384   -4.014209
    3385   -4.010767
    3386   -4.010767
    3387   -4.007028
    3388   -4.007028
    3389   -4.003020
    3390   -4.003020
    3391   -3.998772
    3392   -3.998772
    3393   -3.994306
    3394   -3.994306
    3395   -3.989642
    3396   -3.989642
    3397   -3.984791
    3398   -3.984791
    3399   -3.979771
    3400   -3.979771
    3401   -3.974629
    3402   -3.974629
    3403   -3.969404
    3404   -3.969404
    3405   -3.964108
    3406   -3.964108
    3407   -3.958716
    3408   -3.958716
    3409   -3.953183
    3410   -3.953183
    3411   -3.947461
    3412   -3.947461
    3413   -3.941503
    3414   -3.941503
    3415   -3.935277
    3416   -3.935277
    3417   -3.928769
    3418   -3.928769
    3419   -3.921975
    3420   -3.921975
    3421   -3.914899
    3422   -3.914899
    3423   -3.907553
    3424   -3.907553
    3425   -3.899957
    3426   -3.899957
    3427   -3.892129
    3428   -3.892129
    3429   -3.884084
    3430   -3.884084
    3431   -3.875823
    3432   -3.875823
    3433   -3.867333
    3434   -3.867333
    3435   -3.858596
    3436   -3.858596
    3437   -3.849593
    3438   -3.849593
    3439   -3.840295
    3440   -3.840295
    3441   -3.830649
    3442   -3.830649
    3443   -3.820631
    3444   -3.820631
    3445   -3.810254
    3446   -3.810254
    3447   -3.799504
    3448   -3.799504
    3449   -3.788343
    3450   -3.788343
    3451   -3.776750
    3452   -3.776750
    3453   -3.764720
    3454   -3.764720
    3455   -3.752379
    3456   -3.752379
    3457   -3.739904
    3458   -3.739904
    3459   -3.727193
    3460   -3.727193
    3461   -3.713967
    3462   -3.713967
    3463   -3.700089
    3464   -3.700089
    3465   -3.685527
    3466   -3.685527
    3467   -3.670295
    3468   -3.670295
    3469   -3.654411
    3470   -3.654411
    3471   -3.637881
    3472   -3.637881
    3473   -3.620741
    3474   -3.620741
    3475   -3.602971
    3476   -3.602971
    3477   -3.584473
    3478   -3.584473
    3479   -3.565112
    3480   -3.565112
    3481   -3.544846
    3482   -3.544846
    3483   -3.523837
    3484   -3.523837
    3485   -3.503838
    3486   -3.503838
    3487   -3.488183
    3488   -3.488183
    3489   -3.477061
    3490   -3.477061
    3491   -3.467433
    3492   -3.467433
    3493   -3.457494
    3494   -3.457494
    3495   -3.446748
    3496   -3.446748
    3497   -3.434779
    3498   -3.434779
    3499   -3.421357
    3500   -3.421357
    3501   -3.406364
    3502   -3.406364
    3503   -3.389829
    3504   -3.389829
    3505   -3.371762
    3506   -3.371762
    3507   -3.351962
    3508   -3.351962
    3509   -3.330385
    3510   -3.330385
    3511   -3.307033
    3512   -3.307033
    3513   -3.281804
    3514   -3.281804
    3515   -3.254553
    3516   -3.254553
    3517   -3.225141
    3518   -3.225141
    3519   -3.193531
    3520   -3.193531
    3521   -3.159639
    3522   -3.159639
    3523   -3.123246
    3524   -3.123246
    3525   -3.084005
    3526   -3.084005
    3527   -3.041686
    3528   -3.041686
    3529   -2.996163
    3530   -2.996163
    3531   -2.947166
    3532   -2.947166
    3533   -2.894304
    3534   -2.894304
    3535   -2.837166
    3536   -2.837166
    3537   -2.775170
    3538   -2.775170
    3539   -2.707536
    3540   -2.707536
    3541   -2.633336
    3542   -2.633336
    3543   -2.551656
    3544   -2.551656
    3545   -2.461412
    3546   -2.461412
    3547   -2.361001
    3548   -2.361001
    3549   -2.248350
    3550   -2.248350
    3551   -2.120876
    3552   -2.120876
    3553   -1.975181
    3554   -1.975181
    3555   -1.806894
    3556   -1.806894
    3557   -1.612954
    3558   -1.612954
    3559   -1.392183
    3560   -1.392183
    3561   -1.157278
    3562   -1.157278
    3563   -0.968130
    3564   -0.968130
    3565   -6.625562
    3566   -6.625562
    3567   -6.618485
    3568   -6.618485
    3569   -6.606996
    3570   -6.606996
    3571   -6.597368
    3572   -6.597368
    3573   -6.591772
    3574   -6.591772
    3575   -6.587398
    3576   -6.587398
    3577   -6.582920
    3578   -6.582920
    3579   -6.578090
    3580   -6.578090
    3581   -6.572805
    3582   -6.572805
    3583   -6.567010
    3584   -6.567010
    3585   -6.560704
    3586   -6.560704
    3587   -6.553934
    3588   -6.553934
    3589   -6.546755
    3590   -6.546755
    3591   -6.539198
    3592   -6.539198
    3593   -6.531258
    3594   -6.531258
    3595   -6.522895
    3596   -6.522895
    3597   -6.514152
    3598   -6.514152
    3599   -6.505211
    3600   -6.505211
    3601   -6.496169
    3602   -6.496169
    3603   -6.486996
    3604   -6.486996
    3605   -6.477631
    3606   -6.477631
    3607   -6.468028
    3608   -6.468028
    3609   -6.458106
    3610   -6.458106
    3611   -6.447767
    3612   -6.447767
    3613   -6.436926
    3614   -6.436926
    3615   -6.425546
    3616   -6.425546
    3617   -6.413648
    3618   -6.413648
    3619   -6.401256
    3620   -6.401256
    3621   -6.388385
    3622   -6.388385
    3623   -6.375036
    3624   -6.375036
    3625   -6.361252
    3626   -6.361252
    3627   -6.347099
    3628   -6.347099
    3629   -6.332578
    3630   -6.332578
    3631   -6.317654
    3632   -6.317654
    3633   -6.302301
    3634   -6.302301
    3635   -6.286504
    3636   -6.286504
    3637   -6.270229
    3638   -6.270229
    3639   -6.253383
    3640   -6.253383
    3641   -6.235867
    3642   -6.235867
    3643   -6.217695
    3644   -6.217695
    3645   -6.198887
    3646   -6.198887
    3647   -6.179360
    3648   -6.179360
    3649   -6.159085
    3650   -6.159085
    3651   -6.138106
    3652   -6.138106
    3653   -6.116600
    3654   -6.116600
    3655   -6.094793
    3656   -6.094793
    3657   -6.072489
    3658   -6.072489
    3659   -6.049227
    3660   -6.049227
    3661   -6.024817
    3662   -6.024817
    3663   -5.999219
    3664   -5.999219
    3665   -5.972479
    3666   -5.972479
    3667   -5.944663
    3668   -5.944663
    3669   -5.915774
    3670   -5.915774
    3671   -5.885881
    3672   -5.885881
    3673   -5.854943
    3674   -5.854943
    3675   -5.822757
    3676   -5.822757
    3677   -5.789134
    3678   -5.789134
    3679   -5.754075
    3680   -5.754075
    3681   -5.717495
    3682   -5.717495
    3683   -5.681791
    3684   -5.681791
    3685   -5.653002
    3686   -5.653002
    3687   -5.632348
    3688   -5.632348
    3689   -5.615518
    3690   -5.615518
    3691   -5.598924
    3692   -5.598924
    3693   -5.580190
    3694   -5.580190
    3695   -5.558828
    3696   -5.558828
    3697   -5.535118
    3698   -5.535118
    3699   -5.508838
    3700   -5.508838
    3701   -5.479852
    3702   -5.479852
    3703   -5.448049
    3704   -5.448049
    3705   -5.413297
    3706   -5.413297
    3707   -5.375519
    3708   -5.375519
    3709   -5.334629
    3710   -5.334629
    3711   -5.290425
    3712   -5.290425
    3713   -5.242665
    3714   -5.242665
    3715   -5.191157
    3716   -5.191157
    3717   -5.135769
    3718   -5.135769
    3719   -5.076335
    3720   -5.076335
    3721   -5.012593
    3722   -5.012593
    3723   -4.943995
    3724   -4.943995
    3725   -4.869988
    3726   -4.869988
    3727   -4.790236
    3728   -4.790236
    3729   -4.704476
    3730   -4.704476
    3731   -4.612155
    3732   -4.612155
    3733   -4.512370
    3734   -4.512370
    3735   -4.404205
    3736   -4.404205
    3737   -4.286469
    3738   -4.286469
    3739   -4.157405
    3740   -4.157405
    3741   -4.015342
    3742   -4.015342
    3743   -3.858345
    3744   -3.858345
    3745   -3.683968
    3746   -3.683968
    3747   -3.488995
    3748   -3.488995
    3749   -3.269048
    3750   -3.269048
    3751   -3.018179
    3752   -3.018179
    3753   -2.729632
    3754   -2.729632
    3755   -2.397242
    3756   -2.397242
    3757   -2.017454
    3758   -2.017454
    3759   -1.614684
    3760   -1.614684
    3761   -1.291747
    3762   -1.291747
    3763  -10.597532
    3764  -10.597532
    3765  -10.582881
    3766  -10.582881
    3767  -10.560844
    3768  -10.560844
    3769  -10.545331
    3770  -10.545331
    3771  -10.537292
    3772  -10.537292
    3773  -10.530462
    3774  -10.530462
    3775  -10.523315
    3776  -10.523315
    3777  -10.515504
    3778  -10.515504
    3779  -10.506920
    3780  -10.506920
    3781  -10.497511
    3782  -10.497511
    3783  -10.487279
    3784  -10.487279
    3785  -10.476274
    3786  -10.476274
    3787  -10.464598
    3788  -10.464598
    3789  -10.452298
    3790  -10.452298
    3791  -10.439348
    3792  -10.439348
    3793  -10.425629
    3794  -10.425629
    3795  -10.411209
    3796  -10.411209
    3797  -10.396478
    3798  -10.396478
    3799  -10.381631
    3800  -10.381631
    3801  -10.366568
    3802  -10.366568
    3803  -10.351174
    3804  -10.351174
    3805  -10.335384
    3806  -10.335384
    3807  -10.319067
    3808  -10.319067
    3809  -10.302078
    3810  -10.302078
    3811  -10.284246
    3812  -10.284246
    3813  -10.265475
    3814  -10.265475
    3815  -10.245831
    3816  -10.245831
    3817  -10.225371
    3818  -10.225371
    3819  -10.204118
    3820  -10.204118
    3821  -10.182046
    3822  -10.182046
    3823  -10.159237
    3824  -10.159237
    3825  -10.135834
    3826  -10.135834
    3827  -10.111836
    3828  -10.111836
    3829  -10.087172
    3830  -10.087172
    3831  -10.061797
    3832  -10.061797
    3833  -10.035695
    3834  -10.035695
    3835  -10.008834
    3836  -10.008834
    3837   -9.981079
    3838   -9.981079
    3839   -9.952195
    3840   -9.952195
    3841   -9.922197
    3842   -9.922197
    3843   -9.891179
    3844   -9.891179
    3845   -9.858954
    3846   -9.858954
    3847   -9.825485
    3848   -9.825485
    3849   -9.790888
    3850   -9.790888
    3851   -9.755430
    3852   -9.755430
    3853   -9.719501
    3854   -9.719501
    3855   -9.682732
    3856   -9.682732
    3857   -9.644290
    3858   -9.644290
    3859   -9.603912
    3860   -9.603912
    3861   -9.561564
    3862   -9.561564
    3863   -9.517363
    3864   -9.517363
    3865   -9.471447
    3866   -9.471447
    3867   -9.423784
    3868   -9.423784
    3869   -9.374492
    3870   -9.374492
    3871   -9.323511
    3872   -9.323511
    3873   -9.270480
    3874   -9.270480
    3875   -9.215092
    3876   -9.215092
    3877   -9.157259
    3878   -9.157259
    3879   -9.096436
    3880   -9.096436
    3881   -9.036370
    3882   -9.036370
    3883   -8.987542
    3884   -8.987542
    3885   -8.952431
    3886   -8.952431
    3887   -8.925133
    3888   -8.925133
    3889   -8.899347
    3890   -8.899347
    3891   -8.868791
    3892   -8.868791
    3893   -8.833122
    3894   -8.833122
    3895   -8.793958
    3896   -8.793958
    3897   -8.750704
    3898   -8.750704
    3899   -8.702969
    3900   -8.702969
    3901   -8.650540
    3902   -8.650540
    3903   -8.593286
    3904   -8.593286
    3905   -8.531077
    3906   -8.531077
    3907   -8.463763
    3908   -8.463763
    3909   -8.390963
    3910   -8.390963
    3911   -8.312276
    3912   -8.312276
    3913   -8.227401
    3914   -8.227401
    3915   -8.136054
    3916   -8.136054
    3917   -8.038015
    3918   -8.038015
    3919   -7.932968
    3920   -7.932968
    3921   -7.819953
    3922   -7.819953
    3923   -7.697932
    3924   -7.697932
    3925   -7.566227
    3926   -7.566227
    3927   -7.424692
    3928   -7.424692
    3929   -7.272591
    3930   -7.272591
    3931   -7.108055
    3932   -7.108055
    3933   -6.929736
    3934   -6.929736
    3935   -6.735967
    3936   -6.735967
    3937   -6.523602
    3938   -6.523602
    3939   -6.289834
    3940   -6.289834
    3941   -6.031526
    3942   -6.031526
    3943   -5.744898
    3944   -5.744898
    3945   -5.424825
    3946   -5.424825
    3947   -5.064134
    3948   -5.064134
    3949   -4.652769
    3950   -4.652769
    3951   -4.179878
    3952   -4.179878
    3953   -3.633659
    3954   -3.633659
    3955   -3.003609
    3956   -3.003609
    3957   -2.326331
    3958   -2.326331
    3959   -1.777811
    3960   -1.777811
