       1   -0.005090
       2   -0.005090
       3   -0.005059
       4   -0.005059
       5   -0.005018
       6   -0.005018
       7   -0.005005
       8   -0.005005
       9   -0.005012
      10   -0.005012
      11   -0.005014
      12   -0.005014
      13   -0.005011
      14   -0.005011
      15   -0.005009
      16   -0.005009
      17   -0.005006
      18   -0.005006
      19   -0.005004
      20   -0.005004
      21   -0.005001
      22   -0.005001
      23   -0.004998
      24   -0.004998
      25   -0.004993
      26   -0.004993
      27   -0.004988
      28   -0.004988
      29   -0.004983
      30   -0.004983
      31   -0.004975
      32   -0.004975
      33   -0.004967
      34   -0.004967
      35   -0.004958
      36   -0.004958
      37   -0.004950
      38   -0.004950
      39   -0.004941
      40   -0.004941
      41   -0.004932
      42   -0.004932
      43   -0.004923
      44   -0.004923
      45   -0.004914
      46   -0.004914
      47   -0.004903
      48   -0.004903
      49   -0.004892
      50   -0.004892
      51   -0.004881
      52   -0.004881
      53   -0.004871
      54   -0.004871
      55   -0.004859
      56   -0.004859
      57   -0.004847
      58   -0.004847
      59   -0.004833
      60   -0.004833
      61   -0.004820
      62   -0.004820
      63   -0.004805
      64   -0.004805
      65   -0.004791
      66   -0.004791
      67   -0.004776
      68   -0.004776
      69   -0.004761
      70   -0.004761
      71   -0.004746
      72   -0.004746
      73   -0.004729
      74   -0.004729
      75   -0.004710
      76   -0.004710
      77   -0.004690
      78   -0.004690
      79   -0.004668
      80   -0.004668
      81   -0.004646
      82   -0.004646
      83   -0.004623
      84   -0.004623
      85   -0.004599
      86   -0.004599
      87   -0.004572
      88   -0.004572
      89   -0.004544
      90   -0.004544
      91   -0.004514
      92   -0.004514
      93   -0.004481
      94   -0.004481
      95   -0.004447
      96   -0.004447
      97   -0.004412
      98   -0.004412
      99   -0.004372
     100   -0.004372
     101   -0.004328
     102   -0.004328
     103   -0.004280
     104   -0.004280
     105   -0.004221
     106   -0.004221
     107   -0.004153
     108   -0.004153
     109   -0.004078
     110   -0.004078
     111   -0.003994
     112   -0.003994
     113   -0.003898
     114   -0.003898
     115   -0.003790
     116   -0.003790
     117   -0.003669
     118   -0.003669
     119   -0.003578
     120   -0.003578
     121   -0.003543
     122   -0.003543
     123   -0.003532
     124   -0.003532
     125   -0.003522
     126   -0.003522
     127   -0.003509
     128   -0.003509
     129   -0.003492
     130   -0.003492
     131   -0.003472
     132   -0.003472
     133   -0.003448
     134   -0.003448
     135   -0.003426
     136   -0.003426
     137   -0.003405
     138   -0.003405
     139   -0.003381
     140   -0.003381
     141   -0.003347
     142   -0.003347
     143   -0.003303
     144   -0.003303
     145   -0.003245
     146   -0.003245
     147   -0.003184
     148   -0.003184
     149   -0.003118
     150   -0.003118
     151   -0.003047
     152   -0.003047
     153   -0.002978
     154   -0.002978
     155   -0.002911
     156   -0.002911
     157   -0.002843
     158   -0.002843
     159   -0.002774
     160   -0.002774
     161   -0.002710
     162   -0.002710
     163   -0.002654
     164   -0.002654
     165   -0.002597
     166   -0.002597
     167   -0.002540
     168   -0.002540
     169   -0.002503
     170   -0.002503
     171   -0.002492
     172   -0.002492
     173   -0.002489
     174   -0.002489
     175   -0.002487
     176   -0.002487
     177   -0.002505
     178   -0.002505
     179   -0.002551
     180   -0.002551
     181   -0.002604
     182   -0.002604
     183   -0.002623
     184   -0.002623
     185   -0.002579
     186   -0.002579
     187   -0.002466
     188   -0.002466
     189   -0.002300
     190   -0.002300
     191   -0.002078
     192   -0.002078
     193   -0.001867
     194   -0.001867
     195   -0.001696
     196   -0.001696
     197   -0.001517
     198   -0.001517
     199   -0.014483
     200   -0.014483
     201   -0.014427
     202   -0.014427
     203   -0.014360
     204   -0.014360
     205   -0.014347
     206   -0.014347
     207   -0.014360
     208   -0.014360
     209   -0.014363
     210   -0.014363
     211   -0.014357
     212   -0.014357
     213   -0.014350
     214   -0.014350
     215   -0.014343
     216   -0.014343
     217   -0.014336
     218   -0.014336
     219   -0.014328
     220   -0.014328
     221   -0.014318
     222   -0.014318
     223   -0.014305
     224   -0.014305
     225   -0.014291
     226   -0.014291
     227   -0.014275
     228   -0.014275
     229   -0.014255
     230   -0.014255
     231   -0.014233
     232   -0.014233
     233   -0.014208
     234   -0.014208
     235   -0.014184
     236   -0.014184
     237   -0.014159
     238   -0.014159
     239   -0.014133
     240   -0.014133
     241   -0.014107
     242   -0.014107
     243   -0.014079
     244   -0.014079
     245   -0.014049
     246   -0.014049
     247   -0.014019
     248   -0.014019
     249   -0.013989
     250   -0.013989
     251   -0.013959
     252   -0.013959
     253   -0.013926
     254   -0.013926
     255   -0.013890
     256   -0.013890
     257   -0.013853
     258   -0.013853
     259   -0.013814
     260   -0.013814
     261   -0.013773
     262   -0.013773
     263   -0.013732
     264   -0.013732
     265   -0.013690
     266   -0.013690
     267   -0.013649
     268   -0.013649
     269   -0.013606
     270   -0.013606
     271   -0.013560
     272   -0.013560
     273   -0.013508
     274   -0.013508
     275   -0.013449
     276   -0.013449
     277   -0.013387
     278   -0.013387
     279   -0.013324
     280   -0.013324
     281   -0.013260
     282   -0.013260
     283   -0.013193
     284   -0.013193
     285   -0.013117
     286   -0.013117
     287   -0.013039
     288   -0.013039
     289   -0.012955
     290   -0.012955
     291   -0.012863
     292   -0.012863
     293   -0.012769
     294   -0.012769
     295   -0.012667
     296   -0.012667
     297   -0.012553
     298   -0.012553
     299   -0.012431
     300   -0.012431
     301   -0.012298
     302   -0.012298
     303   -0.012140
     304   -0.012140
     305   -0.011954
     306   -0.011954
     307   -0.011749
     308   -0.011749
     309   -0.011520
     310   -0.011520
     311   -0.011263
     312   -0.011263
     313   -0.010968
     314   -0.010968
     315   -0.010642
     316   -0.010642
     317   -0.010397
     318   -0.010397
     319   -0.010301
     320   -0.010301
     321   -0.010273
     322   -0.010273
     323   -0.010249
     324   -0.010249
     325   -0.010214
     326   -0.010214
     327   -0.010166
     328   -0.010166
     329   -0.010103
     330   -0.010103
     331   -0.010033
     332   -0.010033
     333   -0.009964
     334   -0.009964
     335   -0.009895
     336   -0.009895
     337   -0.009814
     338   -0.009814
     339   -0.009710
     340   -0.009710
     341   -0.009579
     342   -0.009579
     343   -0.009420
     344   -0.009420
     345   -0.009249
     346   -0.009249
     347   -0.009065
     348   -0.009065
     349   -0.008869
     350   -0.008869
     351   -0.008677
     352   -0.008677
     353   -0.008487
     354   -0.008487
     355   -0.008292
     356   -0.008292
     357   -0.008097
     358   -0.008097
     359   -0.007913
     360   -0.007913
     361   -0.007747
     362   -0.007747
     363   -0.007578
     364   -0.007578
     365   -0.007412
     366   -0.007412
     367   -0.007293
     368   -0.007293
     369   -0.007234
     370   -0.007234
     371   -0.007195
     372   -0.007195
     373   -0.007161
     374   -0.007161
     375   -0.007172
     376   -0.007172
     377   -0.007246
     378   -0.007246
     379   -0.007328
     380   -0.007328
     381   -0.007333
     382   -0.007333
     383   -0.007190
     384   -0.007190
     385   -0.006879
     386   -0.006879
     387   -0.006429
     388   -0.006429
     389   -0.005823
     390   -0.005823
     391   -0.005210
     392   -0.005210
     393   -0.004656
     394   -0.004656
     395   -0.004081
     396   -0.004081
     397   -0.022577
     398   -0.022577
     399   -0.022535
     400   -0.022535
     401   -0.022497
     402   -0.022497
     403   -0.022504
     404   -0.022504
     405   -0.022522
     406   -0.022522
     407   -0.022523
     408   -0.022523
     409   -0.022516
     410   -0.022516
     411   -0.022507
     412   -0.022507
     413   -0.022496
     414   -0.022496
     415   -0.022484
     416   -0.022484
     417   -0.022469
     418   -0.022469
     419   -0.022453
     420   -0.022453
     421   -0.022433
     422   -0.022433
     423   -0.022412
     424   -0.022412
     425   -0.022387
     426   -0.022387
     427   -0.022358
     428   -0.022358
     429   -0.022324
     430   -0.022324
     431   -0.022287
     432   -0.022287
     433   -0.022249
     434   -0.022249
     435   -0.022210
     436   -0.022210
     437   -0.022169
     438   -0.022169
     439   -0.022127
     440   -0.022127
     441   -0.022084
     442   -0.022084
     443   -0.022039
     444   -0.022039
     445   -0.021993
     446   -0.021993
     447   -0.021946
     448   -0.021946
     449   -0.021898
     450   -0.021898
     451   -0.021847
     452   -0.021847
     453   -0.021792
     454   -0.021792
     455   -0.021735
     456   -0.021735
     457   -0.021675
     458   -0.021675
     459   -0.021614
     460   -0.021614
     461   -0.021551
     462   -0.021551
     463   -0.021487
     464   -0.021487
     465   -0.021423
     466   -0.021423
     467   -0.021359
     468   -0.021359
     469   -0.021291
     470   -0.021291
     471   -0.021211
     472   -0.021211
     473   -0.021120
     474   -0.021120
     475   -0.021024
     476   -0.021024
     477   -0.020926
     478   -0.020926
     479   -0.020827
     480   -0.020827
     481   -0.020723
     482   -0.020723
     483   -0.020610
     484   -0.020610
     485   -0.020493
     486   -0.020493
     487   -0.020368
     488   -0.020368
     489   -0.020232
     490   -0.020232
     491   -0.020085
     492   -0.020085
     493   -0.019927
     494   -0.019927
     495   -0.019753
     496   -0.019753
     497   -0.019570
     498   -0.019570
     499   -0.019374
     500   -0.019374
     501   -0.019145
     502   -0.019145
     503   -0.018877
     504   -0.018877
     505   -0.018579
     506   -0.018579
     507   -0.018248
     508   -0.018248
     509   -0.017878
     510   -0.017878
     511   -0.017458
     512   -0.017458
     513   -0.017009
     514   -0.017009
     515   -0.016664
     516   -0.016664
     517   -0.016510
     518   -0.016510
     519   -0.016461
     520   -0.016461
     521   -0.016428
     522   -0.016428
     523   -0.016378
     524   -0.016378
     525   -0.016302
     526   -0.016302
     527   -0.016200
     528   -0.016200
     529   -0.016085
     530   -0.016085
     531   -0.015967
     532   -0.015967
     533   -0.015840
     534   -0.015840
     535   -0.015694
     536   -0.015694
     537   -0.015520
     538   -0.015520
     539   -0.015313
     540   -0.015313
     541   -0.015073
     542   -0.015073
     543   -0.014815
     544   -0.014815
     545   -0.014537
     546   -0.014537
     547   -0.014245
     548   -0.014245
     549   -0.013953
     550   -0.013953
     551   -0.013657
     552   -0.013657
     553   -0.013351
     554   -0.013351
     555   -0.013043
     556   -0.013043
     557   -0.012746
     558   -0.012746
     559   -0.012464
     560   -0.012464
     561   -0.012180
     562   -0.012180
     563   -0.011909
     564   -0.011909
     565   -0.011690
     566   -0.011690
     567   -0.011532
     568   -0.011532
     569   -0.011401
     570   -0.011401
     571   -0.011283
     572   -0.011283
     573   -0.011214
     574   -0.011214
     575   -0.011203
     576   -0.011203
     577   -0.011198
     578   -0.011198
     579   -0.011106
     580   -0.011106
     581   -0.010842
     582   -0.010842
     583   -0.010375
     584   -0.010375
     585   -0.009723
     586   -0.009723
     587   -0.008844
     588   -0.008844
     589   -0.007869
     590   -0.007869
     591   -0.006892
     592   -0.006892
     593   -0.005959
     594   -0.005959
     595   -0.030093
     596   -0.030093
     597   -0.030051
     598   -0.030051
     599   -0.030014
     600   -0.030014
     601   -0.030021
     602   -0.030021
     603   -0.030038
     604   -0.030038
     605   -0.030040
     606   -0.030040
     607   -0.030034
     608   -0.030034
     609   -0.030023
     610   -0.030023
     611   -0.030009
     612   -0.030009
     613   -0.029991
     614   -0.029991
     615   -0.029969
     616   -0.029969
     617   -0.029944
     618   -0.029944
     619   -0.029917
     620   -0.029917
     621   -0.029886
     622   -0.029886
     623   -0.029853
     624   -0.029853
     625   -0.029816
     626   -0.029816
     627   -0.029773
     628   -0.029773
     629   -0.029726
     630   -0.029726
     631   -0.029676
     632   -0.029676
     633   -0.029623
     634   -0.029623
     635   -0.029569
     636   -0.029569
     637   -0.029512
     638   -0.029512
     639   -0.029455
     640   -0.029455
     641   -0.029397
     642   -0.029397
     643   -0.029337
     644   -0.029337
     645   -0.029275
     646   -0.029275
     647   -0.029211
     648   -0.029211
     649   -0.029143
     650   -0.029143
     651   -0.029072
     652   -0.029072
     653   -0.028998
     654   -0.028998
     655   -0.028921
     656   -0.028921
     657   -0.028841
     658   -0.028841
     659   -0.028758
     660   -0.028758
     661   -0.028675
     662   -0.028675
     663   -0.028591
     664   -0.028591
     665   -0.028508
     666   -0.028508
     667   -0.028421
     668   -0.028421
     669   -0.028317
     670   -0.028317
     671   -0.028199
     672   -0.028199
     673   -0.028074
     674   -0.028074
     675   -0.027947
     676   -0.027947
     677   -0.027818
     678   -0.027818
     679   -0.027683
     680   -0.027683
     681   -0.027539
     682   -0.027539
     683   -0.027389
     684   -0.027389
     685   -0.027229
     686   -0.027229
     687   -0.027055
     688   -0.027055
     689   -0.026865
     690   -0.026865
     691   -0.026659
     692   -0.026659
     693   -0.026437
     694   -0.026437
     695   -0.026203
     696   -0.026203
     697   -0.025953
     698   -0.025953
     699   -0.025668
     700   -0.025668
     701   -0.025341
     702   -0.025341
     703   -0.024975
     704   -0.024975
     705   -0.024571
     706   -0.024571
     707   -0.024121
     708   -0.024121
     709   -0.023626
     710   -0.023626
     711   -0.023124
     712   -0.023124
     713   -0.022723
     714   -0.022723
     715   -0.022507
     716   -0.022507
     717   -0.022423
     718   -0.022423
     719   -0.022372
     720   -0.022372
     721   -0.022306
     722   -0.022306
     723   -0.022209
     724   -0.022209
     725   -0.022077
     726   -0.022077
     727   -0.021925
     728   -0.021925
     729   -0.021758
     730   -0.021758
     731   -0.021573
     732   -0.021573
     733   -0.021364
     734   -0.021364
     735   -0.021126
     736   -0.021126
     737   -0.020854
     738   -0.020854
     739   -0.020547
     740   -0.020547
     741   -0.020211
     742   -0.020211
     743   -0.019855
     744   -0.019855
     745   -0.019483
     746   -0.019483
     747   -0.019099
     748   -0.019099
     749   -0.018701
     750   -0.018701
     751   -0.018289
     752   -0.018289
     753   -0.017870
     754   -0.017870
     755   -0.017453
     756   -0.017453
     757   -0.017038
     758   -0.017038
     759   -0.016629
     760   -0.016629
     761   -0.016243
     762   -0.016243
     763   -0.015898
     764   -0.015898
     765   -0.015603
     766   -0.015603
     767   -0.015333
     768   -0.015333
     769   -0.015081
     770   -0.015081
     771   -0.014874
     772   -0.014874
     773   -0.014710
     774   -0.014710
     775   -0.014551
     776   -0.014551
     777   -0.014312
     778   -0.014312
     779   -0.013897
     780   -0.013897
     781   -0.013264
     782   -0.013264
     783   -0.012426
     784   -0.012426
     785   -0.011350
     786   -0.011350
     787   -0.010075
     788   -0.010075
     789   -0.008716
     790   -0.008716
     791   -0.007541
     792   -0.007541
     793   -0.037766
     794   -0.037766
     795   -0.037700
     796   -0.037700
     797   -0.037630
     798   -0.037630
     799   -0.037622
     800   -0.037622
     801   -0.037643
     802   -0.037643
     803   -0.037651
     804   -0.037651
     805   -0.037647
     806   -0.037647
     807   -0.037634
     808   -0.037634
     809   -0.037614
     810   -0.037614
     811   -0.037590
     812   -0.037590
     813   -0.037561
     814   -0.037561
     815   -0.037528
     816   -0.037528
     817   -0.037491
     818   -0.037491
     819   -0.037450
     820   -0.037450
     821   -0.037407
     822   -0.037407
     823   -0.037361
     824   -0.037361
     825   -0.037310
     826   -0.037310
     827   -0.037254
     828   -0.037254
     829   -0.037193
     830   -0.037193
     831   -0.037129
     832   -0.037129
     833   -0.037062
     834   -0.037062
     835   -0.036993
     836   -0.036993
     837   -0.036923
     838   -0.036923
     839   -0.036851
     840   -0.036851
     841   -0.036778
     842   -0.036778
     843   -0.036702
     844   -0.036702
     845   -0.036624
     846   -0.036624
     847   -0.036541
     848   -0.036541
     849   -0.036454
     850   -0.036454
     851   -0.036363
     852   -0.036363
     853   -0.036269
     854   -0.036269
     855   -0.036171
     856   -0.036171
     857   -0.036071
     858   -0.036071
     859   -0.035968
     860   -0.035968
     861   -0.035864
     862   -0.035864
     863   -0.035759
     864   -0.035759
     865   -0.035649
     866   -0.035649
     867   -0.035524
     868   -0.035524
     869   -0.035383
     870   -0.035383
     871   -0.035235
     872   -0.035235
     873   -0.035083
     874   -0.035083
     875   -0.034926
     876   -0.034926
     877   -0.034763
     878   -0.034763
     879   -0.034590
     880   -0.034590
     881   -0.034408
     882   -0.034408
     883   -0.034215
     884   -0.034215
     885   -0.034005
     886   -0.034005
     887   -0.033776
     888   -0.033776
     889   -0.033530
     890   -0.033530
     891   -0.033266
     892   -0.033266
     893   -0.032983
     894   -0.032983
     895   -0.032676
     896   -0.032676
     897   -0.032336
     898   -0.032336
     899   -0.031958
     900   -0.031958
     901   -0.031540
     902   -0.031540
     903   -0.031079
     904   -0.031079
     905   -0.030569
     906   -0.030569
     907   -0.030026
     908   -0.030026
     909   -0.029494
     910   -0.029494
     911   -0.029056
     912   -0.029056
     913   -0.028787
     914   -0.028787
     915   -0.028657
     916   -0.028657
     917   -0.028569
     918   -0.028569
     919   -0.028475
     920   -0.028475
     921   -0.028352
     922   -0.028352
     923   -0.028191
     924   -0.028191
     925   -0.028001
     926   -0.028001
     927   -0.027782
     928   -0.027782
     929   -0.027533
     930   -0.027533
     931   -0.027255
     932   -0.027255
     933   -0.026948
     934   -0.026948
     935   -0.026608
     936   -0.026608
     937   -0.026233
     938   -0.026233
     939   -0.025824
     940   -0.025824
     941   -0.025389
     942   -0.025389
     943   -0.024934
     944   -0.024934
     945   -0.024458
     946   -0.024458
     947   -0.023957
     948   -0.023957
     949   -0.023436
     950   -0.023436
     951   -0.022904
     952   -0.022904
     953   -0.022365
     954   -0.022365
     955   -0.021816
     956   -0.021816
     957   -0.021275
     958   -0.021275
     959   -0.020759
     960   -0.020759
     961   -0.020271
     962   -0.020271
     963   -0.019816
     964   -0.019816
     965   -0.019375
     966   -0.019375
     967   -0.018949
     968   -0.018949
     969   -0.018556
     970   -0.018556
     971   -0.018193
     972   -0.018193
     973   -0.017832
     974   -0.017832
     975   -0.017393
     976   -0.017393
     977   -0.016789
     978   -0.016789
     979   -0.015959
     980   -0.015959
     981   -0.014908
     982   -0.014908
     983   -0.013647
     984   -0.013647
     985   -0.012132
     986   -0.012132
     987   -0.010445
     988   -0.010445
     989   -0.009037
     990   -0.009037
     991   -0.046152
     992   -0.046152
     993   -0.046081
     994   -0.046081
     995   -0.046007
     996   -0.046007
     997   -0.045998
     998   -0.045998
     999   -0.046014
    1000   -0.046014
    1001   -0.046014
    1002   -0.046014
    1003   -0.046002
    1004   -0.046002
    1005   -0.045982
    1006   -0.045982
    1007   -0.045956
    1008   -0.045956
    1009   -0.045924
    1010   -0.045924
    1011   -0.045888
    1012   -0.045888
    1013   -0.045847
    1014   -0.045847
    1015   -0.045802
    1016   -0.045802
    1017   -0.045753
    1018   -0.045753
    1019   -0.045700
    1020   -0.045700
    1021   -0.045644
    1022   -0.045644
    1023   -0.045585
    1024   -0.045585
    1025   -0.045520
    1026   -0.045520
    1027   -0.045450
    1028   -0.045450
    1029   -0.045375
    1030   -0.045375
    1031   -0.045296
    1032   -0.045296
    1033   -0.045215
    1034   -0.045215
    1035   -0.045134
    1036   -0.045134
    1037   -0.045051
    1038   -0.045051
    1039   -0.044966
    1040   -0.044966
    1041   -0.044879
    1042   -0.044879
    1043   -0.044787
    1044   -0.044787
    1045   -0.044691
    1046   -0.044691
    1047   -0.044588
    1048   -0.044588
    1049   -0.044481
    1050   -0.044481
    1051   -0.044369
    1052   -0.044369
    1053   -0.044253
    1054   -0.044253
    1055   -0.044133
    1056   -0.044133
    1057   -0.044011
    1058   -0.044011
    1059   -0.043886
    1060   -0.043886
    1061   -0.043758
    1062   -0.043758
    1063   -0.043623
    1064   -0.043623
    1065   -0.043476
    1066   -0.043476
    1067   -0.043316
    1068   -0.043316
    1069   -0.043147
    1070   -0.043147
    1071   -0.042971
    1072   -0.042971
    1073   -0.042787
    1074   -0.042787
    1075   -0.042594
    1076   -0.042594
    1077   -0.042392
    1078   -0.042392
    1079   -0.042178
    1080   -0.042178
    1081   -0.041950
    1082   -0.041950
    1083   -0.041707
    1084   -0.041707
    1085   -0.041445
    1086   -0.041445
    1087   -0.041166
    1088   -0.041166
    1089   -0.040865
    1090   -0.040865
    1091   -0.040536
    1092   -0.040536
    1093   -0.040177
    1094   -0.040177
    1095   -0.039787
    1096   -0.039787
    1097   -0.039365
    1098   -0.039365
    1099   -0.038904
    1100   -0.038904
    1101   -0.038393
    1102   -0.038393
    1103   -0.037833
    1104   -0.037833
    1105   -0.037243
    1106   -0.037243
    1107   -0.036663
    1108   -0.036663
    1109   -0.036167
    1110   -0.036167
    1111   -0.035828
    1112   -0.035828
    1113   -0.035628
    1114   -0.035628
    1115   -0.035478
    1116   -0.035478
    1117   -0.035322
    1118   -0.035322
    1119   -0.035138
    1120   -0.035138
    1121   -0.034914
    1122   -0.034914
    1123   -0.034657
    1124   -0.034657
    1125   -0.034368
    1126   -0.034368
    1127   -0.034044
    1128   -0.034044
    1129   -0.033687
    1130   -0.033687
    1131   -0.033295
    1132   -0.033295
    1133   -0.032868
    1134   -0.032868
    1135   -0.032409
    1136   -0.032409
    1137   -0.031916
    1138   -0.031916
    1139   -0.031392
    1140   -0.031392
    1141   -0.030842
    1142   -0.030842
    1143   -0.030264
    1144   -0.030264
    1145   -0.029655
    1146   -0.029655
    1147   -0.029019
    1148   -0.029019
    1149   -0.028370
    1150   -0.028370
    1151   -0.027707
    1152   -0.027707
    1153   -0.027027
    1154   -0.027027
    1155   -0.026350
    1156   -0.026350
    1157   -0.025695
    1158   -0.025695
    1159   -0.025058
    1160   -0.025058
    1161   -0.024437
    1162   -0.024437
    1163   -0.023826
    1164   -0.023826
    1165   -0.023220
    1166   -0.023220
    1167   -0.022633
    1168   -0.022633
    1169   -0.022063
    1170   -0.022063
    1171   -0.021474
    1172   -0.021474
    1173   -0.020794
    1174   -0.020794
    1175   -0.019977
    1176   -0.019977
    1177   -0.018963
    1178   -0.018963
    1179   -0.017711
    1180   -0.017711
    1181   -0.016229
    1182   -0.016229
    1183   -0.014447
    1184   -0.014447
    1185   -0.012412
    1186   -0.012412
    1187   -0.010703
    1188   -0.010703
    1189   -0.055838
    1190   -0.055838
    1191   -0.055786
    1192   -0.055786
    1193   -0.055734
    1194   -0.055734
    1195   -0.055715
    1196   -0.055715
    1197   -0.055696
    1198   -0.055696
    1199   -0.055665
    1200   -0.055665
    1201   -0.055633
    1202   -0.055633
    1203   -0.055598
    1204   -0.055598
    1205   -0.055559
    1206   -0.055559
    1207   -0.055516
    1208   -0.055516
    1209   -0.055469
    1210   -0.055469
    1211   -0.055420
    1212   -0.055420
    1213   -0.055365
    1214   -0.055365
    1215   -0.055307
    1216   -0.055307
    1217   -0.055244
    1218   -0.055244
    1219   -0.055176
    1220   -0.055176
    1221   -0.055106
    1222   -0.055106
    1223   -0.055030
    1224   -0.055030
    1225   -0.054949
    1226   -0.054949
    1227   -0.054861
    1228   -0.054861
    1229   -0.054769
    1230   -0.054769
    1231   -0.054677
    1232   -0.054677
    1233   -0.054585
    1234   -0.054585
    1235   -0.054492
    1236   -0.054492
    1237   -0.054397
    1238   -0.054397
    1239   -0.054298
    1240   -0.054298
    1241   -0.054196
    1242   -0.054196
    1243   -0.054084
    1244   -0.054084
    1245   -0.053964
    1246   -0.053964
    1247   -0.053838
    1248   -0.053838
    1249   -0.053707
    1250   -0.053707
    1251   -0.053571
    1252   -0.053571
    1253   -0.053430
    1254   -0.053430
    1255   -0.053287
    1256   -0.053287
    1257   -0.053143
    1258   -0.053143
    1259   -0.052993
    1260   -0.052993
    1261   -0.052835
    1262   -0.052835
    1263   -0.052668
    1264   -0.052668
    1265   -0.052489
    1266   -0.052489
    1267   -0.052299
    1268   -0.052299
    1269   -0.052097
    1270   -0.052097
    1271   -0.051884
    1272   -0.051884
    1273   -0.051661
    1274   -0.051661
    1275   -0.051427
    1276   -0.051427
    1277   -0.051179
    1278   -0.051179
    1279   -0.050917
    1280   -0.050917
    1281   -0.050642
    1282   -0.050642
    1283   -0.050349
    1284   -0.050349
    1285   -0.050038
    1286   -0.050038
    1287   -0.049702
    1288   -0.049702
    1289   -0.049337
    1290   -0.049337
    1291   -0.048937
    1292   -0.048937
    1293   -0.048508
    1294   -0.048508
    1295   -0.048047
    1296   -0.048047
    1297   -0.047540
    1298   -0.047540
    1299   -0.046981
    1300   -0.046981
    1301   -0.046371
    1302   -0.046371
    1303   -0.045729
    1304   -0.045729
    1305   -0.045086
    1306   -0.045086
    1307   -0.044498
    1308   -0.044498
    1309   -0.044054
    1310   -0.044054
    1311   -0.043760
    1312   -0.043760
    1313   -0.043524
    1314   -0.043524
    1315   -0.043273
    1316   -0.043273
    1317   -0.042984
    1318   -0.042984
    1319   -0.042654
    1320   -0.042654
    1321   -0.042292
    1322   -0.042292
    1323   -0.041905
    1324   -0.041905
    1325   -0.041490
    1326   -0.041490
    1327   -0.041033
    1328   -0.041033
    1329   -0.040532
    1330   -0.040532
    1331   -0.039995
    1332   -0.039995
    1333   -0.039426
    1334   -0.039426
    1335   -0.038826
    1336   -0.038826
    1337   -0.038192
    1338   -0.038192
    1339   -0.037523
    1340   -0.037523
    1341   -0.036823
    1342   -0.036823
    1343   -0.036095
    1344   -0.036095
    1345   -0.035339
    1346   -0.035339
    1347   -0.034566
    1348   -0.034566
    1349   -0.033774
    1350   -0.033774
    1351   -0.032961
    1352   -0.032961
    1353   -0.032150
    1354   -0.032150
    1355   -0.031353
    1356   -0.031353
    1357   -0.030565
    1358   -0.030565
    1359   -0.029788
    1360   -0.029788
    1361   -0.029022
    1362   -0.029022
    1363   -0.028258
    1364   -0.028258
    1365   -0.027504
    1366   -0.027504
    1367   -0.026758
    1368   -0.026758
    1369   -0.025960
    1370   -0.025960
    1371   -0.025043
    1372   -0.025043
    1373   -0.023997
    1374   -0.023997
    1375   -0.022798
    1376   -0.022798
    1377   -0.021356
    1378   -0.021356
    1379   -0.019591
    1380   -0.019591
    1381   -0.017434
    1382   -0.017434
    1383   -0.014957
    1384   -0.014957
    1385   -0.012860
    1386   -0.012860
    1387   -0.067496
    1388   -0.067496
    1389   -0.067418
    1390   -0.067418
    1391   -0.067316
    1392   -0.067316
    1393   -0.067230
    1394   -0.067230
    1395   -0.067147
    1396   -0.067147
    1397   -0.067064
    1398   -0.067064
    1399   -0.066988
    1400   -0.066988
    1401   -0.066914
    1402   -0.066914
    1403   -0.066843
    1404   -0.066843
    1405   -0.066774
    1406   -0.066774
    1407   -0.066708
    1408   -0.066708
    1409   -0.066643
    1410   -0.066643
    1411   -0.066575
    1412   -0.066575
    1413   -0.066504
    1414   -0.066504
    1415   -0.066428
    1416   -0.066428
    1417   -0.066347
    1418   -0.066347
    1419   -0.066261
    1420   -0.066261
    1421   -0.066170
    1422   -0.066170
    1423   -0.066073
    1424   -0.066073
    1425   -0.065969
    1426   -0.065969
    1427   -0.065860
    1428   -0.065860
    1429   -0.065752
    1430   -0.065752
    1431   -0.065648
    1432   -0.065648
    1433   -0.065542
    1434   -0.065542
    1435   -0.065432
    1436   -0.065432
    1437   -0.065321
    1438   -0.065321
    1439   -0.065204
    1440   -0.065204
    1441   -0.065076
    1442   -0.065076
    1443   -0.064938
    1444   -0.064938
    1445   -0.064792
    1446   -0.064792
    1447   -0.064640
    1448   -0.064640
    1449   -0.064481
    1450   -0.064481
    1451   -0.064316
    1452   -0.064316
    1453   -0.064151
    1454   -0.064151
    1455   -0.063985
    1456   -0.063985
    1457   -0.063814
    1458   -0.063814
    1459   -0.063633
    1460   -0.063633
    1461   -0.063444
    1462   -0.063444
    1463   -0.063245
    1464   -0.063245
    1465   -0.063031
    1466   -0.063031
    1467   -0.062801
    1468   -0.062801
    1469   -0.062560
    1470   -0.062560
    1471   -0.062306
    1472   -0.062306
    1473   -0.062040
    1474   -0.062040
    1475   -0.061759
    1476   -0.061759
    1477   -0.061463
    1478   -0.061463
    1479   -0.061153
    1480   -0.061153
    1481   -0.060826
    1482   -0.060826
    1483   -0.060477
    1484   -0.060477
    1485   -0.060103
    1486   -0.060103
    1487   -0.059699
    1488   -0.059699
    1489   -0.059262
    1490   -0.059262
    1491   -0.058793
    1492   -0.058793
    1493   -0.058289
    1494   -0.058289
    1495   -0.057739
    1496   -0.057739
    1497   -0.057135
    1498   -0.057135
    1499   -0.056484
    1500   -0.056484
    1501   -0.055799
    1502   -0.055799
    1503   -0.055105
    1504   -0.055105
    1505   -0.054453
    1506   -0.054453
    1507   -0.053937
    1508   -0.053937
    1509   -0.053568
    1510   -0.053568
    1511   -0.053247
    1512   -0.053247
    1513   -0.052901
    1514   -0.052901
    1515   -0.052508
    1516   -0.052508
    1517   -0.052065
    1518   -0.052065
    1519   -0.051576
    1520   -0.051576
    1521   -0.051056
    1522   -0.051056
    1523   -0.050506
    1524   -0.050506
    1525   -0.049912
    1526   -0.049912
    1527   -0.049273
    1528   -0.049273
    1529   -0.048596
    1530   -0.048596
    1531   -0.047883
    1532   -0.047883
    1533   -0.047139
    1534   -0.047139
    1535   -0.046363
    1536   -0.046363
    1537   -0.045552
    1538   -0.045552
    1539   -0.044712
    1540   -0.044712
    1541   -0.043852
    1542   -0.043852
    1543   -0.042969
    1544   -0.042969
    1545   -0.042064
    1546   -0.042064
    1547   -0.041141
    1548   -0.041141
    1549   -0.040203
    1550   -0.040203
    1551   -0.039263
    1552   -0.039263
    1553   -0.038325
    1554   -0.038325
    1555   -0.037390
    1556   -0.037390
    1557   -0.036461
    1558   -0.036461
    1559   -0.035539
    1560   -0.035539
    1561   -0.034619
    1562   -0.034619
    1563   -0.033697
    1564   -0.033697
    1565   -0.032761
    1566   -0.032761
    1567   -0.031757
    1568   -0.031757
    1569   -0.030633
    1570   -0.030633
    1571   -0.029366
    1572   -0.029366
    1573   -0.027932
    1574   -0.027932
    1575   -0.026229
    1576   -0.026229
    1577   -0.024093
    1578   -0.024093
    1579   -0.021443
    1580   -0.021443
    1581   -0.018396
    1582   -0.018396
    1583   -0.015803
    1584   -0.015803
    1585   -0.081881
    1586   -0.081881
    1587   -0.081704
    1588   -0.081704
    1589   -0.081458
    1590   -0.081458
    1591   -0.081251
    1592   -0.081251
    1593   -0.081077
    1594   -0.081077
    1595   -0.080920
    1596   -0.080920
    1597   -0.080770
    1598   -0.080770
    1599   -0.080628
    1600   -0.080628
    1601   -0.080500
    1602   -0.080500
    1603   -0.080389
    1604   -0.080389
    1605   -0.080291
    1606   -0.080291
    1607   -0.080200
    1608   -0.080200
    1609   -0.080112
    1610   -0.080112
    1611   -0.080024
    1612   -0.080024
    1613   -0.079931
    1614   -0.079931
    1615   -0.079833
    1616   -0.079833
    1617   -0.079729
    1618   -0.079729
    1619   -0.079619
    1620   -0.079619
    1621   -0.079504
    1622   -0.079504
    1623   -0.079382
    1624   -0.079382
    1625   -0.079254
    1626   -0.079254
    1627   -0.079126
    1628   -0.079126
    1629   -0.079001
    1630   -0.079001
    1631   -0.078873
    1632   -0.078873
    1633   -0.078743
    1634   -0.078743
    1635   -0.078612
    1636   -0.078612
    1637   -0.078477
    1638   -0.078477
    1639   -0.078332
    1640   -0.078332
    1641   -0.078177
    1642   -0.078177
    1643   -0.078012
    1644   -0.078012
    1645   -0.077840
    1646   -0.077840
    1647   -0.077658
    1648   -0.077658
    1649   -0.077470
    1650   -0.077470
    1651   -0.077279
    1652   -0.077279
    1653   -0.077086
    1654   -0.077086
    1655   -0.076887
    1656   -0.076887
    1657   -0.076680
    1658   -0.076680
    1659   -0.076466
    1660   -0.076466
    1661   -0.076241
    1662   -0.076241
    1663   -0.076001
    1664   -0.076001
    1665   -0.075744
    1666   -0.075744
    1667   -0.075473
    1668   -0.075473
    1669   -0.075188
    1670   -0.075188
    1671   -0.074890
    1672   -0.074890
    1673   -0.074577
    1674   -0.074577
    1675   -0.074248
    1676   -0.074248
    1677   -0.073899
    1678   -0.073899
    1679   -0.073531
    1680   -0.073531
    1681   -0.073137
    1682   -0.073137
    1683   -0.072716
    1684   -0.072716
    1685   -0.072266
    1686   -0.072266
    1687   -0.071784
    1688   -0.071784
    1689   -0.071269
    1690   -0.071269
    1691   -0.070722
    1692   -0.070722
    1693   -0.070133
    1694   -0.070133
    1695   -0.069497
    1696   -0.069497
    1697   -0.068817
    1698   -0.068817
    1699   -0.068101
    1700   -0.068101
    1701   -0.067377
    1702   -0.067377
    1703   -0.066702
    1704   -0.066702
    1705   -0.066164
    1706   -0.066164
    1707   -0.065754
    1708   -0.065754
    1709   -0.065368
    1710   -0.065368
    1711   -0.064947
    1712   -0.064947
    1713   -0.064474
    1714   -0.064474
    1715   -0.063936
    1716   -0.063936
    1717   -0.063329
    1718   -0.063329
    1719   -0.062668
    1720   -0.062668
    1721   -0.061957
    1722   -0.061957
    1723   -0.061204
    1724   -0.061204
    1725   -0.060409
    1726   -0.060409
    1727   -0.059566
    1728   -0.059566
    1729   -0.058676
    1730   -0.058676
    1731   -0.057756
    1732   -0.057756
    1733   -0.056809
    1734   -0.056809
    1735   -0.055834
    1736   -0.055834
    1737   -0.054833
    1738   -0.054833
    1739   -0.053808
    1740   -0.053808
    1741   -0.052760
    1742   -0.052760
    1743   -0.051689
    1744   -0.051689
    1745   -0.050604
    1746   -0.050604
    1747   -0.049513
    1748   -0.049513
    1749   -0.048414
    1750   -0.048414
    1751   -0.047301
    1752   -0.047301
    1753   -0.046183
    1754   -0.046183
    1755   -0.045062
    1756   -0.045062
    1757   -0.043939
    1758   -0.043939
    1759   -0.042812
    1760   -0.042812
    1761   -0.041663
    1762   -0.041663
    1763   -0.040473
    1764   -0.040473
    1765   -0.039218
    1766   -0.039218
    1767   -0.037882
    1768   -0.037882
    1769   -0.036402
    1770   -0.036402
    1771   -0.034699
    1772   -0.034699
    1773   -0.032662
    1774   -0.032662
    1775   -0.030089
    1776   -0.030089
    1777   -0.026868
    1778   -0.026868
    1779   -0.023130
    1780   -0.023130
    1781   -0.019917
    1782   -0.019917
    1783   -0.099945
    1784   -0.099945
    1785   -0.099675
    1786   -0.099675
    1787   -0.099304
    1788   -0.099304
    1789   -0.098998
    1790   -0.098998
    1791   -0.098740
    1792   -0.098740
    1793   -0.098507
    1794   -0.098507
    1795   -0.098284
    1796   -0.098284
    1797   -0.098070
    1798   -0.098070
    1799   -0.097881
    1800   -0.097881
    1801   -0.097720
    1802   -0.097720
    1803   -0.097580
    1804   -0.097580
    1805   -0.097452
    1806   -0.097452
    1807   -0.097332
    1808   -0.097332
    1809   -0.097217
    1810   -0.097217
    1811   -0.097101
    1812   -0.097101
    1813   -0.096981
    1814   -0.096981
    1815   -0.096855
    1816   -0.096855
    1817   -0.096724
    1818   -0.096724
    1819   -0.096589
    1820   -0.096589
    1821   -0.096448
    1822   -0.096448
    1823   -0.096300
    1824   -0.096300
    1825   -0.096148
    1826   -0.096148
    1827   -0.095995
    1828   -0.095995
    1829   -0.095841
    1830   -0.095841
    1831   -0.095686
    1832   -0.095686
    1833   -0.095530
    1834   -0.095530
    1835   -0.095373
    1836   -0.095373
    1837   -0.095211
    1838   -0.095211
    1839   -0.095040
    1840   -0.095040
    1841   -0.094859
    1842   -0.094859
    1843   -0.094665
    1844   -0.094665
    1845   -0.094462
    1846   -0.094462
    1847   -0.094250
    1848   -0.094250
    1849   -0.094030
    1850   -0.094030
    1851   -0.093804
    1852   -0.093804
    1853   -0.093573
    1854   -0.093573
    1855   -0.093336
    1856   -0.093336
    1857   -0.093091
    1858   -0.093091
    1859   -0.092836
    1860   -0.092836
    1861   -0.092566
    1862   -0.092566
    1863   -0.092281
    1864   -0.092281
    1865   -0.091978
    1866   -0.091978
    1867   -0.091661
    1868   -0.091661
    1869   -0.091328
    1870   -0.091328
    1871   -0.090979
    1872   -0.090979
    1873   -0.090612
    1874   -0.090612
    1875   -0.090223
    1876   -0.090223
    1877   -0.089809
    1878   -0.089809
    1879   -0.089367
    1880   -0.089367
    1881   -0.088895
    1882   -0.088895
    1883   -0.088393
    1884   -0.088393
    1885   -0.087861
    1886   -0.087861
    1887   -0.087296
    1888   -0.087296
    1889   -0.086701
    1890   -0.086701
    1891   -0.086072
    1892   -0.086072
    1893   -0.085404
    1894   -0.085404
    1895   -0.084699
    1896   -0.084699
    1897   -0.083957
    1898   -0.083957
    1899   -0.083204
    1900   -0.083204
    1901   -0.082506
    1902   -0.082506
    1903   -0.081943
    1904   -0.081943
    1905   -0.081493
    1906   -0.081493
    1907   -0.081052
    1908   -0.081052
    1909   -0.080563
    1910   -0.080563
    1911   -0.080009
    1912   -0.080009
    1913   -0.079379
    1914   -0.079379
    1915   -0.078669
    1916   -0.078669
    1917   -0.077879
    1918   -0.077879
    1919   -0.077015
    1920   -0.077015
    1921   -0.076096
    1922   -0.076096
    1923   -0.075129
    1924   -0.075129
    1925   -0.074107
    1926   -0.074107
    1927   -0.073031
    1928   -0.073031
    1929   -0.071914
    1930   -0.071914
    1931   -0.070763
    1932   -0.070763
    1933   -0.069581
    1934   -0.069581
    1935   -0.068363
    1936   -0.068363
    1937   -0.067108
    1938   -0.067108
    1939   -0.065827
    1940   -0.065827
    1941   -0.064523
    1942   -0.064523
    1943   -0.063199
    1944   -0.063199
    1945   -0.061863
    1946   -0.061863
    1947   -0.060508
    1948   -0.060508
    1949   -0.059133
    1950   -0.059133
    1951   -0.057747
    1952   -0.057747
    1953   -0.056350
    1954   -0.056350
    1955   -0.054939
    1956   -0.054939
    1957   -0.053512
    1958   -0.053512
    1959   -0.052048
    1960   -0.052048
    1961   -0.050535
    1962   -0.050535
    1963   -0.048979
    1964   -0.048979
    1965   -0.047385
    1966   -0.047385
    1967   -0.045674
    1968   -0.045674
    1969   -0.043717
    1970   -0.043717
    1971   -0.041359
    1972   -0.041359
    1973   -0.038361
    1974   -0.038361
    1975   -0.034536
    1976   -0.034536
    1977   -0.029980
    1978   -0.029980
    1979   -0.025978
    1980   -0.025978
    1981   -0.123039
    1982   -0.123039
    1983   -0.122751
    1984   -0.122751
    1985   -0.122353
    1986   -0.122353
    1987   -0.122026
    1988   -0.122026
    1989   -0.121735
    1990   -0.121735
    1991   -0.121457
    1992   -0.121457
    1993   -0.121193
    1994   -0.121193
    1995   -0.120946
    1996   -0.120946
    1997   -0.120723
    1998   -0.120723
    1999   -0.120521
    2000   -0.120521
    2001   -0.120336
    2002   -0.120336
    2003   -0.120166
    2004   -0.120166
    2005   -0.120007
    2006   -0.120007
    2007   -0.119856
    2008   -0.119856
    2009   -0.119709
    2010   -0.119709
    2011   -0.119562
    2012   -0.119562
    2013   -0.119410
    2014   -0.119410
    2015   -0.119255
    2016   -0.119255
    2017   -0.119096
    2018   -0.119096
    2019   -0.118931
    2020   -0.118931
    2021   -0.118758
    2022   -0.118758
    2023   -0.118581
    2024   -0.118581
    2025   -0.118400
    2026   -0.118400
    2027   -0.118219
    2028   -0.118219
    2029   -0.118039
    2030   -0.118039
    2031   -0.117859
    2032   -0.117859
    2033   -0.117678
    2034   -0.117678
    2035   -0.117494
    2036   -0.117494
    2037   -0.117303
    2038   -0.117303
    2039   -0.117101
    2040   -0.117101
    2041   -0.116885
    2042   -0.116885
    2043   -0.116658
    2044   -0.116658
    2045   -0.116419
    2046   -0.116419
    2047   -0.116169
    2048   -0.116169
    2049   -0.115910
    2050   -0.115910
    2051   -0.115644
    2052   -0.115644
    2053   -0.115372
    2054   -0.115372
    2055   -0.115092
    2056   -0.115092
    2057   -0.114802
    2058   -0.114802
    2059   -0.114498
    2060   -0.114498
    2061   -0.114177
    2062   -0.114177
    2063   -0.113839
    2064   -0.113839
    2065   -0.113485
    2066   -0.113485
    2067   -0.113112
    2068   -0.113112
    2069   -0.112719
    2070   -0.112719
    2071   -0.112307
    2072   -0.112307
    2073   -0.111872
    2074   -0.111872
    2075   -0.111410
    2076   -0.111410
    2077   -0.110920
    2078   -0.110920
    2079   -0.110399
    2080   -0.110399
    2081   -0.109846
    2082   -0.109846
    2083   -0.109261
    2084   -0.109261
    2085   -0.108643
    2086   -0.108643
    2087   -0.107991
    2088   -0.107991
    2089   -0.107306
    2090   -0.107306
    2091   -0.106591
    2092   -0.106591
    2093   -0.105843
    2094   -0.105843
    2095   -0.105056
    2096   -0.105056
    2097   -0.104247
    2098   -0.104247
    2099   -0.103488
    2100   -0.103488
    2101   -0.102859
    2102   -0.102859
    2103   -0.102331
    2104   -0.102331
    2105   -0.101796
    2106   -0.101796
    2107   -0.101196
    2108   -0.101196
    2109   -0.100507
    2110   -0.100507
    2111   -0.099726
    2112   -0.099726
    2113   -0.098856
    2114   -0.098856
    2115   -0.097888
    2116   -0.097888
    2117   -0.096822
    2118   -0.096822
    2119   -0.095680
    2120   -0.095680
    2121   -0.094478
    2122   -0.094478
    2123   -0.093222
    2124   -0.093222
    2125   -0.091910
    2126   -0.091910
    2127   -0.090537
    2128   -0.090537
    2129   -0.089110
    2130   -0.089110
    2131   -0.087633
    2132   -0.087633
    2133   -0.086105
    2134   -0.086105
    2135   -0.084535
    2136   -0.084535
    2137   -0.082935
    2138   -0.082935
    2139   -0.081303
    2140   -0.081303
    2141   -0.079638
    2142   -0.079638
    2143   -0.077943
    2144   -0.077943
    2145   -0.076213
    2146   -0.076213
    2147   -0.074468
    2148   -0.074468
    2149   -0.072717
    2150   -0.072717
    2151   -0.070939
    2152   -0.070939
    2153   -0.069138
    2154   -0.069138
    2155   -0.067320
    2156   -0.067320
    2157   -0.065470
    2158   -0.065470
    2159   -0.063578
    2160   -0.063578
    2161   -0.061684
    2162   -0.061684
    2163   -0.059800
    2164   -0.059800
    2165   -0.057836
    2166   -0.057836
    2167   -0.055661
    2168   -0.055661
    2169   -0.053071
    2170   -0.053071
    2171   -0.049743
    2172   -0.049743
    2173   -0.045367
    2174   -0.045367
    2175   -0.039920
    2176   -0.039920
    2177   -0.034977
    2178   -0.034977
    2179   -0.152992
    2180   -0.152992
    2181   -0.152886
    2182   -0.152886
    2183   -0.152734
    2184   -0.152734
    2185   -0.152577
    2186   -0.152577
    2187   -0.152371
    2188   -0.152371
    2189   -0.152130
    2190   -0.152130
    2191   -0.151894
    2192   -0.151894
    2193   -0.151671
    2194   -0.151671
    2195   -0.151452
    2196   -0.151452
    2197   -0.151233
    2198   -0.151233
    2199   -0.151019
    2200   -0.151019
    2201   -0.150815
    2202   -0.150815
    2203   -0.150620
    2204   -0.150620
    2205   -0.150433
    2206   -0.150433
    2207   -0.150252
    2208   -0.150252
    2209   -0.150073
    2210   -0.150073
    2211   -0.149894
    2212   -0.149894
    2213   -0.149711
    2214   -0.149711
    2215   -0.149522
    2216   -0.149522
    2217   -0.149326
    2218   -0.149326
    2219   -0.149124
    2220   -0.149124
    2221   -0.148918
    2222   -0.148918
    2223   -0.148709
    2224   -0.148709
    2225   -0.148501
    2226   -0.148501
    2227   -0.148293
    2228   -0.148293
    2229   -0.148085
    2230   -0.148085
    2231   -0.147876
    2232   -0.147876
    2233   -0.147663
    2234   -0.147663
    2235   -0.147444
    2236   -0.147444
    2237   -0.147214
    2238   -0.147214
    2239   -0.146972
    2240   -0.146972
    2241   -0.146716
    2242   -0.146716
    2243   -0.146445
    2244   -0.146445
    2245   -0.146161
    2246   -0.146161
    2247   -0.145865
    2248   -0.145865
    2249   -0.145559
    2250   -0.145559
    2251   -0.145244
    2252   -0.145244
    2253   -0.144921
    2254   -0.144921
    2255   -0.144587
    2256   -0.144587
    2257   -0.144239
    2258   -0.144239
    2259   -0.143874
    2260   -0.143874
    2261   -0.143493
    2262   -0.143493
    2263   -0.143094
    2264   -0.143094
    2265   -0.142674
    2266   -0.142674
    2267   -0.142231
    2268   -0.142231
    2269   -0.141762
    2270   -0.141762
    2271   -0.141270
    2272   -0.141270
    2273   -0.140752
    2274   -0.140752
    2275   -0.140207
    2276   -0.140207
    2277   -0.139635
    2278   -0.139635
    2279   -0.139032
    2280   -0.139032
    2281   -0.138391
    2282   -0.138391
    2283   -0.137714
    2284   -0.137714
    2285   -0.136993
    2286   -0.136993
    2287   -0.136229
    2288   -0.136229
    2289   -0.135425
    2290   -0.135425
    2291   -0.134573
    2292   -0.134573
    2293   -0.133663
    2294   -0.133663
    2295   -0.132699
    2296   -0.132699
    2297   -0.131754
    2298   -0.131754
    2299   -0.130935
    2300   -0.130935
    2301   -0.130212
    2302   -0.130212
    2303   -0.129464
    2304   -0.129464
    2305   -0.128624
    2306   -0.128624
    2307   -0.127665
    2308   -0.127665
    2309   -0.126592
    2310   -0.126592
    2311   -0.125411
    2312   -0.125411
    2313   -0.124125
    2314   -0.124125
    2315   -0.122731
    2316   -0.122731
    2317   -0.121233
    2318   -0.121233
    2319   -0.119656
    2320   -0.119656
    2321   -0.118020
    2322   -0.118020
    2323   -0.116323
    2324   -0.116323
    2325   -0.114558
    2326   -0.114558
    2327   -0.112722
    2328   -0.112722
    2329   -0.110818
    2330   -0.110818
    2331   -0.108856
    2332   -0.108856
    2333   -0.106844
    2334   -0.106844
    2335   -0.104783
    2336   -0.104783
    2337   -0.102669
    2338   -0.102669
    2339   -0.100506
    2340   -0.100506
    2341   -0.098302
    2342   -0.098302
    2343   -0.096054
    2344   -0.096054
    2345   -0.093771
    2346   -0.093771
    2347   -0.091467
    2348   -0.091467
    2349   -0.089140
    2350   -0.089140
    2351   -0.086814
    2352   -0.086814
    2353   -0.084494
    2354   -0.084494
    2355   -0.082178
    2356   -0.082178
    2357   -0.079879
    2358   -0.079879
    2359   -0.077637
    2360   -0.077637
    2361   -0.075458
    2362   -0.075458
    2363   -0.073213
    2364   -0.073213
    2365   -0.070754
    2366   -0.070754
    2367   -0.067955
    2368   -0.067955
    2369   -0.064498
    2370   -0.064498
    2371   -0.059861
    2372   -0.059861
    2373   -0.053733
    2374   -0.053733
    2375   -0.047902
    2376   -0.047902
    2377   -0.191129
    2378   -0.191129
    2379   -0.191340
    2380   -0.191340
    2381   -0.191611
    2382   -0.191611
    2383   -0.191713
    2384   -0.191713
    2385   -0.191653
    2386   -0.191653
    2387   -0.191511
    2388   -0.191511
    2389   -0.191337
    2390   -0.191337
    2391   -0.191153
    2392   -0.191153
    2393   -0.190954
    2394   -0.190954
    2395   -0.190738
    2396   -0.190738
    2397   -0.190514
    2398   -0.190514
    2399   -0.190289
    2400   -0.190289
    2401   -0.190065
    2402   -0.190065
    2403   -0.189846
    2404   -0.189846
    2405   -0.189631
    2406   -0.189631
    2407   -0.189418
    2408   -0.189418
    2409   -0.189206
    2410   -0.189206
    2411   -0.188990
    2412   -0.188990
    2413   -0.188766
    2414   -0.188766
    2415   -0.188535
    2416   -0.188535
    2417   -0.188297
    2418   -0.188297
    2419   -0.188057
    2420   -0.188057
    2421   -0.187815
    2422   -0.187815
    2423   -0.187572
    2424   -0.187572
    2425   -0.187329
    2426   -0.187329
    2427   -0.187083
    2428   -0.187083
    2429   -0.186836
    2430   -0.186836
    2431   -0.186584
    2432   -0.186584
    2433   -0.186326
    2434   -0.186326
    2435   -0.186058
    2436   -0.186058
    2437   -0.185777
    2438   -0.185777
    2439   -0.185481
    2440   -0.185481
    2441   -0.185169
    2442   -0.185169
    2443   -0.184841
    2444   -0.184841
    2445   -0.184498
    2446   -0.184498
    2447   -0.184140
    2448   -0.184140
    2449   -0.183770
    2450   -0.183770
    2451   -0.183389
    2452   -0.183389
    2453   -0.182997
    2454   -0.182997
    2455   -0.182589
    2456   -0.182589
    2457   -0.182165
    2458   -0.182165
    2459   -0.181725
    2460   -0.181725
    2461   -0.181265
    2462   -0.181265
    2463   -0.180783
    2464   -0.180783
    2465   -0.180274
    2466   -0.180274
    2467   -0.179736
    2468   -0.179736
    2469   -0.179171
    2470   -0.179171
    2471   -0.178579
    2472   -0.178579
    2473   -0.177961
    2474   -0.177961
    2475   -0.177317
    2476   -0.177317
    2477   -0.176643
    2478   -0.176643
    2479   -0.175928
    2480   -0.175928
    2481   -0.175167
    2482   -0.175167
    2483   -0.174346
    2484   -0.174346
    2485   -0.173469
    2486   -0.173469
    2487   -0.172533
    2488   -0.172533
    2489   -0.171519
    2490   -0.171519
    2491   -0.170411
    2492   -0.170411
    2493   -0.169198
    2494   -0.169198
    2495   -0.167949
    2496   -0.167949
    2497   -0.166799
    2498   -0.166799
    2499   -0.165733
    2500   -0.165733
    2501   -0.164619
    2502   -0.164619
    2503   -0.163377
    2504   -0.163377
    2505   -0.161984
    2506   -0.161984
    2507   -0.160454
    2508   -0.160454
    2509   -0.158800
    2510   -0.158800
    2511   -0.157039
    2512   -0.157039
    2513   -0.155162
    2514   -0.155162
    2515   -0.153154
    2516   -0.153154
    2517   -0.151040
    2518   -0.151040
    2519   -0.148852
    2520   -0.148852
    2521   -0.146596
    2522   -0.146596
    2523   -0.144266
    2524   -0.144266
    2525   -0.141853
    2526   -0.141853
    2527   -0.139361
    2528   -0.139361
    2529   -0.136800
    2530   -0.136800
    2531   -0.134170
    2532   -0.134170
    2533   -0.131461
    2534   -0.131461
    2535   -0.128672
    2536   -0.128672
    2537   -0.125814
    2538   -0.125814
    2539   -0.122907
    2540   -0.122907
    2541   -0.119954
    2542   -0.119954
    2543   -0.116930
    2544   -0.116930
    2545   -0.113850
    2546   -0.113850
    2547   -0.110774
    2548   -0.110774
    2549   -0.107736
    2550   -0.107736
    2551   -0.104735
    2552   -0.104735
    2553   -0.101792
    2554   -0.101792
    2555   -0.098952
    2556   -0.098952
    2557   -0.096246
    2558   -0.096246
    2559   -0.093690
    2560   -0.093690
    2561   -0.091124
    2562   -0.091124
    2563   -0.088308
    2564   -0.088308
    2565   -0.085356
    2566   -0.085356
    2567   -0.082154
    2568   -0.082154
    2569   -0.077903
    2570   -0.077903
    2571   -0.071778
    2572   -0.071778
    2573   -0.065544
    2574   -0.065544
    2575   -0.231867
    2576   -0.231867
    2577   -0.232143
    2578   -0.232143
    2579   -0.232407
    2580   -0.232407
    2581   -0.232384
    2582   -0.232384
    2583   -0.232266
    2584   -0.232266
    2585   -0.232149
    2586   -0.232149
    2587   -0.232000
    2588   -0.232000
    2589   -0.231828
    2590   -0.231828
    2591   -0.231632
    2592   -0.231632
    2593   -0.231417
    2594   -0.231417
    2595   -0.231185
    2596   -0.231185
    2597   -0.230940
    2598   -0.230940
    2599   -0.230690
    2600   -0.230690
    2601   -0.230439
    2602   -0.230439
    2603   -0.230187
    2604   -0.230187
    2605   -0.229934
    2606   -0.229934
    2607   -0.229680
    2608   -0.229680
    2609   -0.229422
    2610   -0.229422
    2611   -0.229158
    2612   -0.229158
    2613   -0.228884
    2614   -0.228884
    2615   -0.228602
    2616   -0.228602
    2617   -0.228317
    2618   -0.228317
    2619   -0.228030
    2620   -0.228030
    2621   -0.227741
    2622   -0.227741
    2623   -0.227447
    2624   -0.227447
    2625   -0.227149
    2626   -0.227149
    2627   -0.226845
    2628   -0.226845
    2629   -0.226536
    2630   -0.226536
    2631   -0.226221
    2632   -0.226221
    2633   -0.225895
    2634   -0.225895
    2635   -0.225554
    2636   -0.225554
    2637   -0.225199
    2638   -0.225199
    2639   -0.224828
    2640   -0.224828
    2641   -0.224436
    2642   -0.224436
    2643   -0.224025
    2644   -0.224025
    2645   -0.223596
    2646   -0.223596
    2647   -0.223150
    2648   -0.223150
    2649   -0.222690
    2650   -0.222690
    2651   -0.222214
    2652   -0.222214
    2653   -0.221722
    2654   -0.221722
    2655   -0.221214
    2656   -0.221214
    2657   -0.220686
    2658   -0.220686
    2659   -0.220135
    2660   -0.220135
    2661   -0.219558
    2662   -0.219558
    2663   -0.218953
    2664   -0.218953
    2665   -0.218317
    2666   -0.218317
    2667   -0.217650
    2668   -0.217650
    2669   -0.216953
    2670   -0.216953
    2671   -0.216225
    2672   -0.216225
    2673   -0.215465
    2674   -0.215465
    2675   -0.214672
    2676   -0.214672
    2677   -0.213843
    2678   -0.213843
    2679   -0.212956
    2680   -0.212956
    2681   -0.211995
    2682   -0.211995
    2683   -0.210963
    2684   -0.210963
    2685   -0.209853
    2686   -0.209853
    2687   -0.208642
    2688   -0.208642
    2689   -0.207309
    2690   -0.207309
    2691   -0.205826
    2692   -0.205826
    2693   -0.204250
    2694   -0.204250
    2695   -0.202705
    2696   -0.202705
    2697   -0.201161
    2698   -0.201161
    2699   -0.199500
    2700   -0.199500
    2701   -0.197670
    2702   -0.197670
    2703   -0.195669
    2704   -0.195669
    2705   -0.193517
    2706   -0.193517
    2707   -0.191232
    2708   -0.191232
    2709   -0.188829
    2710   -0.188829
    2711   -0.186296
    2712   -0.186296
    2713   -0.183623
    2714   -0.183623
    2715   -0.180836
    2716   -0.180836
    2717   -0.177942
    2718   -0.177942
    2719   -0.174942
    2720   -0.174942
    2721   -0.171840
    2722   -0.171840
    2723   -0.168635
    2724   -0.168635
    2725   -0.165334
    2726   -0.165334
    2727   -0.161938
    2728   -0.161938
    2729   -0.158443
    2730   -0.158443
    2731   -0.154850
    2732   -0.154850
    2733   -0.151165
    2734   -0.151165
    2735   -0.147393
    2736   -0.147393
    2737   -0.143546
    2738   -0.143546
    2739   -0.139646
    2740   -0.139646
    2741   -0.135674
    2742   -0.135674
    2743   -0.131645
    2744   -0.131645
    2745   -0.127617
    2746   -0.127617
    2747   -0.123611
    2748   -0.123611
    2749   -0.119646
    2750   -0.119646
    2751   -0.115776
    2752   -0.115776
    2753   -0.112054
    2754   -0.112054
    2755   -0.108514
    2756   -0.108514
    2757   -0.105191
    2758   -0.105191
    2759   -0.102097
    2760   -0.102097
    2761   -0.099197
    2762   -0.099197
    2763   -0.096571
    2764   -0.096571
    2765   -0.094161
    2766   -0.094161
    2767   -0.091268
    2768   -0.091268
    2769   -0.086638
    2770   -0.086638
    2771   -0.081439
    2772   -0.081439
    2773   -0.250585
    2774   -0.250585
    2775   -0.250697
    2776   -0.250697
    2777   -0.250631
    2778   -0.250631
    2779   -0.250199
    2780   -0.250199
    2781   -0.249796
    2782   -0.249796
    2783   -0.249576
    2784   -0.249576
    2785   -0.249393
    2786   -0.249393
    2787   -0.249200
    2788   -0.249200
    2789   -0.248983
    2790   -0.248983
    2791   -0.248747
    2792   -0.248747
    2793   -0.248491
    2794   -0.248491
    2795   -0.248217
    2796   -0.248217
    2797   -0.247931
    2798   -0.247931
    2799   -0.247637
    2800   -0.247637
    2801   -0.247335
    2802   -0.247335
    2803   -0.247028
    2804   -0.247028
    2805   -0.246719
    2806   -0.246719
    2807   -0.246403
    2808   -0.246403
    2809   -0.246081
    2810   -0.246081
    2811   -0.245750
    2812   -0.245750
    2813   -0.245411
    2814   -0.245411
    2815   -0.245065
    2816   -0.245065
    2817   -0.244713
    2818   -0.244713
    2819   -0.244354
    2820   -0.244354
    2821   -0.243988
    2822   -0.243988
    2823   -0.243612
    2824   -0.243612
    2825   -0.243226
    2826   -0.243226
    2827   -0.242829
    2828   -0.242829
    2829   -0.242423
    2830   -0.242423
    2831   -0.242004
    2832   -0.242004
    2833   -0.241571
    2834   -0.241571
    2835   -0.241122
    2836   -0.241122
    2837   -0.240655
    2838   -0.240655
    2839   -0.240166
    2840   -0.240166
    2841   -0.239655
    2842   -0.239655
    2843   -0.239121
    2844   -0.239121
    2845   -0.238565
    2846   -0.238565
    2847   -0.237987
    2848   -0.237987
    2849   -0.237389
    2850   -0.237389
    2851   -0.236771
    2852   -0.236771
    2853   -0.236133
    2854   -0.236133
    2855   -0.235469
    2856   -0.235469
    2857   -0.234774
    2858   -0.234774
    2859   -0.234050
    2860   -0.234050
    2861   -0.233295
    2862   -0.233295
    2863   -0.232506
    2864   -0.232506
    2865   -0.231682
    2866   -0.231682
    2867   -0.230822
    2868   -0.230822
    2869   -0.229922
    2870   -0.229922
    2871   -0.228980
    2872   -0.228980
    2873   -0.227999
    2874   -0.227999
    2875   -0.226982
    2876   -0.226982
    2877   -0.225911
    2878   -0.225911
    2879   -0.224763
    2880   -0.224763
    2881   -0.223513
    2882   -0.223513
    2883   -0.222149
    2884   -0.222149
    2885   -0.220666
    2886   -0.220666
    2887   -0.219044
    2888   -0.219044
    2889   -0.217246
    2890   -0.217246
    2891   -0.215282
    2892   -0.215282
    2893   -0.213192
    2894   -0.213192
    2895   -0.210917
    2896   -0.210917
    2897   -0.208409
    2898   -0.208409
    2899   -0.205688
    2900   -0.205688
    2901   -0.202779
    2902   -0.202779
    2903   -0.199709
    2904   -0.199709
    2905   -0.196491
    2906   -0.196491
    2907   -0.193133
    2908   -0.193133
    2909   -0.189638
    2910   -0.189638
    2911   -0.186007
    2912   -0.186007
    2913   -0.182242
    2914   -0.182242
    2915   -0.178313
    2916   -0.178313
    2917   -0.174214
    2918   -0.174214
    2919   -0.169964
    2920   -0.169964
    2921   -0.165579
    2922   -0.165579
    2923   -0.161067
    2924   -0.161067
    2925   -0.156418
    2926   -0.156418
    2927   -0.151635
    2928   -0.151635
    2929   -0.146731
    2930   -0.146731
    2931   -0.141723
    2932   -0.141723
    2933   -0.136618
    2934   -0.136618
    2935   -0.131404
    2936   -0.131404
    2937   -0.126107
    2938   -0.126107
    2939   -0.120756
    2940   -0.120756
    2941   -0.115359
    2942   -0.115359
    2943   -0.109927
    2944   -0.109927
    2945   -0.104473
    2946   -0.104473
    2947   -0.099054
    2948   -0.099054
    2949   -0.093747
    2950   -0.093747
    2951   -0.088609
    2952   -0.088609
    2953   -0.083696
    2954   -0.083696
    2955   -0.079051
    2956   -0.079051
    2957   -0.075030
    2958   -0.075030
    2959   -0.072125
    2960   -0.072125
    2961   -0.070210
    2962   -0.070210
    2963   -0.069129
    2964   -0.069129
    2965   -0.068935
    2966   -0.068935
    2967   -0.068519
    2968   -0.068519
    2969   -0.067356
    2970   -0.067356
    2971   -0.199328
    2972   -0.199328
    2973   -0.199125
    2974   -0.199125
    2975   -0.198669
    2976   -0.198669
    2977   -0.197994
    2978   -0.197994
    2979   -0.197465
    2980   -0.197465
    2981   -0.197153
    2982   -0.197153
    2983   -0.196894
    2984   -0.196894
    2985   -0.196637
    2986   -0.196637
    2987   -0.196364
    2988   -0.196364
    2989   -0.196072
    2990   -0.196072
    2991   -0.195760
    2992   -0.195760
    2993   -0.195428
    2994   -0.195428
    2995   -0.195076
    2996   -0.195076
    2997   -0.194707
    2998   -0.194707
    2999   -0.194324
    3000   -0.194324
    3001   -0.193934
    3002   -0.193934
    3003   -0.193540
    3004   -0.193540
    3005   -0.193136
    3006   -0.193136
    3007   -0.192720
    3008   -0.192720
    3009   -0.192301
    3010   -0.192301
    3011   -0.191876
    3012   -0.191876
    3013   -0.191437
    3014   -0.191437
    3015   -0.190983
    3016   -0.190983
    3017   -0.190515
    3018   -0.190515
    3019   -0.190035
    3020   -0.190035
    3021   -0.189538
    3022   -0.189538
    3023   -0.189022
    3024   -0.189022
    3025   -0.188486
    3026   -0.188486
    3027   -0.187930
    3028   -0.187930
    3029   -0.187361
    3030   -0.187361
    3031   -0.186777
    3032   -0.186777
    3033   -0.186173
    3034   -0.186173
    3035   -0.185548
    3036   -0.185548
    3037   -0.184901
    3038   -0.184901
    3039   -0.184229
    3040   -0.184229
    3041   -0.183526
    3042   -0.183526
    3043   -0.182792
    3044   -0.182792
    3045   -0.182027
    3046   -0.182027
    3047   -0.181235
    3048   -0.181235
    3049   -0.180413
    3050   -0.180413
    3051   -0.179562
    3052   -0.179562
    3053   -0.178676
    3054   -0.178676
    3055   -0.177751
    3056   -0.177751
    3057   -0.176787
    3058   -0.176787
    3059   -0.175784
    3060   -0.175784
    3061   -0.174741
    3062   -0.174741
    3063   -0.173656
    3064   -0.173656
    3065   -0.172524
    3066   -0.172524
    3067   -0.171342
    3068   -0.171342
    3069   -0.170105
    3070   -0.170105
    3071   -0.168813
    3072   -0.168813
    3073   -0.167468
    3074   -0.167468
    3075   -0.166070
    3076   -0.166070
    3077   -0.164592
    3078   -0.164592
    3079   -0.162992
    3080   -0.162992
    3081   -0.161250
    3082   -0.161250
    3083   -0.159368
    3084   -0.159368
    3085   -0.157321
    3086   -0.157321
    3087   -0.155067
    3088   -0.155067
    3089   -0.152525
    3090   -0.152525
    3091   -0.149581
    3092   -0.149581
    3093   -0.146178
    3094   -0.146178
    3095   -0.142373
    3096   -0.142373
    3097   -0.138267
    3098   -0.138267
    3099   -0.133924
    3100   -0.133924
    3101   -0.129382
    3102   -0.129382
    3103   -0.124643
    3104   -0.124643
    3105   -0.119708
    3106   -0.119708
    3107   -0.114609
    3108   -0.114609
    3109   -0.109353
    3110   -0.109353
    3111   -0.103895
    3112   -0.103895
    3113   -0.098209
    3114   -0.098209
    3115   -0.092301
    3116   -0.092301
    3117   -0.086185
    3118   -0.086185
    3119   -0.079883
    3120   -0.079883
    3121   -0.073403
    3122   -0.073403
    3123   -0.066738
    3124   -0.066738
    3125   -0.059898
    3126   -0.059898
    3127   -0.052895
    3128   -0.052895
    3129   -0.045742
    3130   -0.045742
    3131   -0.038456
    3132   -0.038456
    3133   -0.031032
    3134   -0.031032
    3135   -0.023483
    3136   -0.023483
    3137   -0.015851
    3138   -0.015851
    3139   -0.008154
    3140   -0.008154
    3141   -0.000392
    3142   -0.000392
    3143    0.007406
    3144    0.007406
    3145    0.015163
    3146    0.015163
    3147    0.022793
    3148    0.022793
    3149    0.030198
    3150    0.030198
    3151    0.037270
    3152    0.037270
    3153    0.043851
    3154    0.043851
    3155    0.049395
    3156    0.049395
    3157    0.053146
    3158    0.053146
    3159    0.054803
    3160    0.054803
    3161    0.053952
    3162    0.053952
    3163    0.049520
    3164    0.049520
    3165    0.041735
    3166    0.041735
    3167    0.034216
    3168    0.034216
    3169   -0.013372
    3170   -0.013372
    3171   -0.012541
    3172   -0.012541
    3173   -0.011426
    3174   -0.011426
    3175   -0.010647
    3176   -0.010647
    3177   -0.010196
    3178   -0.010196
    3179   -0.009821
    3180   -0.009821
    3181   -0.009442
    3182   -0.009442
    3183   -0.009063
    3184   -0.009063
    3185   -0.008675
    3186   -0.008675
    3187   -0.008267
    3188   -0.008267
    3189   -0.007837
    3190   -0.007837
    3191   -0.007384
    3192   -0.007384
    3193   -0.006904
    3194   -0.006904
    3195   -0.006397
    3196   -0.006397
    3197   -0.005870
    3198   -0.005870
    3199   -0.005331
    3200   -0.005331
    3201   -0.004781
    3202   -0.004781
    3203   -0.004215
    3204   -0.004215
    3205   -0.003637
    3206   -0.003637
    3207   -0.003054
    3208   -0.003054
    3209   -0.002466
    3210   -0.002466
    3211   -0.001859
    3212   -0.001859
    3213   -0.001228
    3214   -0.001228
    3215   -0.000573
    3216   -0.000573
    3217    0.000108
    3218    0.000108
    3219    0.000817
    3220    0.000817
    3221    0.001559
    3222    0.001559
    3223    0.002335
    3224    0.002335
    3225    0.003142
    3226    0.003142
    3227    0.003973
    3228    0.003973
    3229    0.004826
    3230    0.004826
    3231    0.005706
    3232    0.005706
    3233    0.006614
    3234    0.006614
    3235    0.007548
    3236    0.007548
    3237    0.008514
    3238    0.008514
    3239    0.009519
    3240    0.009519
    3241    0.010567
    3242    0.010567
    3243    0.011660
    3244    0.011660
    3245    0.012797
    3246    0.012797
    3247    0.013977
    3248    0.013977
    3249    0.015203
    3250    0.015203
    3251    0.016480
    3252    0.016480
    3253    0.017811
    3254    0.017811
    3255    0.019199
    3256    0.019199
    3257    0.020645
    3258    0.020645
    3259    0.022147
    3260    0.022147
    3261    0.023708
    3262    0.023708
    3263    0.025332
    3264    0.025332
    3265    0.027025
    3266    0.027025
    3267    0.028795
    3268    0.028795
    3269    0.030652
    3270    0.030652
    3271    0.032604
    3272    0.032604
    3273    0.034642
    3274    0.034642
    3275    0.036766
    3276    0.036766
    3277    0.038998
    3278    0.038998
    3279    0.041374
    3280    0.041374
    3281    0.043924
    3282    0.043924
    3283    0.046701
    3284    0.046701
    3285    0.049788
    3286    0.049788
    3287    0.053412
    3288    0.053412
    3289    0.057814
    3290    0.057814
    3291    0.063038
    3292    0.063038
    3293    0.068967
    3294    0.068967
    3295    0.075386
    3296    0.075386
    3297    0.082129
    3298    0.082129
    3299    0.089157
    3300    0.089157
    3301    0.096486
    3302    0.096486
    3303    0.104120
    3304    0.104120
    3305    0.112012
    3306    0.112012
    3307    0.120143
    3308    0.120143
    3309    0.128577
    3310    0.128577
    3311    0.137322
    3312    0.137322
    3313    0.146358
    3314    0.146358
    3315    0.155682
    3316    0.155682
    3317    0.165283
    3318    0.165283
    3319    0.175154
    3320    0.175154
    3321    0.185281
    3322    0.185281
    3323    0.195647
    3324    0.195647
    3325    0.206248
    3326    0.206248
    3327    0.217087
    3328    0.217087
    3329    0.228139
    3330    0.228139
    3331    0.239387
    3332    0.239387
    3333    0.250819
    3334    0.250819
    3335    0.262402
    3336    0.262402
    3337    0.274103
    3338    0.274103
    3339    0.285896
    3340    0.285896
    3341    0.297728
    3342    0.297728
    3343    0.309507
    3344    0.309507
    3345    0.321122
    3346    0.321122
    3347    0.332417
    3348    0.332417
    3349    0.343177
    3350    0.343177
    3351    0.353043
    3352    0.353043
    3353    0.361345
    3354    0.361345
    3355    0.367171
    3356    0.367171
    3357    0.369166
    3358    0.369166
    3359    0.365453
    3360    0.365453
    3361    0.353680
    3362    0.353680
    3363    0.332641
    3364    0.332641
    3365    0.310506
    3366    0.310506
    3367    0.397129
    3368    0.397129
    3369    0.398679
    3370    0.398679
    3371    0.400458
    3372    0.400458
    3373    0.401314
    3374    0.401314
    3375    0.401836
    3376    0.401836
    3377    0.402467
    3378    0.402467
    3379    0.403087
    3380    0.403087
    3381    0.403695
    3382    0.403695
    3383    0.404307
    3384    0.404307
    3385    0.404940
    3386    0.404940
    3387    0.405604
    3388    0.405604
    3389    0.406302
    3390    0.406302
    3391    0.407038
    3392    0.407038
    3393    0.407809
    3394    0.407809
    3395    0.408610
    3396    0.408610
    3397    0.409443
    3398    0.409443
    3399    0.410304
    3400    0.410304
    3401    0.411185
    3402    0.411185
    3403    0.412078
    3404    0.412078
    3405    0.412979
    3406    0.412979
    3407    0.413893
    3408    0.413893
    3409    0.414830
    3410    0.414830
    3411    0.415801
    3412    0.415801
    3413    0.416816
    3414    0.416816
    3415    0.417879
    3416    0.417879
    3417    0.418994
    3418    0.418994
    3419    0.420164
    3420    0.420164
    3421    0.421387
    3422    0.421387
    3423    0.422662
    3424    0.422662
    3425    0.423984
    3426    0.423984
    3427    0.425350
    3428    0.425350
    3429    0.426755
    3430    0.426755
    3431    0.428199
    3432    0.428199
    3433    0.429686
    3434    0.429686
    3435    0.431220
    3436    0.431220
    3437    0.432806
    3438    0.432806
    3439    0.434453
    3440    0.434453
    3441    0.436169
    3442    0.436169
    3443    0.437959
    3444    0.437959
    3445    0.439819
    3446    0.439819
    3447    0.441753
    3448    0.441753
    3449    0.443769
    3450    0.443769
    3451    0.445872
    3452    0.445872
    3453    0.448068
    3454    0.448068
    3455    0.450357
    3456    0.450357
    3457    0.452736
    3458    0.452736
    3459    0.455211
    3460    0.455211
    3461    0.457786
    3462    0.457786
    3463    0.460466
    3464    0.460466
    3465    0.463266
    3466    0.463266
    3467    0.466206
    3468    0.466206
    3469    0.469303
    3470    0.469303
    3471    0.472543
    3472    0.472543
    3473    0.475894
    3474    0.475894
    3475    0.479355
    3476    0.479355
    3477    0.482987
    3478    0.482987
    3479    0.486869
    3480    0.486869
    3481    0.491106
    3482    0.491106
    3483    0.495922
    3484    0.495922
    3485    0.501804
    3486    0.501804
    3487    0.509081
    3488    0.509081
    3489    0.517731
    3490    0.517731
    3491    0.527557
    3492    0.527557
    3493    0.538160
    3494    0.538160
    3495    0.549264
    3496    0.549264
    3497    0.560828
    3498    0.560828
    3499    0.572869
    3500    0.572869
    3501    0.585380
    3502    0.585380
    3503    0.598329
    3504    0.598329
    3505    0.611702
    3506    0.611702
    3507    0.625542
    3508    0.625542
    3509    0.639846
    3510    0.639846
    3511    0.654600
    3512    0.654600
    3513    0.669802
    3514    0.669802
    3515    0.685449
    3516    0.685449
    3517    0.701529
    3518    0.701529
    3519    0.718011
    3520    0.718011
    3521    0.734877
    3522    0.734877
    3523    0.752123
    3524    0.752123
    3525    0.769747
    3526    0.769747
    3527    0.787730
    3528    0.787730
    3529    0.806039
    3530    0.806039
    3531    0.824648
    3532    0.824648
    3533    0.843515
    3534    0.843515
    3535    0.862590
    3536    0.862590
    3537    0.881816
    3538    0.881816
    3539    0.901100
    3540    0.901100
    3541    0.920305
    3542    0.920305
    3543    0.939277
    3544    0.939277
    3545    0.957774
    3546    0.957774
    3547    0.975417
    3548    0.975417
    3549    0.991560
    3550    0.991560
    3551    1.005174
    3552    1.005174
    3553    1.014714
    3554    1.014714
    3555    1.017464
    3556    1.017464
    3557    1.009243
    3558    1.009243
    3559    0.985577
    3560    0.985577
    3561    0.943603
    3562    0.943603
    3563    0.898232
    3564    0.898232
    3565    1.182863
    3566    1.182863
    3567    1.185320
    3568    1.185320
    3569    1.187967
    3570    1.187967
    3571    1.189075
    3572    1.189075
    3573    1.189929
    3574    1.189929
    3575    1.191098
    3576    1.191098
    3577    1.192193
    3578    1.192193
    3579    1.193244
    3580    1.193244
    3581    1.194289
    3582    1.194289
    3583    1.195360
    3584    1.195360
    3585    1.196481
    3586    1.196481
    3587    1.197660
    3588    1.197660
    3589    1.198901
    3590    1.198901
    3591    1.200195
    3592    1.200195
    3593    1.201540
    3594    1.201540
    3595    1.202953
    3596    1.202953
    3597    1.204429
    3598    1.204429
    3599    1.205934
    3600    1.205934
    3601    1.207448
    3602    1.207448
    3603    1.208977
    3604    1.208977
    3605    1.210532
    3606    1.210532
    3607    1.212125
    3608    1.212125
    3609    1.213772
    3610    1.213772
    3611    1.215493
    3612    1.215493
    3613    1.217303
    3614    1.217303
    3615    1.219212
    3616    1.219212
    3617    1.221216
    3618    1.221216
    3619    1.223313
    3620    1.223313
    3621    1.225501
    3622    1.225501
    3623    1.227779
    3624    1.227779
    3625    1.230140
    3626    1.230140
    3627    1.232566
    3628    1.232566
    3629    1.235056
    3630    1.235056
    3631    1.237618
    3632    1.237618
    3633    1.240259
    3634    1.240259
    3635    1.242985
    3636    1.242985
    3637    1.245805
    3638    1.245805
    3639    1.248737
    3640    1.248737
    3641    1.251797
    3642    1.251797
    3643    1.254984
    3644    1.254984
    3645    1.258299
    3646    1.258299
    3647    1.261757
    3648    1.261757
    3649    1.265367
    3650    1.265367
    3651    1.269136
    3652    1.269136
    3653    1.273065
    3654    1.273065
    3655    1.277153
    3656    1.277153
    3657    1.281411
    3658    1.281411
    3659    1.285847
    3660    1.285847
    3661    1.290463
    3662    1.290463
    3663    1.295277
    3664    1.295277
    3665    1.300324
    3666    1.300324
    3667    1.305622
    3668    1.305622
    3669    1.311157
    3670    1.311157
    3671    1.316877
    3672    1.316877
    3673    1.322772
    3674    1.322772
    3675    1.328932
    3676    1.328932
    3677    1.335484
    3678    1.335484
    3679    1.342632
    3680    1.342632
    3681    1.350855
    3682    1.350855
    3683    1.361167
    3684    1.361167
    3685    1.374160
    3686    1.374160
    3687    1.389650
    3688    1.389650
    3689    1.406976
    3690    1.406976
    3691    1.425398
    3692    1.425398
    3693    1.444772
    3694    1.444772
    3695    1.465026
    3696    1.465026
    3697    1.486042
    3698    1.486042
    3699    1.507825
    3700    1.507825
    3701    1.530371
    3702    1.530371
    3703    1.553690
    3704    1.553690
    3705    1.577799
    3706    1.577799
    3707    1.602689
    3708    1.602689
    3709    1.628349
    3710    1.628349
    3711    1.654781
    3712    1.654781
    3713    1.681981
    3714    1.681981
    3715    1.709922
    3716    1.709922
    3717    1.738565
    3718    1.738565
    3719    1.767888
    3720    1.767888
    3721    1.797876
    3722    1.797876
    3723    1.828509
    3724    1.828509
    3725    1.859776
    3726    1.859776
    3727    1.891643
    3728    1.891643
    3729    1.924034
    3730    1.924034
    3731    1.956861
    3732    1.956861
    3733    1.990089
    3734    1.990089
    3735    2.023599
    3736    2.023599
    3737    2.057196
    3738    2.057196
    3739    2.090661
    3740    2.090661
    3741    2.123768
    3742    2.123768
    3743    2.156139
    3744    2.156139
    3745    2.187120
    3746    2.187120
    3747    2.215555
    3748    2.215555
    3749    2.239704
    3750    2.239704
    3751    2.256781
    3752    2.256781
    3753    2.261888
    3754    2.261888
    3755    2.246838
    3756    2.246838
    3757    2.202493
    3758    2.202493
    3759    2.121942
    3760    2.121942
    3761    2.033116
    3762    2.033116
    3763    2.355189
    3764    2.355189
    3765    2.359103
    3766    2.359103
    3767    2.363346
    3768    2.363346
    3769    2.365052
    3770    2.365052
    3771    2.366431
    3772    2.366431
    3773    2.368376
    3774    2.368376
    3775    2.370188
    3776    2.370188
    3777    2.371921
    3778    2.371921
    3779    2.373634
    3780    2.373634
    3781    2.375386
    3782    2.375386
    3783    2.377212
    3784    2.377212
    3785    2.379140
    3786    2.379140
    3787    2.381170
    3788    2.381170
    3789    2.383283
    3790    2.383283
    3791    2.385479
    3792    2.385479
    3793    2.387799
    3794    2.387799
    3795    2.390238
    3796    2.390238
    3797    2.392719
    3798    2.392719
    3799    2.395203
    3800    2.395203
    3801    2.397711
    3802    2.397711
    3803    2.400265
    3804    2.400265
    3805    2.402881
    3806    2.402881
    3807    2.405585
    3808    2.405585
    3809    2.408408
    3810    2.408408
    3811    2.411379
    3812    2.411379
    3813    2.414521
    3814    2.414521
    3815    2.417826
    3816    2.417826
    3817    2.421285
    3818    2.421285
    3819    2.424893
    3820    2.424893
    3821    2.428659
    3822    2.428659
    3823    2.432566
    3824    2.432566
    3825    2.436576
    3826    2.436576
    3827    2.440687
    3828    2.440687
    3829    2.444918
    3830    2.444918
    3831    2.449280
    3832    2.449280
    3833    2.453779
    3834    2.453779
    3835    2.458427
    3836    2.458427
    3837    2.463250
    3838    2.463250
    3839    2.468285
    3840    2.468285
    3841    2.473536
    3842    2.473536
    3843    2.478997
    3844    2.478997
    3845    2.484698
    3846    2.484698
    3847    2.490654
    3848    2.490654
    3849    2.496868
    3850    2.496868
    3851    2.503346
    3852    2.503346
    3853    2.510087
    3854    2.510087
    3855    2.517116
    3856    2.517116
    3857    2.524447
    3858    2.524447
    3859    2.532069
    3860    2.532069
    3861    2.540011
    3862    2.540011
    3863    2.548330
    3864    2.548330
    3865    2.557050
    3866    2.557050
    3867    2.566152
    3868    2.566152
    3869    2.575557
    3870    2.575557
    3871    2.585249
    3872    2.585249
    3873    2.595358
    3874    2.595358
    3875    2.606068
    3876    2.606068
    3877    2.617691
    3878    2.617691
    3879    2.631065
    3880    2.631065
    3881    2.648105
    3882    2.648105
    3883    2.669986
    3884    2.669986
    3885    2.696273
    3886    2.696273
    3887    2.725259
    3888    2.725259
    3889    2.755616
    3890    2.755616
    3891    2.787733
    3892    2.787733
    3893    2.821451
    3894    2.821451
    3895    2.856320
    3896    2.856320
    3897    2.892419
    3898    2.892419
    3899    2.929785
    3900    2.929785
    3901    2.968444
    3902    2.968444
    3903    3.008408
    3904    3.008408
    3905    3.049655
    3906    3.049655
    3907    3.092168
    3908    3.092168
    3909    3.135961
    3910    3.135961
    3911    3.181031
    3912    3.181031
    3913    3.227326
    3914    3.227326
    3915    3.274795
    3916    3.274795
    3917    3.323401
    3918    3.323401
    3919    3.373110
    3920    3.373110
    3921    3.423884
    3922    3.423884
    3923    3.475725
    3924    3.475725
    3925    3.528614
    3926    3.528614
    3927    3.582375
    3928    3.582375
    3929    3.636825
    3930    3.636825
    3931    3.692004
    3932    3.692004
    3933    3.747687
    3934    3.747687
    3935    3.803492
    3936    3.803492
    3937    3.859083
    3938    3.859083
    3939    3.914149
    3940    3.914149
    3941    3.968098
    3942    3.968098
    3943    4.019893
    3944    4.019893
    3945    4.067646
    3946    4.067646
    3947    4.108603
    3948    4.108603
    3949    4.138289
    3950    4.138289
    3951    4.148640
    3952    4.148640
    3953    4.125520
    3954    4.125520
    3955    4.051014
    3956    4.051014
    3957    3.907528
    3958    3.907528
    3959    3.745309
    3960    3.745309
