    2100
       1    8.867657    0.000000    1.217039
       2    8.835385    0.000000    1.218971
       3    8.792095    0.000000    1.221558
       4    8.734704    0.000000    1.224980
       5    8.659796    0.000000    1.229434
       6    8.563994    0.000000    1.235109
       7    8.444612    0.000000    1.242149
       8    8.300570    0.000000    1.250597
       9    8.133381    0.000000    1.260325
      10    7.947822    0.000000    1.270997
      11    7.751821    0.000000    1.282067
      12    7.555340    0.000000    1.292847
      13    7.368525    0.000000    1.302636
      14    7.199808    0.000000    1.310852
      15    7.054668    0.000000    1.316956
      16    6.935443    0.000000    1.318681
      17    6.841894    0.000000    1.315167
      18    6.772217    0.000000    1.308345
      19    6.724305    0.000000    1.300811
      20    6.697281    0.000000    1.294973
      21    6.689813    0.000000    1.292718
      22    8.867657    1.025000    1.217039
      23    8.835385    1.025000    1.218971
      24    8.792095    1.025000    1.221558
      25    8.734704    1.025000    1.224980
      26    8.659796    1.025000    1.229434
      27    8.563994    1.025000    1.235109
      28    8.444612    1.025000    1.242149
      29    8.300570    1.025000    1.250597
      30    8.133381    1.025000    1.260325
      31    7.947822    1.025000    1.270997
      32    7.751821    1.025000    1.282067
      33    7.555340    1.025000    1.292847
      34    7.368525    1.025000    1.302636
      35    7.199808    1.025000    1.310852
      36    7.054668    1.025000    1.316956
      37    6.935443    1.025000    1.318681
      38    6.841894    1.025000    1.315167
      39    6.772217    1.025000    1.308345
      40    6.724305    1.025000    1.300811
      41    6.697281    1.025000    1.294973
      42    6.689813    1.025000    1.292718
      43    8.867762    1.111811    1.220069
      44    8.835491    1.111811    1.222001
      45    8.792201    1.111811    1.224588
      46    8.734810    1.111811    1.228010
      47    8.659902    1.111811    1.232463
      48    8.564100    1.111811    1.238138
      49    8.444718    1.111811    1.245179
      50    8.300675    1.111811    1.253626
      51    8.133487    1.111811    1.263355
      52    7.947928    1.111811    1.274027
      53    7.751927    1.111811    1.285097
      54    7.555446    1.111811    1.295877
      55    7.368631    1.111811    1.305666
      56    7.199914    1.111811    1.313881
      57    7.054773    1.111811    1.319986
      58    6.935549    1.111811    1.321711
      59    6.842000    1.111811    1.318197
      60    6.772322    1.111811    1.311375
      61    6.724411    1.111811    1.303841
      62    6.697387    1.111811    1.298003
      63    6.689919    1.111811    1.295748
      64    8.867868    1.198623    1.223098
      65    8.835597    1.198623    1.225030
      66    8.792307    1.198623    1.227618
      67    8.734916    1.198623    1.231040
      68    8.660008    1.198623    1.235493
      69    8.564206    1.198623    1.241168
      70    8.444824    1.198623    1.248209
      71    8.300781    1.198623    1.256656
      72    8.133592    1.198623    1.266385
      73    7.948034    1.198623    1.277056
      74    7.752033    1.198623    1.288127
      75    7.555552    1.198623    1.298906
      76    7.368737    1.198623    1.308696
      77    7.200020    1.198623    1.316911
      78    7.054879    1.198623    1.323016
      79    6.935655    1.198623    1.324741
      80    6.842106    1.198623    1.321226
      81    6.772428    1.198623    1.314404
      82    6.724517    1.198623    1.306870
      83    6.697493    1.198623    1.301032
      84    6.690025    1.198623    1.298778
      85    8.867974    1.285434    1.226128
      86    8.835703    1.285434    1.228060
      87    8.792413    1.285434    1.230647
      88    8.735021    1.285434    1.234069
      89    8.660113    1.285434    1.238523
      90    8.564312    1.285434    1.244198
      91    8.444929    1.285434    1.251238
      92    8.300887    1.285434    1.259686
      93    8.133698    1.285434    1.269414
      94    7.948140    1.285434    1.280086
      95    7.752139    1.285434    1.291156
      96    7.555658    1.285434    1.301936
      97    7.368843    1.285434    1.311726
      98    7.200125    1.285434    1.319941
      99    7.054985    1.285434    1.326045
     100    6.935760    1.285434    1.327770
     101    6.842211    1.285434    1.324256
     102    6.772534    1.285434    1.317434
     103    6.724622    1.285434    1.309900
     104    6.697599    1.285434    1.304062
     105    6.690131    1.285434    1.301807
     106    8.868080    1.372246    1.229158
     107    8.835808    1.372246    1.231090
     108    8.792518    1.372246    1.233677
     109    8.735127    1.372246    1.237099
     110    8.660219    1.372246    1.241552
     111    8.564417    1.372246    1.247227
     112    8.445035    1.372246    1.254268
     113    8.300993    1.372246    1.262715
     114    8.133804    1.372246    1.272444
     115    7.948245    1.372246    1.283116
     116    7.752244    1.372246    1.294186
     117    7.555763    1.372246    1.304966
     118    7.368949    1.372246    1.314755
     119    7.200231    1.372246    1.322970
     120    7.055091    1.372246    1.329075
     121    6.935866    1.372246    1.330800
     122    6.842317    1.372246    1.327286
     123    6.772640    1.372246    1.320464
     124    6.724728    1.372246    1.312930
     125    6.697704    1.372246    1.307092
     126    6.690237    1.372246    1.304837
     127    8.868186    1.459057    1.232187
     128    8.835914    1.459057    1.234120
     129    8.792624    1.459057    1.236707
     130    8.735233    1.459057    1.240129
     131    8.660325    1.459057    1.244582
     132    8.564523    1.459057    1.250257
     133    8.445141    1.459057    1.257298
     134    8.301099    1.459057    1.265745
     135    8.133910    1.459057    1.275474
     136    7.948351    1.459057    1.286145
     137    7.752350    1.459057    1.297216
     138    7.555869    1.459057    1.307995
     139    7.369054    1.459057    1.317785
     140    7.200337    1.459057    1.326000
     141    7.055197    1.459057    1.332105
     142    6.935972    1.459057    1.333830
     143    6.842423    1.459057    1.330315
     144    6.772746    1.459057    1.323493
     145    6.724834    1.459057    1.315959
     146    6.697810    1.459057    1.310121
     147    6.690342    1.459057    1.307867
     148    8.868291    1.545869    1.235217
     149    8.836020    1.545869    1.237149
     150    8.792730    1.545869    1.239736
     151    8.735339    1.545869    1.243158
     152    8.660431    1.545869    1.247612
     153    8.564629    1.545869    1.253287
     154    8.445247    1.545869    1.260327
     155    8.301204    1.545869    1.268775
     156    8.134016    1.545869    1.278503
     157    7.948457    1.545869    1.289175
     158    7.752456    1.545869    1.300245
     159    7.555975    1.545869    1.311025
     160    7.369160    1.545869    1.320815
     161    7.200443    1.545869    1.329030
     162    7.055302    1.545869    1.335135
     163    6.936078    1.545869    1.336860
     164    6.842529    1.545869    1.333345
     165    6.772851    1.545869    1.326523
     166    6.724940    1.545869    1.318989
     167    6.697916    1.545869    1.313151
     168    6.690448    1.545869    1.310896
     169    8.868397    1.632680    1.238247
     170    8.836126    1.632680    1.240179
     171    8.792836    1.632680    1.242766
     172    8.735445    1.632680    1.246188
     173    8.660537    1.632680    1.250641
     174    8.564735    1.632680    1.256317
     175    8.445353    1.632680    1.263357
     176    8.301310    1.632680    1.271804
     177    8.134121    1.632680    1.281533
     178    7.948563    1.632680    1.292205
     179    7.752562    1.632680    1.303275
     180    7.556081    1.632680    1.314055
     181    7.369266    1.632680    1.323844
     182    7.200549    1.632680    1.332059
     183    7.055408    1.632680    1.338164
     184    6.936184    1.632680    1.339889
     185    6.842635    1.632680    1.336375
     186    6.772957    1.632680    1.329553
     187    6.725046    1.632680    1.322019
     188    6.698022    1.632680    1.316181
     189    6.690554    1.632680    1.313926
     190    8.868503    1.719492    1.241276
     191    8.836232    1.719492    1.243209
     192    8.792942    1.719492    1.245796
     193    8.735550    1.719492    1.249218
     194    8.660642    1.719492    1.253671
     195    8.564841    1.719492    1.259346
     196    8.445458    1.719492    1.266387
     197    8.301416    1.719492    1.274834
     198    8.134227    1.719492    1.284563
     199    7.948669    1.719492    1.295234
     200    7.752668    1.719492    1.306305
     201    7.556187    1.719492    1.317084
     202    7.369372    1.719492    1.326874
     203    7.200654    1.719492    1.335089
     204    7.055514    1.719492    1.341194
     205    6.936289    1.719492    1.342919
     206    6.842740    1.719492    1.339405
     207    6.773063    1.719492    1.332582
     208    6.725151    1.719492    1.325048
     209    6.698128    1.719492    1.319210
     210    6.690660    1.719492    1.316956
     211    8.868609    1.806303    1.244306
     212    8.836337    1.806303    1.246238
     213    8.793047    1.806303    1.248825
     214    8.735656    1.806303    1.252247
     215    8.660748    1.806303    1.256701
     216    8.564946    1.806303    1.262376
     217    8.445564    1.806303    1.269416
     218    8.301522    1.806303    1.277864
     219    8.134333    1.806303    1.287592
     220    7.948774    1.806303    1.298264
     221    7.752773    1.806303    1.309334
     222    7.556292    1.806303    1.320114
     223    7.369478    1.806303    1.329904
     224    7.200760    1.806303    1.338119
     225    7.055620    1.806303    1.344224
     226    6.936395    1.806303    1.345949
     227    6.842846    1.806303    1.342434
     228    6.773169    1.806303    1.335612
     229    6.725257    1.806303    1.328078
     230    6.698233    1.806303    1.322240
     231    6.690766    1.806303    1.319985
     232    8.868715    1.893115    1.247336
     233    8.836443    1.893115    1.249268
     234    8.793153    1.893115    1.251855
     235    8.735762    1.893115    1.255277
     236    8.660854    1.893115    1.259730
     237    8.565052    1.893115    1.265406
     238    8.445670    1.893115    1.272446
     239    8.301628    1.893115    1.280893
     240    8.134439    1.893115    1.290622
     241    7.948880    1.893115    1.301294
     242    7.752879    1.893115    1.312364
     243    7.556398    1.893115    1.323144
     244    7.369583    1.893115    1.332933
     245    7.200866    1.893115    1.341148
     246    7.055726    1.893115    1.347253
     247    6.936501    1.893115    1.348978
     248    6.842952    1.893115    1.345464
     249    6.773275    1.893115    1.338642
     250    6.725363    1.893115    1.331108
     251    6.698339    1.893115    1.325270
     252    6.690871    1.893115    1.323015
     253    8.868820    1.979926    1.250365
     254    8.836549    1.979926    1.252298
     255    8.793259    1.979926    1.254885
     256    8.735868    1.979926    1.258307
     257    8.660960    1.979926    1.262760
     258    8.565158    1.979926    1.268435
     259    8.445776    1.979926    1.275476
     260    8.301733    1.979926    1.283923
     261    8.134545    1.979926    1.293652
     262    7.948986    1.979926    1.304323
     263    7.752985    1.979926    1.315394
     264    7.556504    1.979926    1.326173
     265    7.369689    1.979926    1.335963
     266    7.200972    1.979926    1.344178
     267    7.055831    1.979926    1.350283
     268    6.936607    1.979926    1.352008
     269    6.843058    1.979926    1.348494
     270    6.773380    1.979926    1.341671
     271    6.725469    1.979926    1.334137
     272    6.698445    1.979926    1.328299
     273    6.690977    1.979926    1.326045
     274    8.868926    2.066738    1.253395
     275    8.836655    2.066738    1.255327
     276    8.793365    2.066738    1.257915
     277    8.735974    2.066738    1.261336
     278    8.661066    2.066738    1.265790
     279    8.565264    2.066738    1.271465
     280    8.445882    2.066738    1.278506
     281    8.301839    2.066738    1.286953
     282    8.134650    2.066738    1.296681
     283    7.949092    2.066738    1.307353
     284    7.753091    2.066738    1.318423
     285    7.556610    2.066738    1.329203
     286    7.369795    2.066738    1.338993
     287    7.201078    2.066738    1.347208
     288    7.055937    2.066738    1.353313
     289    6.936713    2.066738    1.355038
     290    6.843164    2.066738    1.351523
     291    6.773486    2.066738    1.344701
     292    6.725575    2.066738    1.337167
     293    6.698551    2.066738    1.331329
     294    6.691083    2.066738    1.329074
     295    8.869032    2.153549    1.256425
     296    8.836761    2.153549    1.258357
     297    8.793471    2.153549    1.260944
     298    8.736079    2.153549    1.264366
     299    8.661171    2.153549    1.268819
     300    8.565370    2.153549    1.274495
     301    8.445987    2.153549    1.281535
     302    8.301945    2.153549    1.289982
     303    8.134756    2.153549    1.299711
     304    7.949198    2.153549    1.310383
     305    7.753197    2.153549    1.321453
     306    7.556716    2.153549    1.332233
     307    7.369901    2.153549    1.342022
     308    7.201183    2.153549    1.350237
     309    7.056043    2.153549    1.356342
     310    6.936818    2.153549    1.358067
     311    6.843269    2.153549    1.354553
     312    6.773592    2.153549    1.347731
     313    6.725680    2.153549    1.340197
     314    6.698657    2.153549    1.334359
     315    6.691189    2.153549    1.332104
     316    8.869138    2.240361    1.259454
     317    8.836866    2.240361    1.261387
     318    8.793576    2.240361    1.263974
     319    8.736185    2.240361    1.267396
     320    8.661277    2.240361    1.271849
     321    8.565475    2.240361    1.277524
     322    8.446093    2.240361    1.284565
     323    8.302051    2.240361    1.293012
     324    8.134862    2.240361    1.302741
     325    7.949303    2.240361    1.313412
     326    7.753302    2.240361    1.324483
     327    7.556821    2.240361    1.335262
     328    7.370007    2.240361    1.345052
     329    7.201289    2.240361    1.353267
     330    7.056149    2.240361    1.359372
     331    6.936924    2.240361    1.361097
     332    6.843375    2.240361    1.357583
     333    6.773698    2.240361    1.350760
     334    6.725786    2.240361    1.343226
     335    6.698762    2.240361    1.337388
     336    6.691295    2.240361    1.335134
     337    8.869244    2.327172    1.262484
     338    8.836972    2.327172    1.264416
     339    8.793682    2.327172    1.267004
     340    8.736291    2.327172    1.270426
     341    8.661383    2.327172    1.274879
     342    8.565581    2.327172    1.280554
     343    8.446199    2.327172    1.287595
     344    8.302157    2.327172    1.296042
     345    8.134968    2.327172    1.305770
     346    7.949409    2.327172    1.316442
     347    7.753408    2.327172    1.327512
     348    7.556927    2.327172    1.338292
     349    7.370112    2.327172    1.348082
     350    7.201395    2.327172    1.356297
     351    7.056255    2.327172    1.362402
     352    6.937030    2.327172    1.364127
     353    6.843481    2.327172    1.360612
     354    6.773804    2.327172    1.353790
     355    6.725892    2.327172    1.346256
     356    6.698868    2.327172    1.340418
     357    6.691400    2.327172    1.338163
     358    8.869349    2.413984    1.265514
     359    8.837078    2.413984    1.267446
     360    8.793788    2.413984    1.270033
     361    8.736397    2.413984    1.273455
     362    8.661489    2.413984    1.277909
     363    8.565687    2.413984    1.283584
     364    8.446305    2.413984    1.290624
     365    8.302262    2.413984    1.299071
     366    8.135074    2.413984    1.308800
     367    7.949515    2.413984    1.319472
     368    7.753514    2.413984    1.330542
     369    7.557033    2.413984    1.341322
     370    7.370218    2.413984    1.351111
     371    7.201501    2.413984    1.359326
     372    7.056360    2.413984    1.365431
     373    6.937136    2.413984    1.367156
     374    6.843587    2.413984    1.363642
     375    6.773909    2.413984    1.356820
     376    6.725998    2.413984    1.349286
     377    6.698974    2.413984    1.343448
     378    6.691506    2.413984    1.341193
     379    8.869455    2.500795    1.268543
     380    8.837184    2.500795    1.270476
     381    8.793894    2.500795    1.273063
     382    8.736503    2.500795    1.276485
     383    8.661595    2.500795    1.280938
     384    8.565793    2.500795    1.286613
     385    8.446411    2.500795    1.293654
     386    8.302368    2.500795    1.302101
     387    8.135179    2.500795    1.311830
     388    7.949621    2.500795    1.322501
     389    7.753620    2.500795    1.333572
     390    7.557139    2.500795    1.344351
     391    7.370324    2.500795    1.354141
     392    7.201607    2.500795    1.362356
     393    7.056466    2.500795    1.368461
     394    6.937242    2.500795    1.370186
     395    6.843693    2.500795    1.366672
     396    6.774015    2.500795    1.359849
     397    6.726104    2.500795    1.352316
     398    6.699080    2.500795    1.346477
     399    6.691612    2.500795    1.344223
     400    8.869561    2.587607    1.271573
     401    8.837290    2.587607    1.273505
     402    8.794000    2.587607    1.276093
     403    8.736608    2.587607    1.279515
     404    8.661700    2.587607    1.283968
     405    8.565899    2.587607    1.289643
     406    8.446516    2.587607    1.296684
     407    8.302474    2.587607    1.305131
     408    8.135285    2.587607    1.314859
     409    7.949726    2.587607    1.325531
     410    7.753726    2.587607    1.336602
     411    7.557245    2.587607    1.347381
     412    7.370430    2.587607    1.357171
     413    7.201712    2.587607    1.365386
     414    7.056572    2.587607    1.371491
     415    6.937347    2.587607    1.373216
     416    6.843798    2.587607    1.369701
     417    6.774121    2.587607    1.362879
     418    6.726209    2.587607    1.355345
     419    6.699186    2.587607    1.349507
     420    6.691718    2.587607    1.347253
     421    8.869667    2.674418    1.274603
     422    8.837395    2.674418    1.276535
     423    8.794105    2.674418    1.279122
     424    8.736714    2.674418    1.282544
     425    8.661806    2.674418    1.286998
     426    8.566004    2.674418    1.292673
     427    8.446622    2.674418    1.299713
     428    8.302580    2.674418    1.308160
     429    8.135391    2.674418    1.317889
     430    7.949832    2.674418    1.328561
     431    7.753831    2.674418    1.339631
     432    7.557350    2.674418    1.350411
     433    7.370536    2.674418    1.360200
     434    7.201818    2.674418    1.368415
     435    7.056678    2.674418    1.374520
     436    6.937453    2.674418    1.376245
     437    6.843904    2.674418    1.372731
     438    6.774227    2.674418    1.365909
     439    6.726315    2.674418    1.358375
     440    6.699291    2.674418    1.352537
     441    6.691824    2.674418    1.350282
     442    8.869773    2.761230    1.277632
     443    8.837501    2.761230    1.279565
     444    8.794211    2.761230    1.282152
     445    8.736820    2.761230    1.285574
     446    8.661912    2.761230    1.290027
     447    8.566110    2.761230    1.295702
     448    8.446728    2.761230    1.302743
     449    8.302686    2.761230    1.311190
     450    8.135497    2.761230    1.320919
     451    7.949938    2.761230    1.331590
     452    7.753937    2.761230    1.342661
     453    7.557456    2.761230    1.353440
     454    7.370641    2.761230    1.363230
     455    7.201924    2.761230    1.371445
     456    7.056784    2.761230    1.377550
     457    6.937559    2.761230    1.379275
     458    6.844010    2.761230    1.375761
     459    6.774333    2.761230    1.368938
     460    6.726421    2.761230    1.361405
     461    6.699397    2.761230    1.355566
     462    6.691929    2.761230    1.353312
     463    8.869878    2.848041    1.280662
     464    8.837607    2.848041    1.282594
     465    8.794317    2.848041    1.285182
     466    8.736926    2.848041    1.288604
     467    8.662018    2.848041    1.293057
     468    8.566216    2.848041    1.298732
     469    8.446834    2.848041    1.305773
     470    8.302791    2.848041    1.314220
     471    8.135603    2.848041    1.323948
     472    7.950044    2.848041    1.334620
     473    7.754043    2.848041    1.345691
     474    7.557562    2.848041    1.356470
     475    7.370747    2.848041    1.366260
     476    7.202030    2.848041    1.374475
     477    7.056889    2.848041    1.380580
     478    6.937665    2.848041    1.382305
     479    6.844116    2.848041    1.378790
     480    6.774438    2.848041    1.371968
     481    6.726527    2.848041    1.364434
     482    6.699503    2.848041    1.358596
     483    6.692035    2.848041    1.356342
     484    8.869984    2.934853    1.283692
     485    8.837713    2.934853    1.285624
     486    8.794423    2.934853    1.288211
     487    8.737032    2.934853    1.291633
     488    8.662124    2.934853    1.296087
     489    8.566322    2.934853    1.301762
     490    8.446940    2.934853    1.308802
     491    8.302897    2.934853    1.317250
     492    8.135708    2.934853    1.326978
     493    7.950150    2.934853    1.337650
     494    7.754149    2.934853    1.348720
     495    7.557668    2.934853    1.359500
     496    7.370853    2.934853    1.369289
     497    7.202135    2.934853    1.377504
     498    7.056995    2.934853    1.383609
     499    6.937771    2.934853    1.385334
     500    6.844222    2.934853    1.381820
     501    6.774544    2.934853    1.374998
     502    6.726633    2.934853    1.367464
     503    6.699609    2.934853    1.361626
     504    6.692141    2.934853    1.359371
     505    8.870090    3.021664    1.286721
     506    8.837819    3.021664    1.288654
     507    8.794529    3.021664    1.291241
     508    8.737137    3.021664    1.294663
     509    8.662229    3.021664    1.299116
     510    8.566428    3.021664    1.304791
     511    8.447045    3.021664    1.311832
     512    8.303003    3.021664    1.320279
     513    8.135814    3.021664    1.330008
     514    7.950255    3.021664    1.340679
     515    7.754255    3.021664    1.351750
     516    7.557774    3.021664    1.362529
     517    7.370959    3.021664    1.372319
     518    7.202241    3.021664    1.380534
     519    7.057101    3.021664    1.386639
     520    6.937876    3.021664    1.388364
     521    6.844327    3.021664    1.384850
     522    6.774650    3.021664    1.378027
     523    6.726738    3.021664    1.370494
     524    6.699715    3.021664    1.364655
     525    6.692247    3.021664    1.362401
     526    8.870196    3.108476    1.289751
     527    8.837924    3.108476    1.291683
     528    8.794634    3.108476    1.294271
     529    8.737243    3.108476    1.297693
     530    8.662335    3.108476    1.302146
     531    8.566533    3.108476    1.307821
     532    8.447151    3.108476    1.314862
     533    8.303109    3.108476    1.323309
     534    8.135920    3.108476    1.333037
     535    7.950361    3.108476    1.343709
     536    7.754360    3.108476    1.354780
     537    7.557879    3.108476    1.365559
     538    7.371065    3.108476    1.375349
     539    7.202347    3.108476    1.383564
     540    7.057207    3.108476    1.389669
     541    6.937982    3.108476    1.391394
     542    6.844433    3.108476    1.387879
     543    6.774756    3.108476    1.381057
     544    6.726844    3.108476    1.373523
     545    6.699820    3.108476    1.367685
     546    6.692353    3.108476    1.365431
     547    8.870302    3.195287    1.292781
     548    8.838030    3.195287    1.294713
     549    8.794740    3.195287    1.297300
     550    8.737349    3.195287    1.300722
     551    8.662441    3.195287    1.305176
     552    8.566639    3.195287    1.310851
     553    8.447257    3.195287    1.317891
     554    8.303215    3.195287    1.326339
     555    8.136026    3.195287    1.336067
     556    7.950467    3.195287    1.346739
     557    7.754466    3.195287    1.357809
     558    7.557985    3.195287    1.368589
     559    7.371170    3.195287    1.378378
     560    7.202453    3.195287    1.386594
     561    7.057313    3.195287    1.392698
     562    6.938088    3.195287    1.394423
     563    6.844539    3.195287    1.390909
     564    6.774862    3.195287    1.384087
     565    6.726950    3.195287    1.376553
     566    6.699926    3.195287    1.370715
     567    6.692458    3.195287    1.368460
     568    8.870407    3.282099    1.295810
     569    8.838136    3.282099    1.297743
     570    8.794846    3.282099    1.300330
     571    8.737455    3.282099    1.303752
     572    8.662547    3.282099    1.308205
     573    8.566745    3.282099    1.313880
     574    8.447363    3.282099    1.320921
     575    8.303320    3.282099    1.329368
     576    8.136132    3.282099    1.339097
     577    7.950573    3.282099    1.349768
     578    7.754572    3.282099    1.360839
     579    7.558091    3.282099    1.371618
     580    7.371276    3.282099    1.381408
     581    7.202559    3.282099    1.389623
     582    7.057418    3.282099    1.395728
     583    6.938194    3.282099    1.397453
     584    6.844645    3.282099    1.393939
     585    6.774967    3.282099    1.387116
     586    6.727056    3.282099    1.379583
     587    6.700032    3.282099    1.373745
     588    6.692564    3.282099    1.371490
     589    8.870513    3.368910    1.298840
     590    8.838242    3.368910    1.300772
     591    8.794952    3.368910    1.303360
     592    8.737561    3.368910    1.306782
     593    8.662653    3.368910    1.311235
     594    8.566851    3.368910    1.316910
     595    8.447469    3.368910    1.323951
     596    8.303426    3.368910    1.332398
     597    8.136237    3.368910    1.342126
     598    7.950679    3.368910    1.352798
     599    7.754678    3.368910    1.363869
     600    7.558197    3.368910    1.374648
     601    7.371382    3.368910    1.384438
     602    7.202664    3.368910    1.392653
     603    7.057524    3.368910    1.398758
     604    6.938300    3.368910    1.400483
     605    6.844750    3.368910    1.396968
     606    6.775073    3.368910    1.390146
     607    6.727162    3.368910    1.382612
     608    6.700138    3.368910    1.376774
     609    6.692670    3.368910    1.374520
     610    8.870619    3.455722    1.301870
     611    8.838348    3.455722    1.303802
     612    8.795058    3.455722    1.306389
     613    8.737666    3.455722    1.309811
     614    8.662758    3.455722    1.314265
     615    8.566957    3.455722    1.319940
     616    8.447574    3.455722    1.326980
     617    8.303532    3.455722    1.335428
     618    8.136343    3.455722    1.345156
     619    7.950784    3.455722    1.355828
     620    7.754784    3.455722    1.366898
     621    7.558303    3.455722    1.377678
     622    7.371488    3.455722    1.387467
     623    7.202770    3.455722    1.395683
     624    7.057630    3.455722    1.401787
     625    6.938405    3.455722    1.403512
     626    6.844856    3.455722    1.399998
     627    6.775179    3.455722    1.393176
     628    6.727267    3.455722    1.385642
     629    6.700244    3.455722    1.379804
     630    6.692776    3.455722    1.377549
     631    8.870725    3.542533    1.304899
     632    8.838453    3.542533    1.306832
     633    8.795163    3.542533    1.309419
     634    8.737772    3.542533    1.312841
     635    8.662864    3.542533    1.317294
     636    8.567062    3.542533    1.322969
     637    8.447680    3.542533    1.330010
     638    8.303638    3.542533    1.338457
     639    8.136449    3.542533    1.348186
     640    7.950890    3.542533    1.358858
     641    7.754889    3.542533    1.369928
     642    7.558408    3.542533    1.380708
     643    7.371594    3.542533    1.390497
     644    7.202876    3.542533    1.398712
     645    7.057736    3.542533    1.404817
     646    6.938511    3.542533    1.406542
     647    6.844962    3.542533    1.403028
     648    6.775285    3.542533    1.396205
     649    6.727373    3.542533    1.388672
     650    6.700349    3.542533    1.382834
     651    6.692881    3.542533    1.380579
     652    8.870831    3.629345    1.307929
     653    8.838559    3.629345    1.309861
     654    8.795269    3.629345    1.312449
     655    8.737878    3.629345    1.315871
     656    8.662970    3.629345    1.320324
     657    8.567168    3.629345    1.325999
     658    8.447786    3.629345    1.333040
     659    8.303744    3.629345    1.341487
     660    8.136555    3.629345    1.351216
     661    7.950996    3.629345    1.361887
     662    7.754995    3.629345    1.372958
     663    7.558514    3.629345    1.383737
     664    7.371699    3.629345    1.393527
     665    7.202982    3.629345    1.401742
     666    7.057842    3.629345    1.407847
     667    6.938617    3.629345    1.409572
     668    6.845068    3.629345    1.406057
     669    6.775391    3.629345    1.399235
     670    6.727479    3.629345    1.391701
     671    6.700455    3.629345    1.385863
     672    6.692987    3.629345    1.383609
     673    8.870936    3.716156    1.310959
     674    8.838665    3.716156    1.312891
     675    8.795375    3.716156    1.315478
     676    8.737984    3.716156    1.318900
     677    8.663076    3.716156    1.323354
     678    8.567274    3.716156    1.329029
     679    8.447892    3.716156    1.336069
     680    8.303849    3.716156    1.344517
     681    8.136661    3.716156    1.354245
     682    7.951102    3.716156    1.364917
     683    7.755101    3.716156    1.375987
     684    7.558620    3.716156    1.386767
     685    7.371805    3.716156    1.396556
     686    7.203088    3.716156    1.404772
     687    7.057947    3.716156    1.410876
     688    6.938723    3.716156    1.412601
     689    6.845174    3.716156    1.409087
     690    6.775496    3.716156    1.402265
     691    6.727585    3.716156    1.394731
     692    6.700561    3.716156    1.388893
     693    6.693093    3.716156    1.386638
     694    8.871042    3.802968    1.313989
     695    8.838771    3.802968    1.315921
     696    8.795481    3.802968    1.318508
     697    8.738090    3.802968    1.321930
     698    8.663182    3.802968    1.326383
     699    8.567380    3.802968    1.332058
     700    8.447998    3.802968    1.339099
     701    8.303955    3.802968    1.347546
     702    8.136766    3.802968    1.357275
     703    7.951208    3.802968    1.367947
     704    7.755207    3.802968    1.379017
     705    7.558726    3.802968    1.389797
     706    7.371911    3.802968    1.399586
     707    7.203193    3.802968    1.407801
     708    7.058053    3.802968    1.413906
     709    6.938829    3.802968    1.415631
     710    6.845279    3.802968    1.412117
     711    6.775602    3.802968    1.405295
     712    6.727691    3.802968    1.397761
     713    6.700667    3.802968    1.391923
     714    6.693199    3.802968    1.389668
     715    8.871148    3.889779    1.317018
     716    8.838877    3.889779    1.318950
     717    8.795587    3.889779    1.321538
     718    8.738195    3.889779    1.324960
     719    8.663287    3.889779    1.329413
     720    8.567486    3.889779    1.335088
     721    8.448103    3.889779    1.342129
     722    8.304061    3.889779    1.350576
     723    8.136872    3.889779    1.360305
     724    7.951313    3.889779    1.370976
     725    7.755312    3.889779    1.382047
     726    7.558831    3.889779    1.392826
     727    7.372017    3.889779    1.402616
     728    7.203299    3.889779    1.410831
     729    7.058159    3.889779    1.416936
     730    6.938934    3.889779    1.418661
     731    6.845385    3.889779    1.415146
     732    6.775708    3.889779    1.408324
     733    6.727796    3.889779    1.400790
     734    6.700773    3.889779    1.394952
     735    6.693305    3.889779    1.392698
     736    8.871254    3.976591    1.320048
     737    8.838982    3.976591    1.321980
     738    8.795692    3.976591    1.324567
     739    8.738301    3.976591    1.327989
     740    8.663393    3.976591    1.332443
     741    8.567591    3.976591    1.338118
     742    8.448209    3.976591    1.345158
     743    8.304167    3.976591    1.353606
     744    8.136978    3.976591    1.363334
     745    7.951419    3.976591    1.374006
     746    7.755418    3.976591    1.385076
     747    7.558937    3.976591    1.395856
     748    7.372123    3.976591    1.405646
     749    7.203405    3.976591    1.413861
     750    7.058265    3.976591    1.419965
     751    6.939040    3.976591    1.421690
     752    6.845491    3.976591    1.418176
     753    6.775814    3.976591    1.411354
     754    6.727902    3.976591    1.403820
     755    6.700878    3.976591    1.397982
     756    6.693410    3.976591    1.395727
     757    8.871360    4.063402    1.323078
     758    8.839088    4.063402    1.325010
     759    8.795798    4.063402    1.327597
     760    8.738407    4.063402    1.331019
     761    8.663499    4.063402    1.335472
     762    8.567697    4.063402    1.341147
     763    8.448315    4.063402    1.348188
     764    8.304273    4.063402    1.356635
     765    8.137084    4.063402    1.366364
     766    7.951525    4.063402    1.377036
     767    7.755524    4.063402    1.388106
     768    7.559043    4.063402    1.398886
     769    7.372228    4.063402    1.408675
     770    7.203511    4.063402    1.416890
     771    7.058371    4.063402    1.422995
     772    6.939146    4.063402    1.424720
     773    6.845597    4.063402    1.421206
     774    6.775920    4.063402    1.414384
     775    6.728008    4.063402    1.406850
     776    6.700984    4.063402    1.401012
     777    6.693516    4.063402    1.398757
     778    8.871465    4.150214    1.326107
     779    8.839194    4.150214    1.328040
     780    8.795904    4.150214    1.330627
     781    8.738513    4.150214    1.334049
     782    8.663605    4.150214    1.338502
     783    8.567803    4.150214    1.344177
     784    8.448421    4.150214    1.351218
     785    8.304378    4.150214    1.359665
     786    8.137190    4.150214    1.369394
     787    7.951631    4.150214    1.380065
     788    7.755630    4.150214    1.391136
     789    7.559149    4.150214    1.401915
     790    7.372334    4.150214    1.411705
     791    7.203617    4.150214    1.419920
     792    7.058476    4.150214    1.426025
     793    6.939252    4.150214    1.427750
     794    6.845703    4.150214    1.424235
     795    6.776025    4.150214    1.417413
     796    6.728114    4.150214    1.409879
     797    6.701090    4.150214    1.404041
     798    6.693622    4.150214    1.401787
     799    8.871571    4.237025    1.329137
     800    8.839300    4.237025    1.331069
     801    8.796010    4.237025    1.333656
     802    8.738619    4.237025    1.337078
     803    8.663711    4.237025    1.341532
     804    8.567909    4.237025    1.347207
     805    8.448527    4.237025    1.354247
     806    8.304484    4.237025    1.362695
     807    8.137295    4.237025    1.372423
     808    7.951737    4.237025    1.383095
     809    7.755736    4.237025    1.394165
     810    7.559255    4.237025    1.404945
     811    7.372440    4.237025    1.414735
     812    7.203722    4.237025    1.422950
     813    7.058582    4.237025    1.429055
     814    6.939358    4.237025    1.430780
     815    6.845808    4.237025    1.427265
     816    6.776131    4.237025    1.420443
     817    6.728220    4.237025    1.412909
     818    6.701196    4.237025    1.407071
     819    6.693728    4.237025    1.404816
     820    8.871677    4.323837    1.332167
     821    8.839406    4.323837    1.334099
     822    8.796116    4.323837    1.336686
     823    8.738724    4.323837    1.340108
     824    8.663816    4.323837    1.344561
     825    8.568014    4.323837    1.350237
     826    8.448632    4.323837    1.357277
     827    8.304590    4.323837    1.365724
     828    8.137401    4.323837    1.375453
     829    7.951842    4.323837    1.386125
     830    7.755841    4.323837    1.397195
     831    7.559360    4.323837    1.407975
     832    7.372546    4.323837    1.417764
     833    7.203828    4.323837    1.425979
     834    7.058688    4.323837    1.432084
     835    6.939463    4.323837    1.433809
     836    6.845914    4.323837    1.430295
     837    6.776237    4.323837    1.423473
     838    6.728325    4.323837    1.415939
     839    6.701302    4.323837    1.410101
     840    6.693834    4.323837    1.407846
     841    8.871783    4.410648    1.335196
     842    8.839511    4.410648    1.337129
     843    8.796221    4.410648    1.339716
     844    8.738830    4.410648    1.343138
     845    8.663922    4.410648    1.347591
     846    8.568120    4.410648    1.353266
     847    8.448738    4.410648    1.360307
     848    8.304696    4.410648    1.368754
     849    8.137507    4.410648    1.378483
     850    7.951948    4.410648    1.389154
     851    7.755947    4.410648    1.400225
     852    7.559466    4.410648    1.411004
     853    7.372652    4.410648    1.420794
     854    7.203934    4.410648    1.429009
     855    7.058794    4.410648    1.435114
     856    6.939569    4.410648    1.436839
     857    6.846020    4.410648    1.433325
     858    6.776343    4.410648    1.426502
     859    6.728431    4.410648    1.418968
     860    6.701407    4.410648    1.413130
     861    6.693939    4.410648    1.410876
     862    8.871889    4.497460    1.338226
     863    8.839617    4.497460    1.340158
     864    8.796327    4.497460    1.342745
     865    8.738936    4.497460    1.346167
     866    8.664028    4.497460    1.350621
     867    8.568226    4.497460    1.356296
     868    8.448844    4.497460    1.363336
     869    8.304802    4.497460    1.371784
     870    8.137613    4.497460    1.381512
     871    7.952054    4.497460    1.392184
     872    7.756053    4.497460    1.403254
     873    7.559572    4.497460    1.414034
     874    7.372757    4.497460    1.423824
     875    7.204040    4.497460    1.432039
     876    7.058900    4.497460    1.438144
     877    6.939675    4.497460    1.439869
     878    6.846126    4.497460    1.436354
     879    6.776449    4.497460    1.429532
     880    6.728537    4.497460    1.421998
     881    6.701513    4.497460    1.416160
     882    6.694045    4.497460    1.413905
     883    8.871994    4.584271    1.341256
     884    8.839723    4.584271    1.343188
     885    8.796433    4.584271    1.345775
     886    8.739042    4.584271    1.349197
     887    8.664134    4.584271    1.353650
     888    8.568332    4.584271    1.359326
     889    8.448950    4.584271    1.366366
     890    8.304907    4.584271    1.374813
     891    8.137719    4.584271    1.384542
     892    7.952160    4.584271    1.395214
     893    7.756159    4.584271    1.406284
     894    7.559678    4.584271    1.417064
     895    7.372863    4.584271    1.426853
     896    7.204146    4.584271    1.435068
     897    7.059005    4.584271    1.441173
     898    6.939781    4.584271    1.442898
     899    6.846232    4.584271    1.439384
     900    6.776554    4.584271    1.432562
     901    6.728643    4.584271    1.425028
     902    6.701619    4.584271    1.419190
     903    6.694151    4.584271    1.416935
     904    8.872100    4.671083    1.344285
     905    8.839829    4.671083    1.346218
     906    8.796539    4.671083    1.348805
     907    8.739148    4.671083    1.352227
     908    8.664240    4.671083    1.356680
     909    8.568438    4.671083    1.362355
     910    8.449056    4.671083    1.369396
     911    8.305013    4.671083    1.377843
     912    8.137824    4.671083    1.387572
     913    7.952266    4.671083    1.398243
     914    7.756265    4.671083    1.409314
     915    7.559784    4.671083    1.420093
     916    7.372969    4.671083    1.429883
     917    7.204251    4.671083    1.438098
     918    7.059111    4.671083    1.444203
     919    6.939887    4.671083    1.445928
     920    6.846337    4.671083    1.442414
     921    6.776660    4.671083    1.435591
     922    6.728749    4.671083    1.428057
     923    6.701725    4.671083    1.422219
     924    6.694257    4.671083    1.419965
     925    8.872206    4.757894    1.347315
     926    8.839935    4.757894    1.349247
     927    8.796645    4.757894    1.351835
     928    8.739253    4.757894    1.355256
     929    8.664345    4.757894    1.359710
     930    8.568543    4.757894    1.365385
     931    8.449161    4.757894    1.372426
     932    8.305119    4.757894    1.380873
     933    8.137930    4.757894    1.390601
     934    7.952371    4.757894    1.401273
     935    7.756370    4.757894    1.412343
     936    7.559889    4.757894    1.423123
     937    7.373075    4.757894    1.432913
     938    7.204357    4.757894    1.441128
     939    7.059217    4.757894    1.447233
     940    6.939992    4.757894    1.448958
     941    6.846443    4.757894    1.445443
     942    6.776766    4.757894    1.438621
     943    6.728854    4.757894    1.431087
     944    6.701831    4.757894    1.425249
     945    6.694363    4.757894    1.422994
     946    8.872312    4.844706    1.350345
     947    8.840040    4.844706    1.352277
     948    8.796750    4.844706    1.354864
     949    8.739359    4.844706    1.358286
     950    8.664451    4.844706    1.362739
     951    8.568649    4.844706    1.368415
     952    8.449267    4.844706    1.375455
     953    8.305225    4.844706    1.383902
     954    8.138036    4.844706    1.393631
     955    7.952477    4.844706    1.404303
     956    7.756476    4.844706    1.415373
     957    7.559995    4.844706    1.426153
     958    7.373181    4.844706    1.435942
     959    7.204463    4.844706    1.444157
     960    7.059323    4.844706    1.450262
     961    6.940098    4.844706    1.451987
     962    6.846549    4.844706    1.448473
     963    6.776872    4.844706    1.441651
     964    6.728960    4.844706    1.434117
     965    6.701936    4.844706    1.428279
     966    6.694468    4.844706    1.426024
     967    8.872418    4.931517    1.353374
     968    8.840146    4.931517    1.355307
     969    8.796856    4.931517    1.357894
     970    8.739465    4.931517    1.361316
     971    8.664557    4.931517    1.365769
     972    8.568755    4.931517    1.371444
     973    8.449373    4.931517    1.378485
     974    8.305331    4.931517    1.386932
     975    8.138142    4.931517    1.396661
     976    7.952583    4.931517    1.407332
     977    7.756582    4.931517    1.418403
     978    7.560101    4.931517    1.429182
     979    7.373286    4.931517    1.438972
     980    7.204569    4.931517    1.447187
     981    7.059429    4.931517    1.453292
     982    6.940204    4.931517    1.455017
     983    6.846655    4.931517    1.451503
     984    6.776978    4.931517    1.444680
     985    6.729066    4.931517    1.437146
     986    6.702042    4.931517    1.431308
     987    6.694574    4.931517    1.429054
     988    8.872523    5.018329    1.356404
     989    8.840252    5.018329    1.358336
     990    8.796962    5.018329    1.360924
     991    8.739571    5.018329    1.364346
     992    8.664663    5.018329    1.368799
     993    8.568861    5.018329    1.374474
     994    8.449479    5.018329    1.381515
     995    8.305436    5.018329    1.389962
     996    8.138248    5.018329    1.399690
     997    7.952689    5.018329    1.410362
     998    7.756688    5.018329    1.421432
     999    7.560207    5.018329    1.432212
    1000    7.373392    5.018329    1.442002
    1001    7.204675    5.018329    1.450217
    1002    7.059534    5.018329    1.456322
    1003    6.940310    5.018329    1.458047
    1004    6.846761    5.018329    1.454532
    1005    6.777083    5.018329    1.447710
    1006    6.729172    5.018329    1.440176
    1007    6.702148    5.018329    1.434338
    1008    6.694680    5.018329    1.432083
    1009    8.872629    5.105140    1.359434
    1010    8.840358    5.105140    1.361366
    1011    8.797068    5.105140    1.363953
    1012    8.739677    5.105140    1.367375
    1013    8.664769    5.105140    1.371829
    1014    8.568967    5.105140    1.377504
    1015    8.449585    5.105140    1.384544
    1016    8.305542    5.105140    1.392991
    1017    8.138353    5.105140    1.402720
    1018    7.952795    5.105140    1.413392
    1019    7.756794    5.105140    1.424462
    1020    7.560313    5.105140    1.435242
    1021    7.373498    5.105140    1.445031
    1022    7.204780    5.105140    1.453246
    1023    7.059640    5.105140    1.459351
    1024    6.940416    5.105140    1.461076
    1025    6.846866    5.105140    1.457562
    1026    6.777189    5.105140    1.450740
    1027    6.729278    5.105140    1.443206
    1028    6.702254    5.105140    1.437368
    1029    6.694786    5.105140    1.435113
    1030    8.872735    5.191952    1.362463
    1031    8.840464    5.191952    1.364396
    1032    8.797174    5.191952    1.366983
    1033    8.739782    5.191952    1.370405
    1034    8.664874    5.191952    1.374858
    1035    8.569072    5.191952    1.380533
    1036    8.449690    5.191952    1.387574
    1037    8.305648    5.191952    1.396021
    1038    8.138459    5.191952    1.405750
    1039    7.952900    5.191952    1.416421
    1040    7.756899    5.191952    1.427492
    1041    7.560418    5.191952    1.438271
    1042    7.373604    5.191952    1.448061
    1043    7.204886    5.191952    1.456276
    1044    7.059746    5.191952    1.462381
    1045    6.940521    5.191952    1.464106
    1046    6.846972    5.191952    1.460592
    1047    6.777295    5.191952    1.453769
    1048    6.729383    5.191952    1.446236
    1049    6.702360    5.191952    1.440397
    1050    6.694892    5.191952    1.438143
    1051    8.872841    5.278763    1.365493
    1052    8.840569    5.278763    1.367425
    1053    8.797279    5.278763    1.370013
    1054    8.739888    5.278763    1.373435
    1055    8.664980    5.278763    1.377888
    1056    8.569178    5.278763    1.383563
    1057    8.449796    5.278763    1.390604
    1058    8.305754    5.278763    1.399051
    1059    8.138565    5.278763    1.408779
    1060    7.953006    5.278763    1.419451
    1061    7.757005    5.278763    1.430522
    1062    7.560524    5.278763    1.441301
    1063    7.373710    5.278763    1.451091
    1064    7.204992    5.278763    1.459306
    1065    7.059852    5.278763    1.465411
    1066    6.940627    5.278763    1.467136
    1067    6.847078    5.278763    1.463621
    1068    6.777401    5.278763    1.456799
    1069    6.729489    5.278763    1.449265
    1070    6.702465    5.278763    1.443427
    1071    6.694997    5.278763    1.441173
    1072    8.872947    5.365575    1.368523
    1073    8.840675    5.365575    1.370455
    1074    8.797385    5.365575    1.373042
    1075    8.739994    5.365575    1.376464
    1076    8.665086    5.365575    1.380918
    1077    8.569284    5.365575    1.386593
    1078    8.449902    5.365575    1.393633
    1079    8.305860    5.365575    1.402080
    1080    8.138671    5.365575    1.411809
    1081    7.953112    5.365575    1.422481
    1082    7.757111    5.365575    1.433551
    1083    7.560630    5.365575    1.444331
    1084    7.373815    5.365575    1.454120
    1085    7.205098    5.365575    1.462335
    1086    7.059958    5.365575    1.468440
    1087    6.940733    5.365575    1.470165
    1088    6.847184    5.365575    1.466651
    1089    6.777507    5.365575    1.459829
    1090    6.729595    5.365575    1.452295
    1091    6.702571    5.365575    1.446457
    1092    6.695103    5.365575    1.444202
    1093    8.873052    5.452386    1.371552
    1094    8.840781    5.452386    1.373485
    1095    8.797491    5.452386    1.376072
    1096    8.740100    5.452386    1.379494
    1097    8.665192    5.452386    1.383947
    1098    8.569390    5.452386    1.389622
    1099    8.450008    5.452386    1.396663
    1100    8.305965    5.452386    1.405110
    1101    8.138777    5.452386    1.414839
    1102    7.953218    5.452386    1.425510
    1103    7.757217    5.452386    1.436581
    1104    7.560736    5.452386    1.447360
    1105    7.373921    5.452386    1.457150
    1106    7.205204    5.452386    1.465365
    1107    7.060063    5.452386    1.471470
    1108    6.940839    5.452386    1.473195
    1109    6.847290    5.452386    1.469681
    1110    6.777612    5.452386    1.462858
    1111    6.729701    5.452386    1.455325
    1112    6.702677    5.452386    1.449486
    1113    6.695209    5.452386    1.447232
    1114    8.873158    5.539198    1.374582
    1115    8.840887    5.539198    1.376514
    1116    8.797597    5.539198    1.379102
    1117    8.740206    5.539198    1.382524
    1118    8.665298    5.539198    1.386977
    1119    8.569496    5.539198    1.392652
    1120    8.450114    5.539198    1.399693
    1121    8.306071    5.539198    1.408140
    1122    8.138882    5.539198    1.417868
    1123    7.953324    5.539198    1.428540
    1124    7.757323    5.539198    1.439611
    1125    7.560842    5.539198    1.450390
    1126    7.374027    5.539198    1.460180
    1127    7.205309    5.539198    1.468395
    1128    7.060169    5.539198    1.474500
    1129    6.940945    5.539198    1.476225
    1130    6.847395    5.539198    1.472710
    1131    6.777718    5.539198    1.465888
    1132    6.729807    5.539198    1.458354
    1133    6.702783    5.539198    1.452516
    1134    6.695315    5.539198    1.450262
    1135    8.873264    5.626009    1.377612
    1136    8.840993    5.626009    1.379544
    1137    8.797703    5.626009    1.382131
    1138    8.740311    5.626009    1.385553
    1139    8.665403    5.626009    1.390007
    1140    8.569601    5.626009    1.395682
    1141    8.450219    5.626009    1.402722
    1142    8.306177    5.626009    1.411170
    1143    8.138988    5.626009    1.420898
    1144    7.953429    5.626009    1.431570
    1145    7.757428    5.626009    1.442640
    1146    7.560947    5.626009    1.453420
    1147    7.374133    5.626009    1.463209
    1148    7.205415    5.626009    1.471424
    1149    7.060275    5.626009    1.477529
    1150    6.941050    5.626009    1.479254
    1151    6.847501    5.626009    1.475740
    1152    6.777824    5.626009    1.468918
    1153    6.729912    5.626009    1.461384
    1154    6.702889    5.626009    1.455546
    1155    6.695421    5.626009    1.453291
    1156    8.873370    5.712821    1.380641
    1157    8.841098    5.712821    1.382574
    1158    8.797808    5.712821    1.385161
    1159    8.740417    5.712821    1.388583
    1160    8.665509    5.712821    1.393036
    1161    8.569707    5.712821    1.398711
    1162    8.450325    5.712821    1.405752
    1163    8.306283    5.712821    1.414199
    1164    8.139094    5.712821    1.423928
    1165    7.953535    5.712821    1.434599
    1166    7.757534    5.712821    1.445670
    1167    7.561053    5.712821    1.456449
    1168    7.374239    5.712821    1.466239
    1169    7.205521    5.712821    1.474454
    1170    7.060381    5.712821    1.480559
    1171    6.941156    5.712821    1.482284
    1172    6.847607    5.712821    1.478770
    1173    6.777930    5.712821    1.471947
    1174    6.730018    5.712821    1.464414
    1175    6.702994    5.712821    1.458575
    1176    6.695526    5.712821    1.456321
    1177    8.873475    5.799632    1.383671
    1178    8.841204    5.799632    1.385603
    1179    8.797914    5.799632    1.388191
    1180    8.740523    5.799632    1.391613
    1181    8.665615    5.799632    1.396066
    1182    8.569813    5.799632    1.401741
    1183    8.450431    5.799632    1.408782
    1184    8.306389    5.799632    1.417229
    1185    8.139200    5.799632    1.426957
    1186    7.953641    5.799632    1.437629
    1187    7.757640    5.799632    1.448700
    1188    7.561159    5.799632    1.459479
    1189    7.374344    5.799632    1.469269
    1190    7.205627    5.799632    1.477484
    1191    7.060487    5.799632    1.483589
    1192    6.941262    5.799632    1.485314
    1193    6.847713    5.799632    1.481799
    1194    6.778036    5.799632    1.474977
    1195    6.730124    5.799632    1.467443
    1196    6.703100    5.799632    1.461605
    1197    6.695632    5.799632    1.459351
    1198    8.873581    5.886444    1.386701
    1199    8.841310    5.886444    1.388633
    1200    8.798020    5.886444    1.391220
    1201    8.740629    5.886444    1.394642
    1202    8.665721    5.886444    1.399096
    1203    8.569919    5.886444    1.404771
    1204    8.450537    5.886444    1.411811
    1205    8.306494    5.886444    1.420259
    1206    8.139306    5.886444    1.429987
    1207    7.953747    5.886444    1.440659
    1208    7.757746    5.886444    1.451729
    1209    7.561265    5.886444    1.462509
    1210    7.374450    5.886444    1.472298
    1211    7.205733    5.886444    1.480514
    1212    7.060592    5.886444    1.486618
    1213    6.941368    5.886444    1.488343
    1214    6.847819    5.886444    1.484829
    1215    6.778141    5.886444    1.478007
    1216    6.730230    5.886444    1.470473
    1217    6.703206    5.886444    1.464635
    1218    6.695738    5.886444    1.462380
    1219    8.873687    5.973255    1.389730
    1220    8.841416    5.973255    1.391663
    1221    8.798126    5.973255    1.394250
    1222    8.740735    5.973255    1.397672
    1223    8.665827    5.973255    1.402125
    1224    8.570025    5.973255    1.407800
    1225    8.450643    5.973255    1.414841
    1226    8.306600    5.973255    1.423288
    1227    8.139411    5.973255    1.433017
    1228    7.953853    5.973255    1.443688
    1229    7.757852    5.973255    1.454759
    1230    7.561371    5.973255    1.465538
    1231    7.374556    5.973255    1.475328
    1232    7.205838    5.973255    1.483543
    1233    7.060698    5.973255    1.489648
    1234    6.941474    5.973255    1.491373
    1235    6.847924    5.973255    1.487859
    1236    6.778247    5.973255    1.481036
    1237    6.730336    5.973255    1.473503
    1238    6.703312    5.973255    1.467665
    1239    6.695844    5.973255    1.465410
    1240    8.873793    6.060066    1.392760
    1241    8.841522    6.060066    1.394692
    1242    8.798232    6.060066    1.397280
    1243    8.740840    6.060066    1.400702
    1244    8.665932    6.060066    1.405155
    1245    8.570130    6.060066    1.410830
    1246    8.450748    6.060066    1.417871
    1247    8.306706    6.060066    1.426318
    1248    8.139517    6.060066    1.436046
    1249    7.953958    6.060066    1.446718
    1250    7.757957    6.060066    1.457789
    1251    7.561476    6.060066    1.468568
    1252    7.374662    6.060066    1.478358
    1253    7.205944    6.060066    1.486573
    1254    7.060804    6.060066    1.492678
    1255    6.941579    6.060066    1.494403
    1256    6.848030    6.060066    1.490888
    1257    6.778353    6.060066    1.484066
    1258    6.730441    6.060066    1.476532
    1259    6.703418    6.060066    1.470694
    1260    6.695950    6.060066    1.468440
    1261    8.873899    6.146878    1.395790
    1262    8.841627    6.146878    1.397722
    1263    8.798337    6.146878    1.400309
    1264    8.740946    6.146878    1.403731
    1265    8.666038    6.146878    1.408185
    1266    8.570236    6.146878    1.413860
    1267    8.450854    6.146878    1.420900
    1268    8.306812    6.146878    1.429348
    1269    8.139623    6.146878    1.439076
    1270    7.954064    6.146878    1.449748
    1271    7.758063    6.146878    1.460818
    1272    7.561582    6.146878    1.471598
    1273    7.374768    6.146878    1.481387
    1274    7.206050    6.146878    1.489603
    1275    7.060910    6.146878    1.495707
    1276    6.941685    6.146878    1.497432
    1277    6.848136    6.146878    1.493918
    1278    6.778459    6.146878    1.487096
    1279    6.730547    6.146878    1.479562
    1280    6.703523    6.146878    1.473724
    1281    6.696055    6.146878    1.471469
    1282    8.851192    6.251942    1.400210
    1283    8.819258    6.251942    1.402105
    1284    8.776421    6.251942    1.404642
    1285    8.719629    6.251942    1.407998
    1286    8.645504    6.251942    1.412365
    1287    8.550704    6.251942    1.417930
    1288    8.432569    6.251942    1.424833
    1289    8.290033    6.251942    1.433115
    1290    8.124592    6.251942    1.442653
    1291    7.940974    6.251942    1.453115
    1292    7.747022    6.251942    1.463965
    1293    7.552596    6.251942    1.474528
    1294    7.367736    6.251942    1.484116
    1295    7.200784    6.251942    1.492155
    1296    7.057164    6.251942    1.498118
    1297    6.939191    6.251942    1.499759
    1298    6.846627    6.251942    1.496230
    1299    6.777686    6.251942    1.489442
    1300    6.730284    6.251942    1.481962
    1301    6.703549    6.251942    1.476173
    1302    6.696162    6.251942    1.473939
    1303    8.828486    6.357006    1.404630
    1304    8.796889    6.357006    1.406488
    1305    8.754504    6.357006    1.408975
    1306    8.698312    6.357006    1.412264
    1307    8.624970    6.357006    1.416545
    1308    8.531171    6.357006    1.421999
    1309    8.414285    6.357006    1.428766
    1310    8.273254    6.357006    1.436883
    1311    8.109561    6.357006    1.446231
    1312    7.927883    6.357006    1.456482
    1313    7.735981    6.357006    1.467113
    1314    7.543610    6.357006    1.477458
    1315    7.360704    6.357006    1.486844
    1316    7.195518    6.357006    1.494707
    1317    7.053418    6.357006    1.500529
    1318    6.936696    6.357006    1.502086
    1319    6.845117    6.357006    1.498542
    1320    6.776913    6.357006    1.491787
    1321    6.730020    6.357006    1.484363
    1322    6.703575    6.357006    1.478622
    1323    6.696269    6.357006    1.476410
    1324    8.805780    6.462070    1.409050
    1325    8.774520    6.462070    1.410870
    1326    8.732587    6.462070    1.413307
    1327    8.676995    6.462070    1.416531
    1328    8.604436    6.462070    1.420725
    1329    8.511638    6.462070    1.426069
    1330    8.396000    6.462070    1.432699
    1331    8.256475    6.462070    1.440651
    1332    8.094531    6.462070    1.449808
    1333    7.914793    6.462070    1.459849
    1334    7.724941    6.462070    1.470260
    1335    7.534624    6.462070    1.480387
    1336    7.353673    6.462070    1.489572
    1337    7.190253    6.462070    1.497260
    1338    7.049673    6.462070    1.502940
    1339    6.934201    6.462070    1.504413
    1340    6.843608    6.462070    1.500854
    1341    6.776141    6.462070    1.494133
    1342    6.729757    6.462070    1.486763
    1343    6.703601    6.462070    1.481072
    1344    6.696375    6.462070    1.478880
    1345    8.783073    6.567135    1.413470
    1346    8.752151    6.567135    1.415253
    1347    8.710670    6.567135    1.417640
    1348    8.655678    6.567135    1.420797
    1349    8.583902    6.567135    1.424905
    1350    8.492106    6.567135    1.430139
    1351    8.377715    6.567135    1.436631
    1352    8.239697    6.567135    1.444419
    1353    8.079500    6.567135    1.453385
    1354    7.901702    6.567135    1.463216
    1355    7.713900    6.567135    1.473407
    1356    7.525638    6.567135    1.483317
    1357    7.346641    6.567135    1.492300
    1358    7.184987    6.567135    1.499812
    1359    7.045927    6.567135    1.505350
    1360    6.931707    6.567135    1.506740
    1361    6.842098    6.567135    1.503165
    1362    6.775368    6.567135    1.496479
    1363    6.729494    6.567135    1.489163
    1364    6.703627    6.567135    1.483521
    1365    6.696482    6.567135    1.481350
    1366    8.760367    6.672199    1.417890
    1367    8.729782    6.672199    1.419636
    1368    8.688754    6.672199    1.421973
    1369    8.634361    6.672199    1.425063
    1370    8.563368    6.672199    1.429085
    1371    8.472573    6.672199    1.434209
    1372    8.359431    6.672199    1.440564
    1373    8.222918    6.672199    1.448187
    1374    8.064469    6.672199    1.456963
    1375    7.888612    6.672199    1.466583
    1376    7.702859    6.672199    1.476554
    1377    7.516652    6.672199    1.486247
    1378    7.339610    6.672199    1.495028
    1379    7.179721    6.672199    1.502365
    1380    7.042181    6.672199    1.507761
    1381    6.929212    6.672199    1.509066
    1382    6.840589    6.672199    1.505477
    1383    6.774595    6.672199    1.498825
    1384    6.729230    6.672199    1.491564
    1385    6.703653    6.672199    1.485970
    1386    6.696588    6.672199    1.483820
    1387    8.737661    6.777263    1.422311
    1388    8.707413    6.777263    1.424019
    1389    8.666837    6.777263    1.426306
    1390    8.613044    6.777263    1.429330
    1391    8.542834    6.777263    1.433265
    1392    8.453040    6.777263    1.438279
    1393    8.341146    6.777263    1.444497
    1394    8.206139    6.777263    1.451955
    1395    8.049438    6.777263    1.460540
    1396    7.875521    6.777263    1.469950
    1397    7.691818    6.777263    1.479701
    1398    7.507666    6.777263    1.489177
    1399    7.332578    6.777263    1.497756
    1400    7.174455    6.777263    1.504917
    1401    7.038436    6.777263    1.510172
    1402    6.926718    6.777263    1.511393
    1403    6.839079    6.777263    1.507789
    1404    6.773823    6.777263    1.501170
    1405    6.728967    6.777263    1.493964
    1406    6.703679    6.777263    1.488420
    1407    6.696695    6.777263    1.486290
    1408    8.714954    6.882327    1.426731
    1409    8.685043    6.882327    1.428402
    1410    8.644920    6.882327    1.430638
    1411    8.591727    6.882327    1.433596
    1412    8.522300    6.882327    1.437445
    1413    8.433508    6.882327    1.442348
    1414    8.322862    6.882327    1.448430
    1415    8.189360    6.882327    1.455723
    1416    8.034408    6.882327    1.464117
    1417    7.862431    6.882327    1.473318
    1418    7.680777    6.882327    1.482848
    1419    7.498680    6.882327    1.492107
    1420    7.325546    6.882327    1.500484
    1421    7.169189    6.882327    1.507470
    1422    7.034690    6.882327    1.512583
    1423    6.924223    6.882327    1.513720
    1424    6.837570    6.882327    1.510101
    1425    6.773050    6.882327    1.503516
    1426    6.728703    6.882327    1.496364
    1427    6.703705    6.882327    1.490869
    1428    6.696801    6.882327    1.488760
    1429    8.692248    6.987391    1.431151
    1430    8.662674    6.987391    1.432784
    1431    8.623003    6.987391    1.434971
    1432    8.570411    6.987391    1.437863
    1433    8.501766    6.987391    1.441625
    1434    8.413975    6.987391    1.446418
    1435    8.304577    6.987391    1.452362
    1436    8.172582    6.987391    1.459491
    1437    8.019377    6.987391    1.467695
    1438    7.849340    6.987391    1.476685
    1439    7.669736    6.987391    1.485995
    1440    7.489695    6.987391    1.495037
    1441    7.318515    6.987391    1.503212
    1442    7.163923    6.987391    1.510022
    1443    7.030944    6.987391    1.514993
    1444    6.921729    6.987391    1.516047
    1445    6.836060    6.987391    1.512413
    1446    6.772277    6.987391    1.505862
    1447    6.728440    6.987391    1.498764
    1448    6.703731    6.987391    1.493318
    1449    6.696908    6.987391    1.491230
    1450    8.669542    7.092455    1.435571
    1451    8.640305    7.092455    1.437167
    1452    8.601087    7.092455    1.439304
    1453    8.549094    7.092455    1.442129
    1454    8.481232    7.092455    1.445805
    1455    8.394443    7.092455    1.450488
    1456    8.286292    7.092455    1.456295
    1457    8.155803    7.092455    1.463259
    1458    8.004346    7.092455    1.471272
    1459    7.836250    7.092455    1.480052
    1460    7.658695    7.092455    1.489142
    1461    7.480709    7.092455    1.497967
    1462    7.311483    7.092455    1.505940
    1463    7.158658    7.092455    1.512575
    1464    7.027199    7.092455    1.517404
    1465    6.919234    7.092455    1.518373
    1466    6.834551    7.092455    1.514725
    1467    6.771504    7.092455    1.508208
    1468    6.728177    7.092455    1.501165
    1469    6.703757    7.092455    1.495768
    1470    6.697015    7.092455    1.493701
    1471    8.646835    7.197520    1.439991
    1472    8.617936    7.197520    1.441550
    1473    8.579170    7.197520    1.443636
    1474    8.527777    7.197520    1.446396
    1475    8.460698    7.197520    1.449985
    1476    8.374910    7.197520    1.454558
    1477    8.268008    7.197520    1.460228
    1478    8.139024    7.197520    1.467026
    1479    7.989316    7.197520    1.474849
    1480    7.823159    7.197520    1.483419
    1481    7.647654    7.197520    1.492290
    1482    7.471723    7.197520    1.500897
    1483    7.304452    7.197520    1.508668
    1484    7.153392    7.197520    1.515127
    1485    7.023453    7.197520    1.519815
    1486    6.916740    7.197520    1.520700
    1487    6.833041    7.197520    1.517036
    1488    6.770732    7.197520    1.510553
    1489    6.727913    7.197520    1.503565
    1490    6.703783    7.197520    1.498217
    1491    6.697121    7.197520    1.496171
    1492    8.624129    7.302584    1.444411
    1493    8.595567    7.302584    1.445933
    1494    8.557253    7.302584    1.447969
    1495    8.506460    7.302584    1.450662
    1496    8.440164    7.302584    1.454165
    1497    8.355377    7.302584    1.458628
    1498    8.249723    7.302584    1.464161
    1499    8.122245    7.302584    1.470794
    1500    7.974285    7.302584    1.478426
    1501    7.810069    7.302584    1.486786
    1502    7.636613    7.302584    1.495437
    1503    7.462737    7.302584    1.503827
    1504    7.297420    7.302584    1.511397
    1505    7.148126    7.302584    1.517679
    1506    7.019707    7.302584    1.522225
    1507    6.914245    7.302584    1.523027
    1508    6.831532    7.302584    1.519348
    1509    6.769959    7.302584    1.512899
    1510    6.727650    7.302584    1.505965
    1511    6.703809    7.302584    1.500666
    1512    6.697228    7.302584    1.498641
    1513    8.601423    7.407648    1.448831
    1514    8.573198    7.407648    1.450315
    1515    8.535336    7.407648    1.452302
    1516    8.485143    7.407648    1.454928
    1517    8.419630    7.407648    1.458345
    1518    8.335845    7.407648    1.462697
    1519    8.231438    7.407648    1.468093
    1520    8.105467    7.407648    1.474562
    1521    7.959254    7.407648    1.482004
    1522    7.796978    7.407648    1.490153
    1523    7.625572    7.407648    1.498584
    1524    7.453751    7.407648    1.506756
    1525    7.290388    7.407648    1.514125
    1526    7.142860    7.407648    1.520232
    1527    7.015961    7.407648    1.524636
    1528    6.911751    7.407648    1.525354
    1529    6.830022    7.407648    1.521660
    1530    6.769186    7.407648    1.515245
    1531    6.727386    7.407648    1.508366
    1532    6.703835    7.407648    1.503115
    1533    6.697334    7.407648    1.501111
    1534    8.578716    7.512712    1.453252
    1535    8.550829    7.512712    1.454698
    1536    8.513420    7.512712    1.456635
    1537    8.463826    7.512712    1.459195
    1538    8.399096    7.512712    1.462525
    1539    8.316312    7.512712    1.466767
    1540    8.213154    7.512712    1.472026
    1541    8.088688    7.512712    1.478330
    1542    7.944223    7.512712    1.485581
    1543    7.783887    7.512712    1.493520
    1544    7.614531    7.512712    1.501731
    1545    7.444765    7.512712    1.509686
    1546    7.283357    7.512712    1.516853
    1547    7.137594    7.512712    1.522784
    1548    7.012216    7.512712    1.527047
    1549    6.909256    7.512712    1.527680
    1550    6.828513    7.512712    1.523972
    1551    6.768414    7.512712    1.517591
    1552    6.727123    7.512712    1.510766
    1553    6.703861    7.512712    1.505565
    1554    6.697441    7.512712    1.503581
    1555    8.556010    7.617776    1.457672
    1556    8.528460    7.617776    1.459081
    1557    8.491503    7.617776    1.460967
    1558    8.442509    7.617776    1.463461
    1559    8.378562    7.617776    1.466705
    1560    8.296779    7.617776    1.470837
    1561    8.194869    7.617776    1.475959
    1562    8.071909    7.617776    1.482098
    1563    7.929193    7.617776    1.489158
    1564    7.770797    7.617776    1.496887
    1565    7.603490    7.617776    1.504878
    1566    7.435779    7.617776    1.512616
    1567    7.276325    7.617776    1.519581
    1568    7.132329    7.617776    1.525337
    1569    7.008470    7.617776    1.529458
    1570    6.906761    7.617776    1.530007
    1571    6.827003    7.617776    1.526284
    1572    6.767641    7.617776    1.519936
    1573    6.726860    7.617776    1.513166
    1574    6.703887    7.617776    1.508014
    1575    6.697547    7.617776    1.506051
    1576    8.533304    7.722840    1.462092
    1577    8.506090    7.722840    1.463464
    1578    8.469586    7.722840    1.465300
    1579    8.421192    7.722840    1.467728
    1580    8.358028    7.722840    1.470885
    1581    8.277247    7.722840    1.474907
    1582    8.176584    7.722840    1.479892
    1583    8.055130    7.722840    1.485866
    1584    7.914162    7.722840    1.492736
    1585    7.757706    7.722840    1.500254
    1586    7.592450    7.722840    1.508025
    1587    7.426793    7.722840    1.515546
    1588    7.269294    7.722840    1.522309
    1589    7.127063    7.722840    1.527889
    1590    7.004724    7.722840    1.531868
    1591    6.904267    7.722840    1.532334
    1592    6.825494    7.722840    1.528596
    1593    6.766868    7.722840    1.522282
    1594    6.726596    7.722840    1.515567
    1595    6.703913    7.722840    1.510463
    1596    6.697654    7.722840    1.508521
    1597    8.510597    7.827905    1.466512
    1598    8.483721    7.827905    1.467847
    1599    8.447670    7.827905    1.469633
    1600    8.399875    7.827905    1.471994
    1601    8.337494    7.827905    1.475065
    1602    8.257714    7.827905    1.478977
    1603    8.158300    7.827905    1.483824
    1604    8.038352    7.827905    1.489634
    1605    7.899131    7.827905    1.496313
    1606    7.744616    7.827905    1.503621
    1607    7.581409    7.827905    1.511172
    1608    7.417807    7.827905    1.518476
    1609    7.262262    7.827905    1.525037
    1610    7.121797    7.827905    1.530442
    1611    7.000979    7.827905    1.534279
    1612    6.901772    7.827905    1.534661
    1613    6.823984    7.827905    1.530907
    1614    6.766095    7.827905    1.524628
    1615    6.726333    7.827905    1.517967
    1616    6.703939    7.827905    1.512913
    1617    6.697761    7.827905    1.510991
    1618    8.487891    7.932969    1.470932
    1619    8.461352    7.932969    1.472229
    1620    8.425753    7.932969    1.473965
    1621    8.378558    7.932969    1.476261
    1622    8.316960    7.932969    1.479246
    1623    8.238181    7.932969    1.483046
    1624    8.140015    7.932969    1.487757
    1625    8.021573    7.932969    1.493402
    1626    7.884100    7.932969    1.499890
    1627    7.731525    7.932969    1.506989
    1628    7.570368    7.932969    1.514319
    1629    7.408821    7.932969    1.521406
    1630    7.255230    7.932969    1.527765
    1631    7.116531    7.932969    1.532994
    1632    6.997233    7.932969    1.536690
    1633    6.899278    7.932969    1.536988
    1634    6.822475    7.932969    1.533219
    1635    6.765323    7.932969    1.526974
    1636    6.726069    7.932969    1.520367
    1637    6.703965    7.932969    1.515362
    1638    6.697867    7.932969    1.513462
    1639    8.465185    8.038033    1.475352
    1640    8.438983    8.038033    1.476612
    1641    8.403836    8.038033    1.478298
    1642    8.357241    8.038033    1.480527
    1643    8.296426    8.038033    1.483426
    1644    8.218649    8.038033    1.487116
    1645    8.121730    8.038033    1.491690
    1646    8.004794    8.038033    1.497169
    1647    7.869070    8.038033    1.503468
    1648    7.718435    8.038033    1.510356
    1649    7.559327    8.038033    1.517467
    1650    7.399835    8.038033    1.524336
    1651    7.248199    8.038033    1.530493
    1652    7.111265    8.038033    1.535547
    1653    6.993487    8.038033    1.539101
    1654    6.896783    8.038033    1.539314
    1655    6.820965    8.038033    1.535531
    1656    6.764550    8.038033    1.529319
    1657    6.725806    8.038033    1.522768
    1658    6.703991    8.038033    1.517811
    1659    6.697974    8.038033    1.515932
    1660    8.442478    8.143097    1.479772
    1661    8.416614    8.143097    1.480995
    1662    8.381919    8.143097    1.482631
    1663    8.335924    8.143097    1.484793
    1664    8.275892    8.143097    1.487606
    1665    8.199116    8.143097    1.491186
    1666    8.103446    8.143097    1.495623
    1667    7.988015    8.143097    1.500937
    1668    7.854039    8.143097    1.507045
    1669    7.705344    8.143097    1.513723
    1670    7.548286    8.143097    1.520614
    1671    7.390849    8.143097    1.527266
    1672    7.241167    8.143097    1.533221
    1673    7.105999    8.143097    1.538099
    1674    6.989741    8.143097    1.541511
    1675    6.894289    8.143097    1.541641
    1676    6.819456    8.143097    1.537843
    1677    6.763777    8.143097    1.531665
    1678    6.725543    8.143097    1.525168
    1679    6.704017    8.143097    1.520261
    1680    6.698080    8.143097    1.518402
    1681    8.419772    8.248161    1.484193
    1682    8.394245    8.248161    1.485378
    1683    8.360003    8.248161    1.486964
    1684    8.314607    8.248161    1.489060
    1685    8.255358    8.248161    1.491786
    1686    8.179583    8.248161    1.495256
    1687    8.085161    8.248161    1.499555
    1688    7.971237    8.248161    1.504705
    1689    7.839008    8.248161    1.510622
    1690    7.692254    8.248161    1.517090
    1691    7.537245    8.248161    1.523761
    1692    7.381863    8.248161    1.530196
    1693    7.234136    8.248161    1.535949
    1694    7.100734    8.248161    1.540651
    1695    6.985996    8.248161    1.543922
    1696    6.891794    8.248161    1.543968
    1697    6.817946    8.248161    1.540155
    1698    6.763005    8.248161    1.534011
    1699    6.725279    8.248161    1.527568
    1700    6.704043    8.248161    1.522710
    1701    6.698187    8.248161    1.520872
    1702    8.397066    8.353225    1.488613
    1703    8.371876    8.353225    1.489760
    1704    8.338086    8.353225    1.491296
    1705    8.293290    8.353225    1.493326
    1706    8.234824    8.353225    1.495966
    1707    8.160051    8.353225    1.499326
    1708    8.066876    8.353225    1.503488
    1709    7.954458    8.353225    1.508473
    1710    7.823977    8.353225    1.514199
    1711    7.679163    8.353225    1.520457
    1712    7.526204    8.353225    1.526908
    1713    7.372877    8.353225    1.533125
    1714    7.227104    8.353225    1.538678
    1715    7.095468    8.353225    1.543204
    1716    6.982250    8.353225    1.546333
    1717    6.889300    8.353225    1.546295
    1718    6.816437    8.353225    1.542467
    1719    6.762232    8.353225    1.536357
    1720    6.725016    8.353225    1.529968
    1721    6.704069    8.353225    1.525159
    1722    6.698293    8.353225    1.523342
    1723    8.374359    8.458290    1.493033
    1724    8.349507    8.458290    1.494143
    1725    8.316169    8.458290    1.495629
    1726    8.271973    8.458290    1.497593
    1727    8.214290    8.458290    1.500146
    1728    8.140518    8.458290    1.503395
    1729    8.048592    8.458290    1.507421
    1730    7.937679    8.458290    1.512241
    1731    7.808947    8.458290    1.517777
    1732    7.666073    8.458290    1.523824
    1733    7.515163    8.458290    1.530055
    1734    7.363891    8.458290    1.536055
    1735    7.220072    8.458290    1.541406
    1736    7.090202    8.458290    1.545756
    1737    6.978504    8.458290    1.548743
    1738    6.886805    8.458290    1.548621
    1739    6.814927    8.458290    1.544778
    1740    6.761459    8.458290    1.538702
    1741    6.724752    8.458290    1.532369
    1742    6.704095    8.458290    1.527608
    1743    6.698400    8.458290    1.525812
    1744    8.351653    8.563354    1.497453
    1745    8.327137    8.563354    1.498526
    1746    8.294252    8.563354    1.499962
    1747    8.250656    8.563354    1.501859
    1748    8.193755    8.563354    1.504326
    1749    8.120986    8.563354    1.507465
    1750    8.030307    8.563354    1.511354
    1751    7.920900    8.563354    1.516009
    1752    7.793916    8.563354    1.521354
    1753    7.652982    8.563354    1.527191
    1754    7.504122    8.563354    1.533202
    1755    7.354905    8.563354    1.538985
    1756    7.213041    8.563354    1.544134
    1757    7.084936    8.563354    1.548309
    1758    6.974759    8.563354    1.551154
    1759    6.884310    8.563354    1.550948
    1760    6.813418    8.563354    1.547090
    1761    6.760687    8.563354    1.541048
    1762    6.724489    8.563354    1.534769
    1763    6.704121    8.563354    1.530058
    1764    6.698507    8.563354    1.528282
    1765    8.328947    8.668418    1.501873
    1766    8.304768    8.668418    1.502909
    1767    8.272336    8.668418    1.504294
    1768    8.229339    8.668418    1.506126
    1769    8.173221    8.668418    1.508506
    1770    8.101453    8.668418    1.511535
    1771    8.012022    8.668418    1.515286
    1772    7.904122    8.668418    1.519777
    1773    7.778885    8.668418    1.524931
    1774    7.639892    8.668418    1.530558
    1775    7.493081    8.668418    1.536349
    1776    7.345919    8.668418    1.541915
    1777    7.206009    8.668418    1.546862
    1778    7.079670    8.668418    1.550861
    1779    6.971013    8.668418    1.553565
    1780    6.881816    8.668418    1.553275
    1781    6.811908    8.668418    1.549402
    1782    6.759914    8.668418    1.543394
    1783    6.724225    8.668418    1.537169
    1784    6.704147    8.668418    1.532507
    1785    6.698613    8.668418    1.530753
    1786    8.306240    8.773482    1.506293
    1787    8.282399    8.773482    1.507292
    1788    8.250419    8.773482    1.508627
    1789    8.208022    8.773482    1.510392
    1790    8.152687    8.773482    1.512686
    1791    8.081920    8.773482    1.515605
    1792    7.993738    8.773482    1.519219
    1793    7.887343    8.773482    1.523545
    1794    7.763854    8.773482    1.528509
    1795    7.626801    8.773482    1.533925
    1796    7.482040    8.773482    1.539496
    1797    7.336933    8.773482    1.544845
    1798    7.198978    8.773482    1.549590
    1799    7.074405    8.773482    1.553414
    1800    6.967267    8.773482    1.555976
    1801    6.879321    8.773482    1.555602
    1802    6.810399    8.773482    1.551714
    1803    6.759141    8.773482    1.545740
    1804    6.723962    8.773482    1.539570
    1805    6.704172    8.773482    1.534956
    1806    6.698720    8.773482    1.533223
    1807    8.283534    8.878546    1.510713
    1808    8.260030    8.878546    1.511674
    1809    8.228502    8.878546    1.512960
    1810    8.186705    8.878546    1.514658
    1811    8.132153    8.878546    1.516866
    1812    8.062388    8.878546    1.519675
    1813    7.975453    8.878546    1.523152
    1814    7.870564    8.878546    1.527313
    1815    7.748824    8.878546    1.532086
    1816    7.613711    8.878546    1.537292
    1817    7.470999    8.878546    1.542643
    1818    7.327947    8.878546    1.547775
    1819    7.191946    8.878546    1.552318
    1820    7.069139    8.878546    1.555966
    1821    6.963522    8.878546    1.558386
    1822    6.876827    8.878546    1.557929
    1823    6.808890    8.878546    1.554026
    1824    6.758368    8.878546    1.548085
    1825    6.723699    8.878546    1.541970
    1826    6.704198    8.878546    1.537406
    1827    6.698826    8.878546    1.535693
    1828    8.260828    8.983610    1.515133
    1829    8.237661    8.983610    1.516057
    1830    8.206585    8.983610    1.517293
    1831    8.165388    8.983610    1.518925
    1832    8.111619    8.983610    1.521046
    1833    8.042855    8.983610    1.523744
    1834    7.957168    8.983610    1.527085
    1835    7.853785    8.983610    1.531080
    1836    7.733793    8.983610    1.535663
    1837    7.600620    8.983610    1.540659
    1838    7.459959    8.983610    1.545791
    1839    7.318961    8.983610    1.550705
    1840    7.184914    8.983610    1.555046
    1841    7.063873    8.983610    1.558519
    1842    6.959776    8.983610    1.560797
    1843    6.874332    8.983610    1.560255
    1844    6.807380    8.983610    1.556338
    1845    6.757596    8.983610    1.550431
    1846    6.723435    8.983610    1.544370
    1847    6.704224    8.983610    1.539855
    1848    6.698933    8.983610    1.538163
    1849    8.238121    9.088675    1.519554
    1850    8.215292    9.088675    1.520440
    1851    8.184669    9.088675    1.521625
    1852    8.144071    9.088675    1.523191
    1853    8.091085    9.088675    1.525226
    1854    8.023322    9.088675    1.527814
    1855    7.938884    9.088675    1.531017
    1856    7.837007    9.088675    1.534848
    1857    7.718762    9.088675    1.539240
    1858    7.587530    9.088675    1.544027
    1859    7.448918    9.088675    1.548938
    1860    7.309975    9.088675    1.553635
    1861    7.177883    9.088675    1.557774
    1862    7.058607    9.088675    1.561071
    1863    6.956030    9.088675    1.563208
    1864    6.871838    9.088675    1.562582
    1865    6.805871    9.088675    1.558650
    1866    6.756823    9.088675    1.552777
    1867    6.723172    9.088675    1.546771
    1868    6.704250    9.088675    1.542304
    1869    6.699040    9.088675    1.540633
    1870    8.215415    9.193739    1.523974
    1871    8.192923    9.193739    1.524823
    1872    8.162752    9.193739    1.525958
    1873    8.122755    9.193739    1.527458
    1874    8.070551    9.193739    1.529406
    1875    8.003790    9.193739    1.531884
    1876    7.920599    9.193739    1.534950
    1877    7.820228    9.193739    1.538616
    1878    7.703731    9.193739    1.542818
    1879    7.574439    9.193739    1.547394
    1880    7.437877    9.193739    1.552085
    1881    7.300989    9.193739    1.556565
    1882    7.170851    9.193739    1.560502
    1883    7.053341    9.193739    1.563623
    1884    6.952284    9.193739    1.565619
    1885    6.869343    9.193739    1.564909
    1886    6.804361    9.193739    1.560961
    1887    6.756050    9.193739    1.555123
    1888    6.722908    9.193739    1.549171
    1889    6.704276    9.193739    1.544753
    1890    6.699146    9.193739    1.543103
    1891    8.192708    9.298803    1.528394
    1892    8.170554    9.298803    1.529205
    1893    8.140835    9.298803    1.530291
    1894    8.101438    9.298803    1.531724
    1895    8.050017    9.298803    1.533586
    1896    7.984257    9.298803    1.535954
    1897    7.902314    9.298803    1.538883
    1898    7.803449    9.298803    1.542384
    1899    7.688701    9.298803    1.546395
    1900    7.561349    9.298803    1.550761
    1901    7.426836    9.298803    1.555232
    1902    7.292003    9.298803    1.559494
    1903    7.163820    9.298803    1.563230
    1904    7.048075    9.298803    1.566176
    1905    6.948539    9.298803    1.568029
    1906    6.866849    9.298803    1.567236
    1907    6.802852    9.298803    1.563273
    1908    6.755278    9.298803    1.557468
    1909    6.722645    9.298803    1.551571
    1910    6.704302    9.298803    1.547203
    1911    6.699253    9.298803    1.545573
    1912    8.170002    9.403867    1.532814
    1913    8.148184    9.403867    1.533588
    1914    8.118918    9.403867    1.534623
    1915    8.080121    9.403867    1.535991
    1916    8.029483    9.403867    1.537766
    1917    7.964724    9.403867    1.540024
    1918    7.884030    9.403867    1.542816
    1919    7.786670    9.403867    1.546152
    1920    7.673670    9.403867    1.549972
    1921    7.548258    9.403867    1.554128
    1922    7.415795    9.403867    1.558379
    1923    7.283017    9.403867    1.562424
    1924    7.156788    9.403867    1.565959
    1925    7.042810    9.403867    1.568728
    1926    6.944793    9.403867    1.570440
    1927    6.864354    9.403867    1.569562
    1928    6.801342    9.403867    1.565585
    1929    6.754505    9.403867    1.559814
    1930    6.722382    9.403867    1.553972
    1931    6.704328    9.403867    1.549652
    1932    6.699359    9.403867    1.548044
    1933    8.147296    9.508931    1.537234
    1934    8.125815    9.508931    1.537971
    1935    8.097002    9.508931    1.538956
    1936    8.058804    9.508931    1.540257
    1937    8.008949    9.508931    1.541946
    1938    7.945192    9.508931    1.544093
    1939    7.865745    9.508931    1.546748
    1940    7.769891    9.508931    1.549920
    1941    7.658639    9.508931    1.553550
    1942    7.535168    9.508931    1.557495
    1943    7.404754    9.508931    1.561526
    1944    7.274031    9.508931    1.565354
    1945    7.149756    9.508931    1.568687
    1946    7.037544    9.508931    1.571281
    1947    6.941047    9.508931    1.572851
    1948    6.861859    9.508931    1.571889
    1949    6.799833    9.508931    1.567897
    1950    6.753732    9.508931    1.562160
    1951    6.722118    9.508931    1.556372
    1952    6.704354    9.508931    1.552101
    1953    6.699466    9.508931    1.550514
    1954    8.124589    9.613995    1.541654
    1955    8.103446    9.613995    1.542354
    1956    8.075085    9.613995    1.543289
    1957    8.037487    9.613995    1.544523
    1958    7.988415    9.613995    1.546126
    1959    7.925659    9.613995    1.548163
    1960    7.847460    9.613995    1.550681
    1961    7.753113    9.613995    1.553688
    1962    7.643608    9.613995    1.557127
    1963    7.522077    9.613995    1.560862
    1964    7.393713    9.613995    1.564673
    1965    7.265045    9.613995    1.568284
    1966    7.142725    9.613995    1.571415
    1967    7.032278    9.613995    1.573833
    1968    6.937302    9.613995    1.575261
    1969    6.859365    9.613995    1.574216
    1970    6.798323    9.613995    1.570209
    1971    6.752960    9.613995    1.564506
    1972    6.721855    9.613995    1.558772
    1973    6.704380    9.613995    1.554551
    1974    6.699572    9.613995    1.552984
    1975    8.101883    9.719060    1.546074
    1976    8.081077    9.719060    1.546736
    1977    8.053168    9.719060    1.547622
    1978    8.016170    9.719060    1.548790
    1979    7.967881    9.719060    1.550306
    1980    7.906126    9.719060    1.552233
    1981    7.829176    9.719060    1.554614
    1982    7.736334    9.719060    1.557456
    1983    7.628578    9.719060    1.560704
    1984    7.508987    9.719060    1.564229
    1985    7.382672    9.719060    1.567820
    1986    7.256059    9.719060    1.571214
    1987    7.135693    9.719060    1.574143
    1988    7.027012    9.719060    1.576386
    1989    6.933556    9.719060    1.577672
    1990    6.856870    9.719060    1.576543
    1991    6.796814    9.719060    1.572521
    1992    6.752187    9.719060    1.566851
    1993    6.721591    9.719060    1.561172
    1994    6.704406    9.719060    1.557000
    1995    6.699679    9.719060    1.555454
    1996    8.079177    9.824124    1.550495
    1997    8.058708    9.824124    1.551119
    1998    8.031251    9.824124    1.551954
    1999    7.994853    9.824124    1.553056
    2000    7.947347    9.824124    1.554486
    2001    7.886594    9.824124    1.556303
    2002    7.810891    9.824124    1.558547
    2003    7.719555    9.824124    1.561223
    2004    7.613547    9.824124    1.564282
    2005    7.495896    9.824124    1.567596
    2006    7.371631    9.824124    1.570968
    2007    7.247073    9.824124    1.574144
    2008    7.128662    9.824124    1.576871
    2009    7.021746    9.824124    1.578938
    2010    6.929810    9.824124    1.580083
    2011    6.854376    9.824124    1.578870
    2012    6.795304    9.824124    1.574832
    2013    6.751414    9.824124    1.569197
    2014    6.721328    9.824124    1.563573
    2015    6.704432    9.824124    1.559449
    2016    6.699786    9.824124    1.557924
    2017    8.056470    9.929188    1.554915
    2018    8.036339    9.929188    1.555502
    2019    8.009335    9.929188    1.556287
    2020    7.973536    9.929188    1.557323
    2021    7.926813    9.929188    1.558667
    2022    7.867061    9.929188    1.560373
    2023    7.792606    9.929188    1.562479
    2024    7.702776    9.929188    1.564991
    2025    7.598516    9.929188    1.567859
    2026    7.482805    9.929188    1.570963
    2027    7.360590    9.929188    1.574115
    2028    7.238087    9.929188    1.577074
    2029    7.121630    9.929188    1.579599
    2030    7.016481    9.929188    1.581491
    2031    6.926065    9.929188    1.582494
    2032    6.851881    9.929188    1.581196
    2033    6.793795    9.929188    1.577144
    2034    6.750641    9.929188    1.571543
    2035    6.721065    9.929188    1.565973
    2036    6.704458    9.929188    1.561899
    2037    6.699892    9.929188    1.560394
    2038    8.033764   10.034252    1.559335
    2039    8.013970   10.034252    1.559885
    2040    7.987418   10.034252    1.560620
    2041    7.952219   10.034252    1.561589
    2042    7.906279   10.034252    1.562847
    2043    7.847529   10.034252    1.564442
    2044    7.774322   10.034252    1.566412
    2045    7.685998   10.034252    1.568759
    2046    7.583485   10.034252    1.571436
    2047    7.469715   10.034252    1.574330
    2048    7.349549   10.034252    1.577262
    2049    7.229101   10.034252    1.580004
    2050    7.114598   10.034252    1.582327
    2051    7.011215   10.034252    1.584043
    2052    6.922319   10.034252    1.584904
    2053    6.849387   10.034252    1.583523
    2054    6.792285   10.034252    1.579456
    2055    6.749869   10.034252    1.573889
    2056    6.720801   10.034252    1.568373
    2057    6.704484   10.034252    1.564348
    2058    6.699999   10.034252    1.562864
    2059    8.011058   10.139316    1.563755
    2060    7.991601   10.139316    1.564268
    2061    7.965501   10.139316    1.564952
    2062    7.930902   10.139316    1.565856
    2063    7.885745   10.139316    1.567027
    2064    7.827996   10.139316    1.568512
    2065    7.756037   10.139316    1.570345
    2066    7.669219   10.139316    1.572527
    2067    7.568455   10.139316    1.575013
    2068    7.456624   10.139316    1.577698
    2069    7.338508   10.139316    1.580409
    2070    7.220115   10.139316    1.582934
    2071    7.107567   10.139316    1.585055
    2072    7.005949   10.139316    1.586595
    2073    6.918573   10.139316    1.587315
    2074    6.846892   10.139316    1.585850
    2075    6.790776   10.139316    1.581768
    2076    6.749096   10.139316    1.576234
    2077    6.720538   10.139316    1.570774
    2078    6.704510   10.139316    1.566797
    2079    6.700105   10.139316    1.565334
    2080    7.988351   10.244380    1.568175
    2081    7.969232   10.244380    1.568650
    2082    7.943585   10.244380    1.569285
    2083    7.909585   10.244380    1.570122
    2084    7.865211   10.244380    1.571207
    2085    7.808463   10.244380    1.572582
    2086    7.737752   10.244380    1.574278
    2087    7.652440   10.244380    1.576295
    2088    7.553424   10.244380    1.578591
    2089    7.443534   10.244380    1.581065
    2090    7.327467   10.244380    1.583556
    2091    7.211129   10.244380    1.585863
    2092    7.100535   10.244380    1.587783
    2093    7.000683   10.244380    1.589148
    2094    6.914827   10.244380    1.589726
    2095    6.844398   10.244380    1.588177
    2096    6.789266   10.244380    1.584080
    2097    6.748323   10.244380    1.578580
    2098    6.720274   10.244380    1.573174
    2099    6.704536   10.244380    1.569246
    2100    6.700212   10.244380    1.567805
