7           number of slices
6.6900	0.5000	1.3195	8.9180	0.5000	1.2417   40   0   chordwise_y=0.50
6.6900	2.5000	1.3893	8.9180	2.5000	1.3115   40   0   chordwise_y=2.50
6.6900	4.5000	1.4592	8.9180	4.5000	1.3814   40   0   chordwise_y=4.00
6.6900	6.0000	1.5116	8.9180	6.0000	1.4338   40   0   chordwise_y=6.00
6.6900	7.5000	1.5640	8.9180	7.5000	1.5117   40   0   chordwise_y=7.50
6.6900	9.5000	1.6337	8.9180	9.5000	1.6195   40   0   chordwise_y=9.50
7.8040	0.0000	7.8040	7.3585	10.2500	7.3585   80   2   spanwise_x=0.50mac




