   -7.038353
   -8.775693
  -12.291357
  -13.400448
  -14.196772
  -14.395945
  -14.232843
  -13.567176
  -13.715383
  -13.666411
  -13.098983
  -12.051805
  -10.997392
  -11.190367
  -11.861493
  -11.755799
  -10.623479
   -9.916301
   -8.801029
   -5.959700
   -2.744595
   -5.839413
   -6.465511
   -3.795589
   -3.873369
   -3.822707
   -3.749792
   -3.658052
   -3.483997
   -3.374095
   -3.320096
   -3.268839
   -3.255158
   -3.498602
   -3.824447
   -3.852595
   -3.731016
   -3.372008
   -2.701815
   -2.371695
   -2.004375
   -1.656853
   -4.586532
   -3.399027
   -2.486724
   -2.481314
   -2.466438
   -2.449820
   -2.431504
   -2.409869
   -2.386572
   -2.355434
   -2.318262
   -2.272974
   -2.222986
   -2.201654
   -2.162403
   -2.110973
   -2.034618
   -1.916548
   -1.721222
   -1.367786
   -0.946366
   -3.512802
   -2.089183
   -1.847026
   -1.844584
   -1.833358
   -1.821056
   -1.807478
   -1.792038
   -1.773590
   -1.752438
   -1.723659
   -1.689487
   -1.650816
   -1.639222
   -1.619220
   -1.585103
   -1.531152
   -1.446268
   -1.306168
   -1.043755
   -0.667337
   -2.671023
   -1.580172
   -1.415184
   -1.412172
   -1.402641
   -1.391085
   -1.378019
   -1.363910
   -1.348672
   -1.331082
   -1.309424
   -1.282575
   -1.258955
   -1.264425
   -1.255889
   -1.223485
   -1.175949
   -1.109092
   -1.001986
   -0.794499
   -0.514389
   -2.077821
   -1.296446
   -1.127220
   -1.157333
   -1.156450
   -1.145273
   -1.126351
   -1.106125
   -1.087372
   -1.071693
   -1.058258
   -1.046204
   -1.038505
   -1.071394
   -1.086711
   -1.058156
   -0.987865
   -0.898211
   -0.795466
   -0.629792
   -0.438706
   -1.293302
   -1.091282
   -1.084115
   -1.090080
   -1.081554
   -1.073852
   -1.065209
   -1.055682
   -1.043471
   -1.028381
   -1.009615
   -0.988299
   -0.965739
   -0.964286
   -0.957983
   -0.939935
   -0.908460
   -0.856475
   -0.766114
   -0.604333
   -0.348056
   -0.994745
   -0.938349
   -0.877204
   -0.867893
   -0.860920
   -0.853559
   -0.845214
   -0.836859
   -0.826971
   -0.815434
   -0.800330
   -0.780870
   -0.761987
   -0.764178
   -0.760421
   -0.742230
   -0.713474
   -0.671575
   -0.600131
   -0.460891
   -0.277883
   -0.853487
   -0.831231
   -0.820337
   -0.844065
   -0.840495
   -0.837319
   -0.830823
   -0.822251
   -0.810615
   -0.798082
   -0.782211
   -0.764388
   -0.742691
   -0.746410
   -0.745197
   -0.731266
   -0.702548
   -0.651249
   -0.565256
   -0.432803
   -0.253803
   -0.734663
   -0.729001
   -0.711268
   -0.702103
   -0.695844
   -0.690421
   -0.684145
   -0.677290
   -0.668808
   -0.658861
   -0.645775
   -0.628344
   -0.610045
   -0.608084
   -0.602522
   -0.589590
   -0.568005
   -0.533236
   -0.472635
   -0.357558
   -0.200947
   -0.646243
   -0.654251
   -0.628893
   -0.645940
   -0.643983
   -0.641098
   -0.635698
   -0.628439
   -0.619200
   -0.609018
   -0.597316
   -0.583348
   -0.564117
   -0.571445
   -0.571547
   -0.559203
   -0.529925
   -0.480785
   -0.411900
   -0.309008
   -0.189251
   -0.578510
   -0.586495
   -0.583681
   -0.576379
   -0.571459
   -0.567191
   -0.561985
   -0.556245
   -0.549020
   -0.540517
   -0.529017
   -0.513546
   -0.496189
   -0.493895
   -0.489032
   -0.478320
   -0.459788
   -0.429178
   -0.377070
   -0.281879
   -0.154429
   -0.507801
   -0.522702
   -0.494480
   -0.498334
   -0.495048
   -0.492381
   -0.486597
   -0.479946
   -0.472614
   -0.464862
   -0.456463
   -0.444563
   -0.428363
   -0.435022
   -0.434611
   -0.422100
   -0.394943
   -0.357817
   -0.307608
   -0.226187
   -0.141991
   -0.444588
   -0.470903
   -0.480809
   -0.478714
   -0.475091
   -0.471450
   -0.467016
   -0.461923
   -0.455555
   -0.447688
   -0.437488
   -0.424120
   -0.408037
   -0.406190
   -0.401803
   -0.392207
   -0.375578
   -0.347347
   -0.301183
   -0.222410
   -0.121348
   -0.393893
   -0.417857
   -0.403264
   -0.401701
   -0.399615
   -0.396033
   -0.391544
   -0.386681
   -0.381110
   -0.374287
   -0.365300
   -0.352604
   -0.337522
   -0.339220
   -0.336744
   -0.326310
   -0.308971
   -0.283119
   -0.243048
   -0.174941
   -0.102585
   -0.331725
   -0.368703
   -0.374108
   -0.391449
   -0.391535
   -0.389765
   -0.386415
   -0.381348
   -0.374525
   -0.365993
   -0.356020
   -0.343801
   -0.328586
   -0.330656
   -0.329023
   -0.320483
   -0.302492
   -0.267816
   -0.217882
   -0.154139
   -0.092334
   -0.286873
   -0.321606
   -0.332436
   -0.333478
   -0.331982
   -0.329516
   -0.326298
   -0.322428
   -0.317646
   -0.311527
   -0.303426
   -0.292195
   -0.276908
   -0.275778
   -0.273457
   -0.266141
   -0.252767
   -0.230096
   -0.194200
   -0.137949
   -0.071765
   -0.240460
   -0.270647
   -0.276508
   -0.276416
   -0.275230
   -0.273139
   -0.270367
   -0.267032
   -0.263074
   -0.257878
   -0.250972
   -0.240142
   -0.226868
   -0.227811
   -0.224988
   -0.218246
   -0.206371
   -0.186983
   -0.155890
   -0.109458
   -0.052163
   -0.200335
   -0.216989
   -0.225601
   -0.226115
   -0.225287
   -0.223549
   -0.221241
   -0.218300
   -0.214988
   -0.210526
   -0.204699
   -0.195257
   -0.183622
   -0.186247
   -0.183532
   -0.177109
   -0.166686
   -0.150236
   -0.122827
   -0.081974
   -0.029184
   -0.162402
   -0.146776
   -0.172823
   -0.178632
   -0.178888
   -0.177714
   -0.175866
   -0.173373
   -0.170451
   -0.166935
   -0.161993
   -0.153733
   -0.140387
   -0.143184
   -0.143608
   -0.139289
   -0.130945
   -0.115644
   -0.088491
   -0.041743
    0.004132
   -0.131547
   -0.104202
   -0.080030
   -0.084643
   -0.085201
   -0.084526
   -0.083630
   -0.082363
   -0.081075
   -0.079246
   -0.076754
   -0.072571
   -0.064361
   -0.072751
   -0.068668
   -0.064408
   -0.059815
   -0.052753
   -0.037716
   -0.007267
    0.034656
