  -12.002469
  -15.101727
  -21.404588
  -23.375260
  -24.796585
  -25.165291
  -24.893208
  -23.731211
  -24.028366
  -23.982685
  -23.018289
  -21.201154
  -19.376222
  -19.839957
  -21.218381
  -21.232599
  -19.386314
  -18.388547
  -16.727577
  -11.856370
   -6.055415
   -9.862647
  -10.962625
   -6.167496
   -6.308649
   -6.219169
   -6.092496
   -5.933002
   -5.626250
   -5.437032
   -5.351428
   -5.273475
   -5.268613
   -5.740145
   -6.372061
   -6.470182
   -6.307149
   -5.709179
   -4.520792
   -4.002645
   -3.503151
   -3.319303
   -7.640624
   -5.487738
   -3.845388
   -3.832093
   -3.806974
   -3.780779
   -3.752382
   -3.719134
   -3.684231
   -3.637066
   -3.580740
   -3.512949
   -3.440016
   -3.418208
   -3.368504
   -3.304132
   -3.202991
   -3.036020
   -2.742245
   -2.190448
   -1.597594
   -5.750341
   -3.194943
   -2.762399
   -2.756477
   -2.738222
   -2.719272
   -2.698667
   -2.675368
   -2.647794
   -2.616454
   -2.573229
   -2.522508
   -2.466491
   -2.456521
   -2.434850
   -2.393204
   -2.322065
   -2.202786
   -1.995074
   -1.590174
   -1.016492
   -4.290731
   -2.348591
   -2.073648
   -2.068249
   -2.053311
   -2.035690
   -2.015959
   -1.994742
   -1.972158
   -1.946244
   -1.914336
   -1.875085
   -1.842864
   -1.857642
   -1.851485
   -1.809329
   -1.744610
   -1.650627
   -1.493347
   -1.176938
   -0.754623
   -3.276597
   -1.900199
   -1.636346
   -1.681224
   -1.679679
   -1.662913
   -1.634596
   -1.604409
   -1.576688
   -1.553812
   -1.534522
   -1.517740
   -1.508922
   -1.563222
   -1.592272
   -1.555568
   -1.455372
   -1.325276
   -1.173958
   -0.923859
   -0.635219
   -1.930992
   -1.585754
   -1.571692
   -1.579319
   -1.566196
   -1.554722
   -1.542005
   -1.528049
   -1.510284
   -1.488380
   -1.461108
   -1.430292
   -1.398650
   -1.400367
   -1.395933
   -1.374615
   -1.333367
   -1.261031
   -1.128973
   -0.885162
   -0.500037
   -1.449657
   -1.357887
   -1.266294
   -1.252180
   -1.241759
   -1.230918
   -1.218740
   -1.206621
   -1.192395
   -1.175856
   -1.154170
   -1.126376
   -1.100343
   -1.106314
   -1.104179
   -1.081268
   -1.042875
   -0.984551
   -0.880548
   -0.672049
   -0.399572
   -1.235898
   -1.200162
   -1.183531
   -1.217569
   -1.212079
   -1.207334
   -1.197866
   -1.185449
   -1.168699
   -1.150724
   -1.127935
   -1.102500
   -1.072088
   -1.080033
   -1.081658
   -1.065109
   -1.026803
   -0.954575
   -0.829140
   -0.631583
   -0.365140
   -1.060476
   -1.050938
   -1.024846
   -1.011396
   -1.002256
   -0.994330
   -0.985251
   -0.975390
   -0.963282
   -0.949133
   -0.930493
   -0.905792
   -0.880335
   -0.879395
   -0.873782
   -0.857823
   -0.829204
   -0.780678
   -0.692617
   -0.521522
   -0.290684
   -0.931538
   -0.942615
   -0.905829
   -0.930274
   -0.927384
   -0.923145
   -0.915352
   -0.904928
   -0.891742
   -0.877267
   -0.860645
   -0.840950
   -0.814086
   -0.826431
   -0.828950
   -0.813727
   -0.773731
   -0.704001
   -0.603872
   -0.451699
   -0.274296
   -0.833578
   -0.844685
   -0.840517
   -0.829801
   -0.822690
   -0.816483
   -0.809001
   -0.800797
   -0.790539
   -0.778514
   -0.762226
   -0.740421
   -0.716277
   -0.714549
   -0.709515
   -0.696295
   -0.671559
   -0.628598
   -0.552970
   -0.412407
   -0.225605
   -0.731414
   -0.752738
   -0.712072
   -0.717409
   -0.712636
   -0.708761
   -0.700469
   -0.690973
   -0.680574
   -0.669648
   -0.657867
   -0.641245
   -0.618862
   -0.629958
   -0.631133
   -0.615005
   -0.577428
   -0.524680
   -0.451817
   -0.332252
   -0.208205
   -0.640295
   -0.678165
   -0.692392
   -0.689161
   -0.683897
   -0.678620
   -0.672278
   -0.665030
   -0.656022
   -0.644937
   -0.630566
   -0.611823
   -0.589512
   -0.588320
   -0.583693
   -0.571704
   -0.549311
   -0.509440
   -0.442466
   -0.326900
   -0.179246
   -0.567290
   -0.601834
   -0.580839
   -0.578378
   -0.575312
   -0.570135
   -0.563725
   -0.556822
   -0.548965
   -0.539397
   -0.526824
   -0.509151
   -0.488384
   -0.492135
   -0.489931
   -0.476353
   -0.452642
   -0.416022
   -0.357917
   -0.258498
   -0.152567
   -0.477731
   -0.531068
   -0.538848
   -0.563632
   -0.563685
   -0.561115
   -0.556345
   -0.549148
   -0.539487
   -0.527454
   -0.513449
   -0.496454
   -0.475379
   -0.479629
   -0.478701
   -0.467898
   -0.443233
   -0.393744
   -0.321295
   -0.228590
   -0.137836
   -0.413098
   -0.463208
   -0.478833
   -0.480175
   -0.477957
   -0.474399
   -0.469824
   -0.464360
   -0.457634
   -0.449067
   -0.437766
   -0.422311
   -0.401083
   -0.400551
   -0.398429
   -0.389163
   -0.371011
   -0.338849
   -0.286813
   -0.205241
   -0.107611
   -0.346202
   -0.389711
   -0.398139
   -0.397869
   -0.396123
   -0.393130
   -0.389207
   -0.384518
   -0.378969
   -0.371709
   -0.362096
   -0.347356
   -0.329032
   -0.331294
   -0.328229
   -0.319585
   -0.303410
   -0.275864
   -0.230806
   -0.164150
   -0.077330
   -0.288366
   -0.312317
   -0.324650
   -0.325287
   -0.324077
   -0.321611
   -0.318363
   -0.314227
   -0.309591
   -0.303357
   -0.295227
   -0.282383
   -0.266320
   -0.270867
   -0.267828
   -0.259462
   -0.245193
   -0.221832
   -0.182252
   -0.124727
   -0.041009
   -0.233710
   -0.211155
   -0.248584
   -0.256865
   -0.257226
   -0.255573
   -0.252984
   -0.249470
   -0.245370
   -0.240460
   -0.233525
   -0.222002
   -0.203255
   -0.207869
   -0.209338
   -0.203871
   -0.192421
   -0.170670
   -0.131700
   -0.066179
    0.010988
   -0.189270
   -0.149879
   -0.115061
   -0.121646
   -0.122447
   -0.121490
   -0.120229
   -0.118430
   -0.116616
   -0.114043
   -0.110504
   -0.104409
   -0.092809
   -0.105138
   -0.099772
   -0.093998
   -0.087584
   -0.077575
   -0.056054
   -0.011424
    0.060268
