   -1.651599
   -1.940084
   -2.491629
   -2.658255
   -2.770865
   -2.779175
   -2.725706
   -2.587067
   -2.565759
   -2.502681
   -2.351676
   -2.121871
   -1.883582
   -1.798113
   -1.712878
   -1.480352
   -1.114065
   -0.700563
   -0.131683
    0.564240
    0.973276
   -1.453761
   -1.574495
   -1.160410
   -1.168398
   -1.156495
   -1.139397
   -1.118685
   -1.084599
   -1.058495
   -1.037926
   -1.014729
   -0.991408
   -0.991066
   -0.994822
   -0.951082
   -0.876028
   -0.771915
   -0.654493
   -0.525058
   -0.299879
    0.226811
   -1.233374
   -1.069532
   -0.929019
   -0.929272
   -0.924230
   -0.917626
   -0.910122
   -0.901097
   -0.890579
   -0.877115
   -0.860854
   -0.840478
   -0.815710
   -0.796923
   -0.770410
   -0.734530
   -0.686675
   -0.623253
   -0.536492
   -0.404817
   -0.186955
   -1.031594
   -0.809051
   -0.769243
   -0.769039
   -0.764882
   -0.759814
   -0.754083
   -0.747506
   -0.739483
   -0.730041
   -0.717599
   -0.702438
   -0.683676
   -0.671660
   -0.654493
   -0.629879
   -0.596361
   -0.551198
   -0.488185
   -0.389707
   -0.248063
   -0.853084
   -0.667565
   -0.622372
   -0.621450
   -0.617711
   -0.612963
   -0.607541
   -0.601654
   -0.595067
   -0.587332
   -0.577699
   -0.565534
   -0.552570
   -0.548462
   -0.537905
   -0.517393
   -0.490382
   -0.455586
   -0.407333
   -0.328409
   -0.221219
   -0.714218
   -0.567675
   -0.504898
   -0.517952
   -0.517657
   -0.512883
   -0.504882
   -0.496316
   -0.488217
   -0.481235
   -0.474972
   -0.468932
   -0.463319
   -0.472237
   -0.472306
   -0.453938
   -0.419125
   -0.377341
   -0.332413
   -0.268258
   -0.197256
   -0.535156
   -0.486932
   -0.486696
   -0.490436
   -0.487059
   -0.483697
   -0.479888
   -0.475685
   -0.470233
   -0.463439
   -0.454953
   -0.445185
   -0.433880
   -0.429532
   -0.421617
   -0.408125
   -0.388948
   -0.361733
   -0.321438
   -0.258531
   -0.160405
   -0.439361
   -0.421373
   -0.395491
   -0.391884
   -0.388932
   -0.385657
   -0.381935
   -0.378197
   -0.373717
   -0.368428
   -0.361492
   -0.352421
   -0.342836
   -0.341192
   -0.336039
   -0.324141
   -0.307661
   -0.286212
   -0.254595
   -0.200083
   -0.128033
   -0.382000
   -0.374215
   -0.369813
   -0.381035
   -0.379647
   -0.378269
   -0.375374
   -0.371527
   -0.366242
   -0.360495
   -0.353201
   -0.344898
   -0.334276
   -0.333625
   -0.329546
   -0.319424
   -0.302969
   -0.277627
   -0.239981
   -0.187487
   -0.116910
   -0.330328
   -0.328413
   -0.320516
   -0.316494
   -0.313677
   -0.311247
   -0.308424
   -0.305324
   -0.301440
   -0.296831
   -0.290755
   -0.282554
   -0.273583
   -0.271003
   -0.266003
   -0.257346
   -0.244963
   -0.227619
   -0.201141
   -0.155572
   -0.091680
   -0.290818
   -0.294582
   -0.283090
   -0.290935
   -0.290037
   -0.288765
   -0.286337
   -0.283044
   -0.278806
   -0.274085
   -0.268630
   -0.262010
   -0.252645
   -0.254428
   -0.252058
   -0.243799
   -0.228239
   -0.204941
   -0.174993
   -0.133689
   -0.086021
   -0.260163
   -0.263848
   -0.262548
   -0.259292
   -0.256979
   -0.255077
   -0.252731
   -0.250117
   -0.246787
   -0.242819
   -0.237438
   -0.230099
   -0.221568
   -0.219138
   -0.214930
   -0.207810
   -0.197435
   -0.182588
   -0.160016
   -0.121791
   -0.069077
   -0.228179
   -0.234890
   -0.222042
   -0.223857
   -0.222299
   -0.221124
   -0.218513
   -0.215476
   -0.212095
   -0.208464
   -0.204489
   -0.198750
   -0.190658
   -0.192317
   -0.190366
   -0.182819
   -0.169088
   -0.151879
   -0.130279
   -0.097081
   -0.063106
   -0.199569
   -0.211393
   -0.215839
   -0.214962
   -0.213240
   -0.211624
   -0.209625
   -0.207293
   -0.204349
   -0.200666
   -0.195877
   -0.189485
   -0.181523
   -0.179395
   -0.175742
   -0.169607
   -0.160627
   -0.147373
   -0.127553
   -0.095335
   -0.053253
   -0.176681
   -0.187384
   -0.180740
   -0.180103
   -0.179119
   -0.177521
   -0.175498
   -0.173269
   -0.170691
   -0.167485
   -0.163246
   -0.157116
   -0.149574
   -0.149202
   -0.146851
   -0.140905
   -0.132146
   -0.120388
   -0.103412
   -0.075084
   -0.044916
   -0.148691
   -0.165210
   -0.167615
   -0.175484
   -0.175477
   -0.174696
   -0.173188
   -0.170869
   -0.167729
   -0.163760
   -0.159085
   -0.153194
   -0.145695
   -0.145544
   -0.143526
   -0.138401
   -0.129419
   -0.114116
   -0.093349
   -0.066597
   -0.040454
   -0.128546
   -0.144039
   -0.148862
   -0.149366
   -0.148672
   -0.147579
   -0.146130
   -0.144360
   -0.142148
   -0.139280
   -0.135441
   -0.129975
   -0.122544
   -0.121198
   -0.119241
   -0.115098
   -0.108546
   -0.098637
   -0.083858
   -0.059995
   -0.032006
   -0.107728
   -0.121207
   -0.123825
   -0.123766
   -0.123228
   -0.122317
   -0.121069
   -0.119551
   -0.117722
   -0.115286
   -0.111961
   -0.106705
   -0.100208
   -0.100002
   -0.098154
   -0.094622
   -0.089126
   -0.080986
   -0.068570
   -0.048398
   -0.023879
   -0.089763
   -0.097207
   -0.101078
   -0.101259
   -0.100886
   -0.100142
   -0.099108
   -0.097773
   -0.096245
   -0.094152
   -0.091306
   -0.086792
   -0.081077
   -0.081712
   -0.080057
   -0.076808
   -0.072031
   -0.065062
   -0.053992
   -0.036360
   -0.015316
   -0.072779
   -0.065793
   -0.077480
   -0.080044
   -0.080148
   -0.079659
   -0.078835
   -0.077706
   -0.076360
   -0.074705
   -0.072285
   -0.068410
   -0.061996
   -0.062734
   -0.062487
   -0.060111
   -0.056003
   -0.048904
   -0.036711
   -0.018206
   -0.006443
   -0.058964
   -0.046727
   -0.035930
   -0.037994
   -0.038222
   -0.037949
   -0.037552
   -0.036981
   -0.036386
   -0.035530
   -0.034307
   -0.032315
   -0.028349
   -0.031708
   -0.029649
   -0.027417
   -0.024910
   -0.021157
   -0.013910
   -0.003506
    0.001953
