    2.243963
    2.976552
    4.513524
    5.036864
    5.422899
    5.557936
    5.539516
    5.307739
    5.459312
    5.542701
    5.406898
    5.063315
    4.733755
    5.010437
    5.637969
    5.965229
    5.789447
    6.012669
    6.222014
    5.402407
    3.771574
    1.736123
    1.972645
    0.801578
    0.845178
    0.831909
    0.810752
    0.782316
    0.718936
    0.686663
    0.684052
    0.688037
    0.718834
    0.893324
    1.114750
    1.208413
    1.250250
    1.175473
    0.901703
    0.887781
    1.007704
    1.660155
    1.227495
    0.672998
    0.274128
    0.272251
    0.271335
    0.270998
    0.270794
    0.270746
    0.271973
    0.272603
    0.273740
    0.276052
    0.282791
    0.298625
    0.315607
    0.340022
    0.367021
    0.390295
    0.396274
    0.358687
    0.410082
    0.811742
    0.190622
    0.088004
    0.087682
    0.087307
    0.087119
    0.086980
    0.086880
    0.086979
    0.087525
    0.087635
    0.088451
    0.092129
    0.103851
    0.118730
    0.136100
    0.154086
    0.168865
    0.172143
    0.141017
    0.092127
    0.517223
    0.065054
    0.023167
    0.022739
    0.022495
    0.022092
    0.021613
    0.021112
    0.020889
    0.020878
    0.021078
    0.021776
    0.026208
    0.037275
    0.049246
    0.060545
    0.071560
    0.081000
    0.081982
    0.056465
    0.021198
    0.329789
    0.027271
    0.009569
    0.009621
    0.009779
    0.009573
    0.009010
    0.008389
    0.007990
    0.007973
    0.008390
    0.009487
    0.013188
    0.022750
    0.034450
    0.044747
    0.051622
    0.055327
    0.053159
    0.033437
    0.004353
    0.074137
    0.012653
    0.008362
    0.006424
    0.006151
    0.006102
    0.006031
    0.005929
    0.005870
    0.005933
    0.006116
    0.006591
    0.008822
    0.015235
    0.024321
    0.034100
    0.043347
    0.050430
    0.049560
    0.030686
   -0.001929
    0.019242
    0.009429
    0.007735
    0.006782
    0.006698
    0.006677
    0.006626
    0.006550
    0.006513
    0.006596
    0.006789
    0.007315
    0.009157
    0.013697
    0.019881
    0.026653
    0.033155
    0.037841
    0.036326
    0.020124
   -0.000529
    0.011123
    0.008579
    0.008020
    0.007056
    0.006916
    0.006857
    0.006795
    0.006731
    0.006722
    0.006817
    0.007028
    0.007480
    0.008939
    0.012945
    0.019277
    0.026273
    0.032714
    0.036712
    0.034121
    0.019778
   -0.000087
    0.008959
    0.008574
    0.008639
    0.008610
    0.008649
    0.008635
    0.008590
    0.008533
    0.008516
    0.008603
    0.008804
    0.009283
    0.010352
    0.013224
    0.017661
    0.022759
    0.027549
    0.030453
    0.028290
    0.015561
    0.001767
    0.008558
    0.008697
    0.008821
    0.008822
    0.008860
    0.008835
    0.008786
    0.008738
    0.008731
    0.008816
    0.009011
    0.009433
    0.010416
    0.013031
    0.017358
    0.022196
    0.026321
    0.027977
    0.024897
    0.014084
    0.002133
    0.008472
    0.008735
    0.008908
    0.009067
    0.009145
    0.009128
    0.009080
    0.009035
    0.009032
    0.009114
    0.009311
    0.009735
    0.010675
    0.012965
    0.016489
    0.020548
    0.024059
    0.025620
    0.022929
    0.012766
    0.003092
    0.008236
    0.008568
    0.008599
    0.008755
    0.008810
    0.008795
    0.008741
    0.008698
    0.008695
    0.008772
    0.008961
    0.009374
    0.010393
    0.012710
    0.015858
    0.019219
    0.021681
    0.022123
    0.018933
    0.010172
    0.003167
    0.007853
    0.008303
    0.008532
    0.008668
    0.008721
    0.008702
    0.008654
    0.008618
    0.008619
    0.008691
    0.008860
    0.009223
    0.010122
    0.012214
    0.015138
    0.018367
    0.020962
    0.021618
    0.018578
    0.010194
    0.003209
    0.007323
    0.007849
    0.007832
    0.007925
    0.007950
    0.007920
    0.007869
    0.007835
    0.007835
    0.007902
    0.008054
    0.008388
    0.009279
    0.011229
    0.013498
    0.015861
    0.017781
    0.018128
    0.015211
    0.007650
    0.002663
    0.006494
    0.007278
    0.007437
    0.007783
    0.007839
    0.007833
    0.007797
    0.007757
    0.007738
    0.007773
    0.007896
    0.008165
    0.008913
    0.010737
    0.013108
    0.015583
    0.017432
    0.017219
    0.013836
    0.006970
    0.002276
    0.005782
    0.006591
    0.006853
    0.006958
    0.006966
    0.006936
    0.006904
    0.006888
    0.006896
    0.006954
    0.007079
    0.007258
    0.007813
    0.009199
    0.011041
    0.013006
    0.014695
    0.015007
    0.012463
    0.006213
    0.001039
    0.004977
    0.005698
    0.005873
    0.005947
    0.005932
    0.005891
    0.005873
    0.005879
    0.005908
    0.005975
    0.006100
    0.006162
    0.006633
    0.007747
    0.009092
    0.010624
    0.011982
    0.012229
    0.010035
    0.004617
   -0.000873
    0.004182
    0.004618
    0.004836
    0.004903
    0.004878
    0.004830
    0.004822
    0.004841
    0.004881
    0.004950
    0.005071
    0.005122
    0.005461
    0.006364
    0.007428
    0.008633
    0.009669
    0.009701
    0.007432
    0.002146
   -0.003374
    0.003405
    0.003096
    0.003658
    0.003818
    0.003811
    0.003771
    0.003766
    0.003785
    0.003819
    0.003883
    0.003987
    0.004140
    0.004262
    0.004934
    0.005884
    0.006883
    0.007633
    0.007231
    0.004241
   -0.001967
   -0.005823
    0.002754
    0.002165
    0.001614
    0.001714
    0.001713
    0.001692
    0.001690
    0.001700
    0.001720
    0.001750
    0.001808
    0.002010
    0.002022
    0.002553
    0.002873
    0.003254
    0.003540
    0.003111
    0.000926
   -0.002195
   -0.006898
