  -10.975541
  -13.791299
  -19.514080
  -21.307952
  -22.601435
  -22.936530
  -22.688223
  -21.629907
  -21.897117
  -21.851576
  -20.970225
  -19.313467
  -17.649036
  -18.056252
  -19.288546
  -19.278485
  -17.580937
  -16.645937
  -15.102046
  -10.653082
   -5.383348
   -9.031566
  -10.032983
   -5.680613
   -5.808991
   -5.728006
   -5.612820
   -5.467632
   -5.188632
   -5.015996
   -4.937006
   -4.864650
   -4.857973
   -5.282276
   -5.850525
   -5.934088
   -5.779690
   -5.231535
   -4.150866
   -3.672075
   -3.200168
   -2.982859
   -7.011188
   -5.059476
   -3.569442
   -3.558139
   -3.535373
   -3.511290
   -3.485067
   -3.454277
   -3.421804
   -3.377961
   -3.325604
   -3.262397
   -3.194190
   -3.172395
   -3.124819
   -3.063110
   -2.967134
   -2.810383
   -2.537060
   -2.025794
   -1.467057
   -5.290671
   -2.971047
   -2.578168
   -2.573201
   -2.556555
   -2.539042
   -2.519929
   -2.498274
   -2.472585
   -2.443333
   -2.403072
   -2.355693
   -2.303186
   -2.292819
   -2.271472
   -2.231360
   -2.163763
   -2.051583
   -1.857742
   -1.481632
   -0.947187
   -3.959293
   -2.194362
   -1.942133
   -1.937355
   -1.923637
   -1.907298
   -1.888959
   -1.869214
   -1.848129
   -1.823904
   -1.794073
   -1.757329
   -1.726803
   -1.739641
   -1.732993
   -1.692823
   -1.631614
   -1.543170
   -1.396049
   -1.101421
   -0.707186
   -3.032377
   -1.779713
   -1.535213
   -1.577130
   -1.575811
   -1.560215
   -1.533829
   -1.505677
   -1.479770
   -1.458340
   -1.440223
   -1.424392
   -1.415762
   -1.465703
   -1.491977
   -1.456923
   -1.362780
   -1.240868
   -1.099313
   -0.865969
   -0.596493
   -1.803042
   -1.487523
   -1.474926
   -1.482238
   -1.470137
   -1.459461
   -1.447597
   -1.434556
   -1.417912
   -1.397374
   -1.371805
   -1.342900
   -1.313060
   -1.314096
   -1.309283
   -1.288629
   -1.249366
   -1.181152
   -1.057457
   -0.829911
   -0.470115
   -1.359243
   -1.274798
   -1.189385
   -1.176215
   -1.166521
   -1.156404
   -1.145025
   -1.133677
   -1.120320
   -1.104773
   -1.084390
   -1.058254
   -1.033610
   -1.038797
   -1.036333
   -1.014368
   -0.977919
   -0.922910
   -0.825412
   -0.630563
   -0.375562
   -1.160156
   -1.127233
   -1.111788
   -1.143760
   -1.138687
   -1.134285
   -1.125442
   -1.113811
   -1.098085
   -1.081188
   -1.059768
   -1.035844
   -1.007144
   -1.014211
   -1.015265
   -0.999242
   -0.962866
   -0.894841
   -0.777260
   -0.592518
   -0.343147
   -0.996076
   -0.987386
   -0.962996
   -0.950435
   -0.941860
   -0.934456
   -0.925960
   -0.916709
   -0.905323
   -0.891999
   -0.874448
   -0.851174
   -0.827106
   -0.825933
   -0.820321
   -0.804965
   -0.777759
   -0.731994
   -0.649389
   -0.489271
   -0.272852
   -0.875198
   -0.885710
   -0.851210
   -0.874271
   -0.871558
   -0.867610
   -0.860314
   -0.850530
   -0.838126
   -0.824493
   -0.808831
   -0.790254
   -0.764875
   -0.776196
   -0.778228
   -0.763577
   -0.725720
   -0.660089
   -0.566135
   -0.423578
   -0.257360
   -0.783210
   -0.793730
   -0.789862
   -0.779935
   -0.773251
   -0.767451
   -0.760436
   -0.752727
   -0.743067
   -0.731728
   -0.716370
   -0.695797
   -0.672966
   -0.671097
   -0.666086
   -0.653366
   -0.629873
   -0.589374
   -0.518384
   -0.386649
   -0.211302
   -0.687257
   -0.707313
   -0.669109
   -0.674294
   -0.669836
   -0.666227
   -0.658443
   -0.649512
   -0.639716
   -0.629403
   -0.618264
   -0.602545
   -0.581351
   -0.591547
   -0.592400
   -0.576989
   -0.541483
   -0.491843
   -0.423437
   -0.311238
   -0.194830
   -0.601645
   -0.637210
   -0.650607
   -0.647737
   -0.642828
   -0.637903
   -0.631950
   -0.625131
   -0.616640
   -0.606175
   -0.592600
   -0.574884
   -0.553775
   -0.552421
   -0.547828
   -0.536316
   -0.515081
   -0.477539
   -0.414660
   -0.306204
   -0.167431
   -0.533056
   -0.565460
   -0.545729
   -0.543580
   -0.540755
   -0.535926
   -0.529906
   -0.523406
   -0.515993
   -0.506947
   -0.495038
   -0.478280
   -0.458591
   -0.461906
   -0.459634
   -0.446675
   -0.424249
   -0.389823
   -0.335302
   -0.241896
   -0.142236
   -0.448937
   -0.498981
   -0.506295
   -0.529717
   -0.529828
   -0.527450
   -0.522970
   -0.516195
   -0.507087
   -0.495725
   -0.482473
   -0.466340
   -0.446381
   -0.450168
   -0.449083
   -0.438728
   -0.415406
   -0.368903
   -0.300943
   -0.213843
   -0.128355
   -0.388254
   -0.435276
   -0.449934
   -0.451318
   -0.449293
   -0.445975
   -0.441672
   -0.436518
   -0.430167
   -0.422063
   -0.411341
   -0.396577
   -0.376466
   -0.375771
   -0.373576
   -0.364694
   -0.347526
   -0.317356
   -0.268592
   -0.191930
   -0.099997
   -0.325448
   -0.366323
   -0.374259
   -0.374112
   -0.372506
   -0.369693
   -0.365986
   -0.361554
   -0.356305
   -0.349433
   -0.340303
   -0.326116
   -0.308711
   -0.310658
   -0.307599
   -0.299326
   -0.284037
   -0.258233
   -0.216040
   -0.153348
   -0.071901
   -0.271141
   -0.293695
   -0.305345
   -0.306018
   -0.304897
   -0.302558
   -0.299476
   -0.295562
   -0.291170
   -0.285267
   -0.277552
   -0.265181
   -0.249899
   -0.253988
   -0.250969
   -0.242988
   -0.229494
   -0.207519
   -0.170288
   -0.116061
   -0.038359
   -0.219798
   -0.198646
   -0.233890
   -0.241727
   -0.242072
   -0.240492
   -0.238029
   -0.234704
   -0.230818
   -0.226167
   -0.219599
   -0.208672
   -0.190904
   -0.195043
   -0.196250
   -0.191034
   -0.180175
   -0.159494
   -0.122344
   -0.060600
    0.009830
   -0.178032
   -0.141017
   -0.108284
   -0.114501
   -0.115252
   -0.114338
   -0.113143
   -0.111443
   -0.109726
   -0.107291
   -0.103950
   -0.098324
   -0.087326
   -0.098778
   -0.093617
   -0.088196
   -0.082103
   -0.072368
   -0.051478
   -0.010295
    0.055074
