   -0.825712
   -0.895479
   -0.999463
   -1.019972
   -1.027261
   -1.005827
   -0.968365
   -0.909292
   -0.861138
   -0.794752
   -0.705710
   -0.599317
   -0.483105
   -0.356163
   -0.155162
    0.097833
    0.349025
    0.721405
    1.211857
    1.583120
    1.559082
   -0.779019
   -0.823328
   -0.749170
   -0.746204
   -0.739896
   -0.731131
   -0.721057
   -0.707978
   -0.694463
   -0.678913
   -0.659873
   -0.635045
   -0.597651
   -0.552981
   -0.498355
   -0.430188
   -0.364209
   -0.330249
   -0.231185
   -0.028040
    0.525579
   -0.714671
   -0.704966
   -0.680375
   -0.681168
   -0.677468
   -0.672375
   -0.666529
   -0.659448
   -0.650907
   -0.640168
   -0.627120
   -0.610521
   -0.589717
   -0.571437
   -0.546843
   -0.513270
   -0.469660
   -0.414507
   -0.344562
   -0.248065
   -0.064121
   -0.644906
   -0.603311
   -0.594025
   -0.594056
   -0.590867
   -0.586915
   -0.582423
   -0.577251
   -0.570886
   -0.563301
   -0.553440
   -0.541217
   -0.525694
   -0.513668
   -0.496915
   -0.473734
   -0.443340
   -0.404361
   -0.353615
   -0.281765
   -0.178953
   -0.567242
   -0.518339
   -0.491572
   -0.490988
   -0.488055
   -0.484386
   -0.480196
   -0.475637
   -0.470457
   -0.464321
   -0.456638
   -0.446821
   -0.435599
   -0.430010
   -0.419121
   -0.400462
   -0.376680
   -0.347016
   -0.308375
   -0.250739
   -0.172345
   -0.497751
   -0.447252
   -0.401255
   -0.411614
   -0.411312
   -0.407578
   -0.401350
   -0.394678
   -0.388325
   -0.382779
   -0.377713
   -0.372671
   -0.367392
   -0.372490
   -0.370105
   -0.353348
   -0.324214
   -0.290173
   -0.254793
   -0.207649
   -0.156767
   -0.411127
   -0.386288
   -0.387052
   -0.390457
   -0.387785
   -0.385139
   -0.382134
   -0.378814
   -0.374490
   -0.369074
   -0.362288
   -0.354415
   -0.344909
   -0.340123
   -0.331943
   -0.319167
   -0.301959
   -0.278785
   -0.246809
   -0.200482
   -0.128723
   -0.346949
   -0.334855
   -0.314647
   -0.311954
   -0.309600
   -0.307013
   -0.304066
   -0.301108
   -0.297547
   -0.293319
   -0.287755
   -0.280409
   -0.272336
   -0.270095
   -0.264713
   -0.253822
   -0.239323
   -0.221222
   -0.196272
   -0.156058
   -0.102633
   -0.303077
   -0.297493
   -0.294118
   -0.303254
   -0.302154
   -0.301086
   -0.298800
   -0.295751
   -0.291542
   -0.286946
   -0.281091
   -0.274372
   -0.265556
   -0.264215
   -0.259663
   -0.250139
   -0.235669
   -0.214604
   -0.185065
   -0.146087
   -0.093676
   -0.262387
   -0.260992
   -0.254692
   -0.251455
   -0.249207
   -0.247278
   -0.245039
   -0.242581
   -0.239489
   -0.235797
   -0.230907
   -0.224252
   -0.216839
   -0.214191
   -0.209291
   -0.201328
   -0.190445
   -0.175986
   -0.155270
   -0.121491
   -0.073191
   -0.230967
   -0.233970
   -0.224771
   -0.231000
   -0.230292
   -0.229283
   -0.227356
   -0.224740
   -0.221362
   -0.217578
   -0.213181
   -0.207798
   -0.200093
   -0.200982
   -0.198208
   -0.190616
   -0.177332
   -0.158371
   -0.135075
   -0.104341
   -0.068612
   -0.206509
   -0.209424
   -0.208352
   -0.205675
   -0.203845
   -0.202319
   -0.200452
   -0.198374
   -0.195719
   -0.192535
   -0.188191
   -0.182227
   -0.175200
   -0.172789
   -0.168710
   -0.162189
   -0.153178
   -0.140993
   -0.123513
   -0.095119
   -0.054933
   -0.181012
   -0.186324
   -0.176047
   -0.177428
   -0.176199
   -0.175247
   -0.173165
   -0.170747
   -0.168050
   -0.165134
   -0.161910
   -0.157224
   -0.150533
   -0.151387
   -0.149189
   -0.142468
   -0.130982
   -0.117134
   -0.100536
   -0.075927
   -0.050172
   -0.158220
   -0.167599
   -0.171104
   -0.170332
   -0.168979
   -0.167672
   -0.166078
   -0.164222
   -0.161873
   -0.158916
   -0.155043
   -0.149846
   -0.143281
   -0.141150
   -0.137638
   -0.132073
   -0.124360
   -0.113632
   -0.098427
   -0.074520
   -0.042331
   -0.140019
   -0.148494
   -0.143187
   -0.142625
   -0.141850
   -0.140560
   -0.138945
   -0.137170
   -0.135114
   -0.132537
   -0.129101
   -0.124126
   -0.117908
   -0.117213
   -0.114872
   -0.109631
   -0.102220
   -0.092735
   -0.079777
   -0.058856
   -0.035819
   -0.117785
   -0.130867
   -0.132762
   -0.138958
   -0.138960
   -0.138318
   -0.137111
   -0.135265
   -0.132763
   -0.129580
   -0.125801
   -0.121040
   -0.114882
   -0.114390
   -0.112294
   -0.107686
   -0.100110
   -0.087899
   -0.071995
   -0.052172
   -0.032350
   -0.101798
   -0.114053
   -0.117871
   -0.118239
   -0.117693
   -0.116804
   -0.115641
   -0.114227
   -0.112455
   -0.110142
   -0.107030
   -0.102652
   -0.096605
   -0.095254
   -0.093310
   -0.089589
   -0.083975
   -0.075954
   -0.064674
   -0.047030
   -0.025887
   -0.085288
   -0.095940
   -0.098002
   -0.097961
   -0.097536
   -0.096782
   -0.095775
   -0.094554
   -0.093075
   -0.091096
   -0.088405
   -0.084240
   -0.078976
   -0.078587
   -0.076827
   -0.073682
   -0.068969
   -0.062375
   -0.052956
   -0.038034
   -0.019812
   -0.071058
   -0.076929
   -0.079983
   -0.080154
   -0.079861
   -0.079227
   -0.078387
   -0.077309
   -0.076064
   -0.074356
   -0.072063
   -0.068459
   -0.063830
   -0.064149
   -0.062592
   -0.059738
   -0.055677
   -0.050121
   -0.041943
   -0.028920
   -0.013582
   -0.057612
   -0.052077
   -0.061331
   -0.063387
   -0.063476
   -0.063031
   -0.062362
   -0.061449
   -0.060352
   -0.058997
   -0.057051
   -0.053861
   -0.048685
   -0.049117
   -0.048713
   -0.046607
   -0.043184
   -0.037732
   -0.029079
   -0.015712
   -0.007329
   -0.046679
   -0.036998
   -0.028473
   -0.030128
   -0.030325
   -0.030041
   -0.029732
   -0.029271
   -0.028783
   -0.028083
   -0.027099
   -0.025375
   -0.022194
   -0.024753
   -0.023035
   -0.021188
   -0.019193
   -0.016471
   -0.011623
   -0.003915
   -0.001164
