   -9.969131
  -12.507886
  -17.663700
  -19.282851
  -20.449460
  -20.750058
  -20.523866
  -19.566402
  -19.803518
  -19.757535
  -18.957098
  -17.456964
  -15.949364
  -16.301024
  -17.389295
  -17.354610
  -15.801980
  -14.926278
  -13.494295
   -9.459302
   -4.714876
   -8.216517
   -9.121586
   -5.201599
   -5.317080
   -5.243990
   -5.139710
   -5.008286
   -4.756287
   -4.599782
   -4.527214
   -4.460294
   -4.451823
   -4.829697
   -5.335485
   -5.404685
   -5.258603
   -4.759011
   -3.783745
   -3.343159
   -2.898132
   -2.647699
   -6.393209
   -4.637945
   -3.296530
   -3.286856
   -3.266161
   -3.243995
   -3.219792
   -3.191334
   -3.161191
   -3.120576
   -3.072095
   -3.013447
   -2.949869
   -2.928089
   -2.882575
   -2.823422
   -2.732385
   -2.585452
   -2.332010
   -1.860839
   -1.336409
   -4.838675
   -2.749335
   -2.395179
   -2.390915
   -2.375679
   -2.359492
   -2.341778
   -2.321691
   -2.297823
   -2.270607
   -2.233250
   -2.189200
   -2.140168
   -2.129419
   -2.108367
   -2.069724
   -2.005528
   -1.900215
   -1.719953
   -1.372503
   -0.877496
   -3.632778
   -2.041006
   -1.811052
   -1.806738
   -1.794095
   -1.778965
   -1.761951
   -1.743618
   -1.723992
   -1.701421
   -1.673636
   -1.639363
   -1.610533
   -1.621459
   -1.614299
   -1.576050
   -1.518243
   -1.435191
   -1.298104
   -1.025286
   -0.659363
   -2.791276
   -1.659583
   -1.434149
   -1.473089
   -1.471889
   -1.457403
   -1.432889
   -1.406720
   -1.382595
   -1.362591
   -1.345630
   -1.330720
   -1.322282
   -1.367892
   -1.391377
   -1.357918
   -1.269726
   -1.155867
   -1.023998
   -0.807503
   -0.557413
   -1.675800
   -1.389368
   -1.378184
   -1.385163
   -1.373972
   -1.364041
   -1.352978
   -1.340807
   -1.325259
   -1.306068
   -1.282187
   -1.255162
   -1.227113
   -1.227483
   -1.222264
   -1.202224
   -1.164867
   -1.100667
   -0.985271
   -0.774089
   -0.439904
   -1.268921
   -1.191644
   -1.112331
   -1.100122
   -1.091112
   -1.081683
   -1.071054
   -1.060443
   -1.047936
   -1.033373
   -1.014289
   -0.989794
   -0.966548
   -0.970952
   -0.968137
   -0.947075
   -0.912498
   -0.860705
   -0.769653
   -0.588585
   -0.351345
   -1.084374
   -1.054184
   -1.039890
   -1.069814
   -1.065120
   -1.061025
   -1.052762
   -1.041883
   -1.027161
   -1.011336
   -0.991283
   -0.968856
   -0.941868
   -0.948065
   -0.948526
   -0.932985
   -0.898470
   -0.834555
   -0.724782
   -0.552982
   -0.320977
   -0.931597
   -0.923701
   -0.900976
   -0.889262
   -0.881262
   -0.874349
   -0.866398
   -0.857734
   -0.847056
   -0.834554
   -0.818097
   -0.796251
   -0.773580
   -0.772180
   -0.766556
   -0.751765
   -0.725906
   -0.682817
   -0.605623
   -0.456624
   -0.254930
   -0.818787
   -0.828700
   -0.796469
   -0.818049
   -0.815522
   -0.811838
   -0.805006
   -0.795839
   -0.784208
   -0.771415
   -0.756721
   -0.739265
   -0.715379
   -0.725681
   -0.727212
   -0.713097
   -0.677317
   -0.615715
   -0.527912
   -0.395125
   -0.240359
   -0.732801
   -0.742715
   -0.739114
   -0.729845
   -0.723594
   -0.718173
   -0.711599
   -0.704368
   -0.695300
   -0.684648
   -0.670231
   -0.650898
   -0.629393
   -0.627389
   -0.622396
   -0.610137
   -0.587824
   -0.549717
   -0.483343
   -0.360596
   -0.197021
   -0.643089
   -0.661884
   -0.626145
   -0.631011
   -0.626840
   -0.623461
   -0.616166
   -0.607790
   -0.598591
   -0.588897
   -0.578421
   -0.563624
   -0.543633
   -0.552932
   -0.553458
   -0.538728
   -0.505231
   -0.458618
   -0.394637
   -0.289994
   -0.181522
   -0.563003
   -0.596294
   -0.608834
   -0.606164
   -0.601571
   -0.596961
   -0.591377
   -0.584977
   -0.576998
   -0.567161
   -0.554405
   -0.537742
   -0.517845
   -0.516344
   -0.511787
   -0.500713
   -0.480562
   -0.445256
   -0.386435
   -0.285264
   -0.155755
   -0.498821
   -0.529151
   -0.510687
   -0.508689
   -0.506046
   -0.501523
   -0.495874
   -0.489770
   -0.482801
   -0.474288
   -0.463083
   -0.447304
   -0.428720
   -0.431616
   -0.429284
   -0.416910
   -0.395674
   -0.363286
   -0.312240
   -0.225052
   -0.132121
   -0.420106
   -0.466937
   -0.473782
   -0.495715
   -0.495820
   -0.493589
   -0.489383
   -0.483021
   -0.474466
   -0.463787
   -0.451327
   -0.436136
   -0.417319
   -0.420659
   -0.419431
   -0.409485
   -0.387411
   -0.343737
   -0.280106
   -0.198751
   -0.119129
   -0.363319
   -0.407319
   -0.421036
   -0.422342
   -0.420447
   -0.417336
   -0.413296
   -0.408451
   -0.402476
   -0.394847
   -0.384754
   -0.370835
   -0.351883
   -0.351057
   -0.348831
   -0.340292
   -0.323980
   -0.295564
   -0.249854
   -0.178225
   -0.092717
   -0.304548
   -0.342794
   -0.350221
   -0.350093
   -0.348591
   -0.345952
   -0.342470
   -0.338302
   -0.333361
   -0.326886
   -0.318287
   -0.304896
   -0.288475
   -0.290162
   -0.287173
   -0.279232
   -0.264695
   -0.240367
   -0.200762
   -0.142098
   -0.066847
   -0.253729
   -0.274833
   -0.285738
   -0.286378
   -0.285329
   -0.283134
   -0.280236
   -0.276557
   -0.272421
   -0.266859
   -0.259591
   -0.247909
   -0.233489
   -0.237217
   -0.234315
   -0.226675
   -0.213843
   -0.193140
   -0.158166
   -0.107198
   -0.036095
   -0.205684
   -0.185892
   -0.218876
   -0.226221
   -0.226545
   -0.225060
   -0.222743
   -0.219618
   -0.215962
   -0.211576
   -0.205392
   -0.195091
   -0.178369
   -0.182183
   -0.183314
   -0.178283
   -0.167933
   -0.148541
   -0.113725
   -0.055530
    0.008306
   -0.166602
   -0.131965
   -0.101339
   -0.107165
   -0.107871
   -0.107013
   -0.105888
   -0.104294
   -0.102677
   -0.100382
   -0.097237
   -0.091944
   -0.081595
   -0.092289
   -0.087582
   -0.082442
   -0.076591
   -0.067534
   -0.048020
   -0.009438
    0.049738
