  -14.077557
  -17.752343
  -25.233277
  -27.562881
  -29.245139
  -29.684111
  -29.365233
  -27.993614
  -28.351704
  -28.305351
  -27.171626
  -25.028570
  -22.877169
  -23.457425
  -25.133167
  -25.196777
  -23.048430
  -21.922756
  -20.022133
  -14.289224
   -7.408842
  -11.540167
  -12.840141
   -7.145879
   -7.313442
   -7.207218
   -7.057717
   -6.869487
   -6.506468
   -6.283655
   -6.184680
   -6.095324
   -6.094087
   -6.661886
   -7.423977
   -7.551941
   -7.371466
   -6.672149
   -5.264729
   -4.666962
   -4.111614
   -3.995405
   -8.908915
   -6.347363
   -4.395488
   -4.378396
   -4.348831
   -4.318643
   -4.286081
   -4.248037
   -4.208367
   -4.154580
   -4.090258
   -4.013096
   -3.930664
   -3.909073
   -3.855131
   -3.785441
   -3.674017
   -3.486692
   -3.151962
   -2.518641
   -1.858071
   -6.674264
   -3.639956
   -3.126928
   -3.119325
   -3.098092
   -3.076424
   -3.052980
   -3.026510
   -2.995266
   -2.959827
   -2.910701
   -2.853248
   -2.790228
   -2.781204
   -2.758950
   -2.714296
   -2.636186
   -2.502891
   -2.267615
   -1.805248
   -1.153817
   -4.954852
   -2.652891
   -2.332088
   -2.325661
   -2.308505
   -2.288440
   -2.266051
   -2.242008
   -2.216528
   -2.187329
   -2.151330
   -2.107161
   -2.071636
   -2.090398
   -2.085299
   -2.039265
   -1.967681
   -1.862857
   -1.685512
   -1.325929
   -0.848310
   -3.764239
   -2.136774
   -1.834187
   -1.885041
   -1.883237
   -1.864247
   -1.832195
   -1.798055
   -1.766810
   -1.741133
   -1.719575
   -1.701024
   -1.691932
   -1.755019
   -1.789696
   -1.749813
   -1.637711
   -1.491552
   -1.321052
   -1.037932
   -0.711632
   -2.183367
   -1.777912
   -1.760854
   -1.769098
   -1.754130
   -1.741169
   -1.726876
   -1.711213
   -1.691310
   -1.666769
   -1.636167
   -1.601664
   -1.566528
   -1.569685
   -1.566086
   -1.543571
   -1.498560
   -1.418279
   -1.269854
   -0.994016
   -0.559101
   -1.626580
   -1.520034
   -1.416209
   -1.400179
   -1.388394
   -1.376197
   -1.362551
   -1.349001
   -1.333137
   -1.314704
   -1.290490
   -1.259519
   -1.230832
   -1.238438
   -1.237031
   -1.212359
   -1.170300
   -1.105682
   -0.989098
   -0.753903
   -0.447118
   -1.383638
   -1.342242
   -1.323284
   -1.361340
   -1.355081
   -1.349731
   -1.339137
   -1.325261
   -1.306570
   -1.286528
   -1.261080
   -1.232750
   -1.199048
   -1.208809
   -1.211636
   -1.194160
   -1.152220
   -1.071952
   -0.931300
   -0.708740
   -0.408763
   -1.185783
   -1.174537
   -1.145130
   -1.130010
   -1.119733
   -1.110845
   -1.100711
   -1.089726
   -1.076269
   -1.060550
   -1.039806
   -1.012370
   -0.984272
   -0.983870
   -0.978323
   -0.961282
   -0.930045
   -0.876325
   -0.777808
   -0.585416
   -0.326306
   -1.040960
   -1.053133
   -1.011891
   -1.039218
   -1.035948
   -1.031195
   -1.022507
   -1.010901
   -0.996242
   -0.980165
   -0.961689
   -0.939860
   -0.910167
   -0.924598
   -0.928139
   -0.911894
   -0.867863
   -0.790328
   -0.678352
   -0.507639
   -0.308212
   -0.931274
   -0.943493
   -0.938779
   -0.926768
   -0.918797
   -0.911853
   -0.903523
   -0.894410
   -0.883036
   -0.869712
   -0.851631
   -0.827469
   -0.800829
   -0.799463
   -0.794447
   -0.780353
   -0.753338
   -0.705772
   -0.621305
   -0.463787
   -0.254525
   -0.816939
   -0.840680
   -0.795215
   -0.801153
   -0.795803
   -0.791478
   -0.782251
   -0.771702
   -0.760177
   -0.748089
   -0.735062
   -0.716711
   -0.692081
   -0.705011
   -0.706870
   -0.689439
   -0.647969
   -0.589400
   -0.508118
   -0.374621
   -0.235388
   -0.715082
   -0.757346
   -0.773222
   -0.769583
   -0.763686
   -0.757796
   -0.750750
   -0.742715
   -0.732746
   -0.720482
   -0.704564
   -0.683839
   -0.659253
   -0.658451
   -0.653808
   -0.640986
   -0.616493
   -0.572336
   -0.497655
   -0.368683
   -0.203500
   -0.633533
   -0.672087
   -0.648632
   -0.645856
   -0.642423
   -0.636655
   -0.629538
   -0.621891
   -0.613209
   -0.602646
   -0.588760
   -0.569266
   -0.546454
   -0.551098
   -0.549050
   -0.534329
   -0.508282
   -0.467758
   -0.403092
   -0.292706
   -0.174068
   -0.533501
   -0.593059
   -0.601743
   -0.629391
   -0.629441
   -0.626583
   -0.621297
   -0.613324
   -0.602627
   -0.589309
   -0.573818
   -0.555075
   -0.531877
   -0.537076
   -0.536471
   -0.524864
   -0.497745
   -0.442799
   -0.362090
   -0.259522
   -0.157745
   -0.461323
   -0.517282
   -0.534728
   -0.536205
   -0.533725
   -0.529766
   -0.524700
   -0.518660
   -0.511238
   -0.501787
   -0.489323
   -0.472331
   -0.448955
   -0.448748
   -0.446728
   -0.436747
   -0.416852
   -0.381307
   -0.323485
   -0.233590
   -0.124014
   -0.386616
   -0.435207
   -0.444616
   -0.444293
   -0.442344
   -0.439019
   -0.434679
   -0.429498
   -0.423383
   -0.415378
   -0.404795
   -0.388640
   -0.368534
   -0.371351
   -0.368192
   -0.358816
   -0.341037
   -0.310596
   -0.260575
   -0.187920
   -0.089529
   -0.322027
   -0.348776
   -0.362544
   -0.363234
   -0.361884
   -0.359145
   -0.355555
   -0.350988
   -0.345879
   -0.339004
   -0.330057
   -0.315994
   -0.298400
   -0.303707
   -0.300530
   -0.291403
   -0.275631
   -0.249671
   -0.205591
   -0.143736
   -0.047382
   -0.260990
   -0.235801
   -0.277594
   -0.286821
   -0.287224
   -0.285391
   -0.282530
   -0.278649
   -0.274124
   -0.268711
   -0.261075
   -0.248397
   -0.227733
   -0.233075
   -0.234922
   -0.229030
   -0.216252
   -0.191697
   -0.147658
   -0.076965
    0.013652
   -0.211361
   -0.167371
   -0.128482
   -0.135818
   -0.136710
   -0.135645
   -0.134251
   -0.132262
   -0.130259
   -0.127417
   -0.123514
   -0.116766
   -0.103955
   -0.117843
   -0.111920
   -0.105603
   -0.098269
   -0.086541
   -0.061578
   -0.012892
    0.073147
