    2.949563
    3.863716
    5.771966
    6.421294
    6.898548
    7.060632
    7.030338
    6.732882
    6.909080
    6.997435
    6.811204
    6.366056
    5.936190
    6.246165
    6.970823
    7.314738
    7.041153
    7.231226
    7.378584
    6.289073
    4.288639
    2.316222
    2.616413
    1.164076
    1.217165
    1.199771
    1.172026
    1.135010
    1.054461
    1.011903
    1.005221
    1.005828
    1.038132
    1.243836
    1.505062
    1.607350
    1.642968
    1.536152
    1.192354
    1.152415
    1.252760
    1.926994
    1.677786
    0.995956
    0.501763
    0.499916
    0.498060
    0.496523
    0.494965
    0.493296
    0.492848
    0.491155
    0.489557
    0.488671
    0.492147
    0.507305
    0.522438
    0.544616
    0.567612
    0.583294
    0.574162
    0.504798
    0.523762
    1.151835
    0.381059
    0.253144
    0.252889
    0.251723
    0.250580
    0.249376
    0.248047
    0.246678
    0.245568
    0.243398
    0.241570
    0.242454
    0.254045
    0.268429
    0.284351
    0.299295
    0.308198
    0.300026
    0.244078
    0.158313
    0.772480
    0.206966
    0.149260
    0.148639
    0.147647
    0.146289
    0.144714
    0.143015
    0.141503
    0.140022
    0.138436
    0.136928
    0.139766
    0.152092
    0.164286
    0.173781
    0.181664
    0.186129
    0.177876
    0.132052
    0.068956
    0.526236
    0.143653
    0.110938
    0.113499
    0.113620
    0.112483
    0.110304
    0.107939
    0.105916
    0.104553
    0.103840
    0.103937
    0.107293
    0.120346
    0.134251
    0.142948
    0.144405
    0.140698
    0.129279
    0.093085
    0.044320
    0.192248
    0.111085
    0.106039
    0.104498
    0.103518
    0.102835
    0.102031
    0.101106
    0.099985
    0.098749
    0.097330
    0.095975
    0.096490
    0.103281
    0.112568
    0.121577
    0.128824
    0.131898
    0.122893
    0.087947
    0.029711
    0.109549
    0.094698
    0.087749
    0.085932
    0.085262
    0.084628
    0.083853
    0.083041
    0.082126
    0.081194
    0.080069
    0.078905
    0.079259
    0.084353
    0.090718
    0.096453
    0.100947
    0.102270
    0.094150
    0.063980
    0.025055
    0.088966
    0.084568
    0.083078
    0.084138
    0.083712
    0.083400
    0.082772
    0.081952
    0.080912
    0.079904
    0.078730
    0.077630
    0.077322
    0.081977
    0.088735
    0.095082
    0.099503
    0.099239
    0.088653
    0.061103
    0.023407
    0.076389
    0.075639
    0.074194
    0.073370
    0.072891
    0.072419
    0.071815
    0.071145
    0.070366
    0.069567
    0.068617
    0.067574
    0.067112
    0.070044
    0.074361
    0.078733
    0.081979
    0.081966
    0.074067
    0.049801
    0.020669
    0.068188
    0.069139
    0.067031
    0.068580
    0.068484
    0.068221
    0.067688
    0.066986
    0.066148
    0.065324
    0.064490
    0.063696
    0.063054
    0.066545
    0.071252
    0.075391
    0.077217
    0.074533
    0.064841
    0.043719
    0.019997
    0.062040
    0.063124
    0.063086
    0.062628
    0.062309
    0.061922
    0.061400
    0.060834
    0.060178
    0.059499
    0.058681
    0.057756
    0.057226
    0.059506
    0.062898
    0.066332
    0.068445
    0.067304
    0.059526
    0.039796
    0.017820
    0.055438
    0.057188
    0.054679
    0.055233
    0.055035
    0.054787
    0.054203
    0.053550
    0.052880
    0.052262
    0.051715
    0.051100
    0.050760
    0.053896
    0.057287
    0.059806
    0.060002
    0.057050
    0.048846
    0.031804
    0.016736
    0.049303
    0.052203
    0.053366
    0.053361
    0.053131
    0.052792
    0.052334
    0.051829
    0.051249
    0.050616
    0.049881
    0.049078
    0.048620
    0.050743
    0.053536
    0.056179
    0.057471
    0.055554
    0.047882
    0.031479
    0.014848
    0.044113
    0.046881
    0.045539
    0.045545
    0.045415
    0.045065
    0.044599
    0.044113
    0.043601
    0.043052
    0.042405
    0.041628
    0.041263
    0.043581
    0.045854
    0.047503
    0.048035
    0.046041
    0.039063
    0.024431
    0.012540
    0.037543
    0.041783
    0.042452
    0.044450
    0.044554
    0.044398
    0.044050
    0.043541
    0.042892
    0.042152
    0.041381
    0.040572
    0.040041
    0.042259
    0.044728
    0.046674
    0.047079
    0.043714
    0.035424
    0.021929
    0.011188
    0.032674
    0.036743
    0.038019
    0.038261
    0.038151
    0.037898
    0.037570
    0.037198
    0.036765
    0.036272
    0.035671
    0.034843
    0.034104
    0.035580
    0.037437
    0.038973
    0.039677
    0.038008
    0.031896
    0.019713
    0.008009
    0.027553
    0.031123
    0.031862
    0.031944
    0.031812
    0.031568
    0.031295
    0.031006
    0.030675
    0.030286
    0.029794
    0.028861
    0.028240
    0.029638
    0.030935
    0.032077
    0.032597
    0.031201
    0.025955
    0.015487
    0.004041
    0.023010
    0.025033
    0.026080
    0.026190
    0.026062
    0.025833
    0.025612
    0.025379
    0.025124
    0.024816
    0.024422
    0.023619
    0.023033
    0.024385
    0.025404
    0.026212
    0.026475
    0.025044
    0.019952
    0.010082
   -0.000777
    0.018679
    0.016914
    0.019936
    0.020637
    0.020627
    0.020456
    0.020278
    0.020087
    0.019862
    0.019640
    0.019311
    0.018770
    0.017827
    0.018971
    0.020163
    0.020879
    0.020905
    0.018916
    0.012701
    0.001504
   -0.005619
    0.015130
    0.011972
    0.009147
    0.009680
    0.009719
    0.009625
    0.009534
    0.009440
    0.009351
    0.009233
    0.009073
    0.008986
    0.008394
    0.009894
    0.009967
    0.009948
    0.009722
    0.008386
    0.004114
   -0.001800
   -0.008685
