    0.757652
    1.104012
    1.851102
    2.110248
    2.305232
    2.384511
    2.392332
    2.300470
    2.401340
    2.475717
    2.447767
    2.320901
    2.205395
    2.410519
    2.832345
    3.123908
    3.154321
    3.448458
    3.791394
    3.545338
    2.692624
    0.516760
    0.617999
    0.045925
    0.069704
    0.065618
    0.058712
    0.048697
    0.022020
    0.011741
    0.017856
    0.029058
    0.056907
    0.165257
    0.301774
    0.376838
    0.431530
    0.424570
    0.299128
    0.339844
    0.500381
    1.105509
    0.284066
    0.000885
   -0.194544
   -0.196163
   -0.194964
   -0.192717
   -0.190028
   -0.186635
   -0.181863
   -0.176326
   -0.169411
   -0.160227
   -0.146617
   -0.129505
   -0.108746
   -0.079809
   -0.044671
   -0.005836
    0.031351
    0.059412
    0.176543
    0.102293
   -0.200061
   -0.248845
   -0.249185
   -0.247888
   -0.246074
   -0.243978
   -0.241508
   -0.238347
   -0.234353
   -0.229464
   -0.223085
   -0.213548
   -0.201627
   -0.185787
   -0.165529
   -0.141424
   -0.114756
   -0.088150
   -0.068561
   -0.042346
   -0.012578
   -0.223573
   -0.232196
   -0.232224
   -0.230944
   -0.229362
   -0.227569
   -0.225588
   -0.223155
   -0.220136
   -0.216230
   -0.211007
   -0.203187
   -0.194778
   -0.183315
   -0.168373
   -0.151053
   -0.131638
   -0.112053
   -0.096428
   -0.075227
   -0.075800
   -0.208236
   -0.194810
   -0.199933
   -0.199727
   -0.198009
   -0.195242
   -0.192279
   -0.189347
   -0.186609
   -0.183864
   -0.180766
   -0.176256
   -0.173890
   -0.166754
   -0.153248
   -0.135386
   -0.116715
   -0.100313
   -0.086843
   -0.076097
   -0.165989
   -0.185801
   -0.188436
   -0.191161
   -0.190017
   -0.188751
   -0.187316
   -0.185735
   -0.183625
   -0.180906
   -0.177431
   -0.173255
   -0.167417
   -0.161786
   -0.153136
   -0.141852
   -0.128646
   -0.113598
   -0.098201
   -0.084705
   -0.065403
   -0.162884
   -0.162090
   -0.153013
   -0.152195
   -0.151088
   -0.149839
   -0.148413
   -0.146996
   -0.145245
   -0.143094
   -0.140210
   -0.136267
   -0.131334
   -0.127902
   -0.122102
   -0.113275
   -0.102799
   -0.091472
   -0.079879
   -0.068015
   -0.051740
   -0.145421
   -0.144047
   -0.142684
   -0.147732
   -0.147282
   -0.146807
   -0.145713
   -0.144244
   -0.142157
   -0.139816
   -0.136780
   -0.133187
   -0.128079
   -0.125364
   -0.119902
   -0.111639
   -0.101206
   -0.088753
   -0.075431
   -0.063251
   -0.047067
   -0.126379
   -0.125950
   -0.122809
   -0.121233
   -0.120119
   -0.119195
   -0.118111
   -0.116926
   -0.115394
   -0.113502
   -0.110947
   -0.107375
   -0.103157
   -0.100350
   -0.095671
   -0.089142
   -0.081330
   -0.072726
   -0.063590
   -0.053163
   -0.035946
   -0.110976
   -0.112441
   -0.107807
   -0.110938
   -0.110600
   -0.110139
   -0.109211
   -0.107941
   -0.106260
   -0.104322
   -0.102015
   -0.099107
   -0.094777
   -0.093866
   -0.090302
   -0.084089
   -0.075416
   -0.065210
   -0.055296
   -0.045439
   -0.033488
   -0.098830
   -0.100185
   -0.099579
   -0.098201
   -0.097291
   -0.096573
   -0.095672
   -0.094665
   -0.093340
   -0.091700
   -0.089418
   -0.086220
   -0.082239
   -0.079850
   -0.076038
   -0.070753
   -0.064521
   -0.057753
   -0.050561
   -0.041542
   -0.026222
   -0.086234
   -0.088726
   -0.083580
   -0.084252
   -0.083670
   -0.083236
   -0.082234
   -0.081051
   -0.079702
   -0.078196
   -0.076474
   -0.073916
   -0.070047
   -0.069284
   -0.066607
   -0.061573
   -0.054631
   -0.047616
   -0.041199
   -0.033398
   -0.023831
   -0.075050
   -0.079495
   -0.081141
   -0.080749
   -0.080109
   -0.079504
   -0.078743
   -0.077836
   -0.076658
   -0.075133
   -0.073097
   -0.070307
   -0.066560
   -0.064419
   -0.061198
   -0.056809
   -0.051685
   -0.046123
   -0.040331
   -0.032706
   -0.019931
   -0.066235
   -0.070171
   -0.067520
   -0.067272
   -0.066933
   -0.066337
   -0.065570
   -0.064699
   -0.063663
   -0.062331
   -0.060518
   -0.057837
   -0.054243
   -0.052907
   -0.050617
   -0.046823
   -0.042184
   -0.037402
   -0.032763
   -0.026261
   -0.016973
   -0.055570
   -0.061669
   -0.062527
   -0.065509
   -0.065542
   -0.065258
   -0.064689
   -0.063785
   -0.062536
   -0.060917
   -0.058948
   -0.056397
   -0.052907
   -0.051733
   -0.049518
   -0.045988
   -0.041299
   -0.035418
   -0.029564
   -0.023340
   -0.015443
   -0.047973
   -0.053658
   -0.055406
   -0.055588
   -0.055354
   -0.054946
   -0.054394
   -0.053695
   -0.052800
   -0.051603
   -0.049967
   -0.047615
   -0.044253
   -0.042865
   -0.041015
   -0.038191
   -0.034559
   -0.030507
   -0.026612
   -0.021213
   -0.012847
   -0.040161
   -0.045125
   -0.046074
   -0.046032
   -0.045830
   -0.045473
   -0.044982
   -0.044374
   -0.043624
   -0.042594
   -0.041167
   -0.038920
   -0.035952
   -0.035183
   -0.033706
   -0.031399
   -0.028376
   -0.025058
   -0.022063
   -0.017724
   -0.010869
   -0.033470
   -0.036217
   -0.037668
   -0.037703
   -0.037548
   -0.037241
   -0.036821
   -0.036281
   -0.035650
   -0.034763
   -0.033532
   -0.031570
   -0.028951
   -0.028622
   -0.027429
   -0.025449
   -0.022919
   -0.020271
   -0.018192
   -0.014878
   -0.009157
   -0.027147
   -0.024557
   -0.028924
   -0.029861
   -0.029887
   -0.029674
   -0.029333
   -0.028875
   -0.028324
   -0.027619
   -0.026570
   -0.024839
   -0.022062
   -0.021862
   -0.021336
   -0.019855
   -0.017820
   -0.015565
   -0.013901
   -0.010849
   -0.007185
   -0.022006
   -0.017460
   -0.013454
   -0.014228
   -0.014319
   -0.014198
   -0.014033
   -0.013802
   -0.013555
   -0.013193
   -0.012657
   -0.011706
   -0.010020
   -0.010958
   -0.010116
   -0.009070
   -0.008007
   -0.007146
   -0.006721
   -0.004196
   -0.004178
