   -3.368268
   -4.114592
   -5.602748
   -6.070943
   -6.401803
   -6.471628
   -6.384354
   -6.079440
   -6.113390
   -6.056416
   -5.775411
   -5.287938
   -4.793239
   -4.795602
   -4.951995
   -4.762004
   -4.155034
   -3.653412
   -2.917172
   -1.541213
   -0.232689
   -2.854058
   -3.134653
   -2.008416
   -2.038810
   -2.014931
   -1.980339
   -1.937330
   -1.859213
   -1.806755
   -1.775712
   -1.743837
   -1.723734
   -1.800933
   -1.906424
   -1.885643
   -1.796294
   -1.612238
   -1.320148
   -1.127310
   -0.856459
   -0.386434
   -2.307200
   -1.820333
   -1.436597
   -1.435425
   -1.427425
   -1.417667
   -1.406735
   -1.393707
   -1.379123
   -1.360047
   -1.337164
   -1.308911
   -1.276201
   -1.256535
   -1.226096
   -1.185481
   -1.128842
   -1.048288
   -0.926811
   -0.722859
   -0.436753
   -1.829439
   -1.227756
   -1.124031
   -1.123295
   -1.116995
   -1.109610
   -1.101347
   -1.091908
   -1.080516
   -1.067299
   -1.049592
   -1.028346
   -1.003176
   -0.991281
   -0.973303
   -0.945785
   -0.905873
   -0.848048
   -0.760000
   -0.607327
   -0.387294
   -1.440520
   -0.968957
   -0.885522
   -0.883975
   -0.878444
   -0.871484
   -0.863567
   -0.854996
   -0.845576
   -0.834623
   -0.821061
   -0.804131
   -0.787675
   -0.786686
   -0.776856
   -0.752586
   -0.719012
   -0.673816
   -0.606142
   -0.484272
   -0.319150
   -1.157195
   -0.809797
   -0.712594
   -0.731199
   -0.730778
   -0.723900
   -0.712318
   -0.699926
   -0.688318
   -0.678472
   -0.669836
   -0.661816
   -0.655500
   -0.672279
   -0.677400
   -0.655789
   -0.609449
   -0.551991
   -0.487845
   -0.389572
   -0.278171
   -0.785644
   -0.688626
   -0.686254
   -0.690725
   -0.685742
   -0.680944
   -0.675535
   -0.669569
   -0.661874
   -0.652340
   -0.640459
   -0.626891
   -0.611880
   -0.608489
   -0.601162
   -0.586256
   -0.563126
   -0.527794
   -0.470806
   -0.374665
   -0.223552
   -0.624643
   -0.594415
   -0.556996
   -0.551503
   -0.547253
   -0.542611
   -0.537351
   -0.532074
   -0.525783
   -0.518408
   -0.508753
   -0.496232
   -0.483550
   -0.483183
   -0.478541
   -0.464637
   -0.444191
   -0.416043
   -0.371106
   -0.288028
   -0.178613
   -0.539848
   -0.527474
   -0.520966
   -0.536342
   -0.534270
   -0.532284
   -0.528188
   -0.522765
   -0.515355
   -0.507341
   -0.497191
   -0.485723
   -0.471416
   -0.472219
   -0.469144
   -0.457840
   -0.437414
   -0.403520
   -0.349686
   -0.270220
   -0.163166
   -0.466007
   -0.462963
   -0.451828
   -0.446122
   -0.442151
   -0.438718
   -0.434740
   -0.430380
   -0.424945
   -0.418537
   -0.410113
   -0.398821
   -0.386717
   -0.384337
   -0.379183
   -0.369162
   -0.353790
   -0.330709
   -0.292775
   -0.223727
   -0.128569
   -0.410246
   -0.415488
   -0.399381
   -0.410342
   -0.409078
   -0.407269
   -0.403845
   -0.399218
   -0.393293
   -0.386727
   -0.379175
   -0.370085
   -0.357398
   -0.361027
   -0.359517
   -0.349948
   -0.329859
   -0.297938
   -0.254799
   -0.192534
   -0.120802
   -0.367200
   -0.372379
   -0.370594
   -0.366040
   -0.362825
   -0.360143
   -0.356838
   -0.353167
   -0.348516
   -0.343007
   -0.335566
   -0.325480
   -0.313957
   -0.311549
   -0.307135
   -0.298847
   -0.285779
   -0.265672
   -0.233039
   -0.175358
   -0.097514
   -0.322258
   -0.331741
   -0.313745
   -0.316298
   -0.314141
   -0.312482
   -0.308808
   -0.304547
   -0.299827
   -0.294789
   -0.289315
   -0.281474
   -0.270615
   -0.273939
   -0.272525
   -0.263353
   -0.245162
   -0.221311
   -0.189870
   -0.139809
   -0.089206
   -0.282040
   -0.298739
   -0.305034
   -0.303807
   -0.301424
   -0.299146
   -0.296333
   -0.293063
   -0.288957
   -0.283844
   -0.277223
   -0.268451
   -0.257719
   -0.255659
   -0.251779
   -0.244528
   -0.233036
   -0.214806
   -0.185917
   -0.137394
   -0.075467
   -0.249809
   -0.264970
   -0.255659
   -0.254760
   -0.253396
   -0.251144
   -0.248298
   -0.245175
   -0.241580
   -0.237134
   -0.231280
   -0.222880
   -0.212755
   -0.213090
   -0.210756
   -0.203405
   -0.191933
   -0.175663
   -0.150821
   -0.108062
   -0.063576
   -0.210334
   -0.233730
   -0.237149
   -0.248248
   -0.248262
   -0.247161
   -0.245040
   -0.241789
   -0.237400
   -0.231874
   -0.225399
   -0.217311
   -0.207178
   -0.207777
   -0.205953
   -0.199794
   -0.187980
   -0.166522
   -0.136191
   -0.095924
   -0.057165
   -0.181886
   -0.203851
   -0.210696
   -0.211418
   -0.210451
   -0.208899
   -0.206861
   -0.204380
   -0.201296
   -0.197318
   -0.192017
   -0.184512
   -0.174404
   -0.173164
   -0.171210
   -0.166200
   -0.157696
   -0.143975
   -0.122365
   -0.086389
   -0.044784
   -0.152463
   -0.171574
   -0.175297
   -0.175244
   -0.174495
   -0.173178
   -0.171421
   -0.169290
   -0.166738
   -0.163366
   -0.158790
   -0.151556
   -0.142745
   -0.142994
   -0.140991
   -0.136646
   -0.129464
   -0.118179
   -0.100032
   -0.069583
   -0.032543
   -0.127042
   -0.137602
   -0.143091
   -0.143387
   -0.142872
   -0.141772
   -0.140313
   -0.138436
   -0.136299
   -0.133405
   -0.129498
   -0.123285
   -0.115538
   -0.116895
   -0.115063
   -0.110989
   -0.104693
   -0.094976
   -0.078716
   -0.051969
   -0.019406
   -0.103004
   -0.093114
   -0.109663
   -0.113328
   -0.113493
   -0.112734
   -0.111575
   -0.109981
   -0.108093
   -0.105807
   -0.102483
   -0.097159
   -0.088364
   -0.089794
   -0.089911
   -0.086998
   -0.081556
   -0.071536
   -0.053433
   -0.025052
   -0.005695
   -0.083446
   -0.066119
   -0.050830
   -0.053770
   -0.054111
   -0.053645
   -0.053098
   -0.052287
   -0.051447
   -0.050258
   -0.048575
   -0.045860
   -0.040424
   -0.045439
   -0.042762
   -0.039814
   -0.036438
   -0.031089
   -0.020115
   -0.004048
    0.006810
