   -8.976866
  -11.243388
  -15.842027
  -17.288698
  -18.330054
  -18.596456
  -18.391831
  -17.533474
  -17.740678
  -17.693942
  -16.972800
  -15.626577
  -14.273057
  -14.570481
  -15.517175
  -15.458389
  -14.048399
  -13.230469
  -11.907205
   -8.278290
   -4.051740
   -7.412324
   -8.222667
   -4.727469
   -4.830208
   -4.764803
   -4.671205
   -4.553283
   -4.327789
   -4.187123
   -4.120856
   -4.059259
   -4.049016
   -4.381247
   -4.825782
   -4.880967
   -4.743150
   -4.291314
   -3.419658
   -3.016589
   -2.597938
   -2.314717
   -5.782739
   -4.220441
   -3.024941
   -3.016791
   -2.998099
   -2.977816
   -2.955603
   -2.929448
   -2.901610
   -2.864189
   -2.819527
   -2.765382
   -2.706389
   -2.684695
   -2.641268
   -2.584693
   -2.498586
   -2.361381
   -2.127564
   -1.696066
   -1.205975
   -4.391428
   -2.528320
   -2.212214
   -2.208605
   -2.194740
   -2.179863
   -2.163538
   -2.145009
   -2.122955
   -2.097768
   -2.063291
   -2.022550
   -1.976984
   -1.965906
   -1.945184
   -1.908039
   -1.847262
   -1.748793
   -1.582012
   -1.263067
   -0.807567
   -3.309031
   -1.887428
   -1.679454
   -1.675588
   -1.664000
   -1.650069
   -1.634375
   -1.617452
   -1.599288
   -1.578372
   -1.552631
   -1.520832
   -1.493719
   -1.502781
   -1.495140
   -1.458834
   -1.404449
   -1.326797
   -1.199719
   -0.948693
   -0.611250
   -2.551671
   -1.538922
   -1.332399
   -1.368377
   -1.367289
   -1.353909
   -1.331261
   -1.307075
   -1.284737
   -1.266165
   -1.250369
   -1.236397
   -1.228179
   -1.269503
   -1.290235
   -1.258397
   -1.176174
   -1.070383
   -0.948208
   -0.748602
   -0.518056
   -1.548350
   -1.290548
   -1.280740
   -1.287385
   -1.277091
   -1.267904
   -1.257643
   -1.246349
   -1.231903
   -1.214068
   -1.191884
   -1.166752
   -1.140516
   -1.140250
   -1.134652
   -1.115258
   -1.079839
   -1.019688
   -0.912610
   -0.717837
   -0.409466
   -1.178008
   -1.107800
   -1.034567
   -1.023323
   -1.014993
   -1.006251
   -0.996378
   -0.986511
   -0.974867
   -0.961297
   -0.943526
   -0.920691
   -0.898873
   -0.902519
   -0.899375
   -0.879253
   -0.846589
   -0.798056
   -0.713492
   -0.546273
   -0.326971
   -1.007954
   -0.980455
   -0.967303
   -0.995169
   -0.990853
   -0.987062
   -0.979382
   -0.969264
   -0.955559
   -0.940816
   -0.922143
   -0.901233
   -0.875984
   -0.881334
   -0.881223
   -0.866202
   -0.833590
   -0.773838
   -0.671930
   -0.513144
   -0.298676
   -0.866494
   -0.859368
   -0.838309
   -0.827443
   -0.820020
   -0.813601
   -0.806201
   -0.798131
   -0.788172
   -0.776507
   -0.761156
   -0.740760
   -0.719519
   -0.717912
   -0.712296
   -0.698110
   -0.673650
   -0.633286
   -0.561556
   -0.423750
   -0.236950
   -0.761788
   -0.771084
   -0.741135
   -0.761216
   -0.758878
   -0.755458
   -0.749096
   -0.740556
   -0.729709
   -0.717770
   -0.704056
   -0.687743
   -0.665380
   -0.674677
   -0.675723
   -0.662184
   -0.628542
   -0.571031
   -0.489451
   -0.366502
   -0.223317
   -0.681849
   -0.691139
   -0.687803
   -0.679189
   -0.673378
   -0.668337
   -0.662211
   -0.655469
   -0.647002
   -0.637051
   -0.623588
   -0.605519
   -0.585368
   -0.583248
   -0.578288
   -0.566535
   -0.545460
   -0.509793
   -0.448097
   -0.334405
   -0.182751
   -0.598429
   -0.615943
   -0.582692
   -0.587227
   -0.583349
   -0.580204
   -0.573404
   -0.565593
   -0.557003
   -0.547940
   -0.538138
   -0.524285
   -0.505528
   -0.513935
   -0.514143
   -0.500144
   -0.468733
   -0.425208
   -0.365727
   -0.268678
   -0.168242
   -0.523921
   -0.554911
   -0.566584
   -0.564109
   -0.559837
   -0.555545
   -0.550337
   -0.544363
   -0.536908
   -0.527712
   -0.515787
   -0.500200
   -0.481546
   -0.479909
   -0.475400
   -0.464813
   -0.445818
   -0.412800
   -0.358110
   -0.264259
   -0.144135
   -0.464193
   -0.492424
   -0.475240
   -0.473390
   -0.470932
   -0.466718
   -0.461447
   -0.455748
   -0.449231
   -0.441266
   -0.430777
   -0.416000
   -0.398550
   -0.401033
   -0.398648
   -0.386917
   -0.366964
   -0.336668
   -0.289184
   -0.208189
   -0.122073
   -0.390942
   -0.434522
   -0.440893
   -0.461314
   -0.461414
   -0.459335
   -0.455406
   -0.449466
   -0.441474
   -0.431493
   -0.419839
   -0.405611
   -0.387964
   -0.390865
   -0.389498
   -0.380019
   -0.359290
   -0.318515
   -0.259332
   -0.183664
   -0.109971
   -0.338095
   -0.379038
   -0.391803
   -0.393026
   -0.391263
   -0.388364
   -0.384592
   -0.380062
   -0.374471
   -0.367329
   -0.357877
   -0.344821
   -0.327057
   -0.326111
   -0.323851
   -0.315723
   -0.300385
   -0.273776
   -0.231231
   -0.164540
   -0.085465
   -0.283403
   -0.318990
   -0.325902
   -0.325791
   -0.324394
   -0.321935
   -0.318688
   -0.314784
   -0.310158
   -0.304092
   -0.296034
   -0.283456
   -0.268046
   -0.269470
   -0.266539
   -0.259013
   -0.245372
   -0.222561
   -0.185680
   -0.130870
   -0.061690
   -0.236113
   -0.255750
   -0.265900
   -0.266504
   -0.265529
   -0.263485
   -0.260781
   -0.257338
   -0.253463
   -0.248249
   -0.241439
   -0.230460
   -0.216922
   -0.220267
   -0.217442
   -0.210254
   -0.198270
   -0.178817
   -0.146246
   -0.098356
   -0.033561
   -0.191405
   -0.172988
   -0.203686
   -0.210529
   -0.210832
   -0.209451
   -0.207285
   -0.204366
   -0.200940
   -0.196825
   -0.191032
   -0.181371
   -0.165714
   -0.169160
   -0.170094
   -0.165398
   -0.155844
   -0.137567
   -0.105191
   -0.050433
    0.007122
   -0.155037
   -0.122806
   -0.094312
   -0.099741
   -0.100400
   -0.099606
   -0.098554
   -0.097064
   -0.095548
   -0.093393
   -0.090447
   -0.085496
   -0.075808
   -0.085694
   -0.081251
   -0.076519
   -0.071293
   -0.062592
   -0.044513
   -0.008488
    0.044740
