  -15.130890
  -19.099099
  -27.180702
  -29.692225
  -31.506789
  -31.981255
  -31.638354
  -30.159887
  -30.548661
  -30.501564
  -29.281230
  -26.971961
  -24.654054
  -25.294305
  -27.121527
  -27.210334
  -24.908082
  -23.716170
  -21.691179
  -15.517538
   -8.089281
  -12.390814
  -13.792699
   -7.639813
   -7.820754
   -7.705906
   -7.544732
   -7.341829
   -6.950084
   -6.710134
   -6.604343
   -6.509158
   -6.509772
   -7.126662
   -7.955343
   -8.098639
   -7.909368
   -7.158362
   -5.639230
   -5.000764
   -4.416800
   -4.334608
   -9.550988
   -6.780940
   -4.671049
   -4.651917
   -4.620048
   -4.587831
   -4.553160
   -4.512696
   -4.470625
   -4.413499
   -4.345125
   -4.263231
   -4.176018
   -4.154650
   -4.098616
   -4.026291
   -3.909708
   -3.712085
   -3.356567
   -2.682056
   -1.987856
   -7.140911
   -3.862309
   -3.308241
   -3.299733
   -3.276967
   -3.253928
   -3.229062
   -3.201006
   -3.167933
   -3.130448
   -3.078357
   -3.017536
   -2.951028
   -2.942561
   -2.920055
   -2.873935
   -2.792365
   -2.652043
   -2.402899
   -1.911728
   -1.221763
   -5.289306
   -2.803882
   -2.459823
   -2.452865
   -2.434581
   -2.413291
   -2.389579
   -2.364131
   -2.337219
   -2.306395
   -2.268362
   -2.221753
   -2.184624
   -2.205444
   -2.200911
   -2.152971
   -2.077988
   -1.967771
   -1.780421
   -1.399369
   -0.894518
   -4.009005
   -2.253617
   -1.931537
   -1.985388
   -1.983447
   -1.963347
   -1.929437
   -1.893336
   -1.860349
   -1.833295
   -1.810625
   -1.791220
   -1.782037
   -1.849565
   -1.887089
   -1.845659
   -1.727655
   -1.573519
   -1.393510
   -1.094078
   -0.749290
   -2.308561
   -1.872468
   -1.853866
   -1.862412
   -1.846514
   -1.832815
   -1.817746
   -1.801246
   -1.780297
   -1.754464
   -1.722220
   -1.685904
   -1.649063
   -1.652986
   -1.649837
   -1.626770
   -1.579932
   -1.495740
   -1.339225
   -1.047581
   -0.588231
   -1.713672
   -1.599627
   -1.489691
   -1.472715
   -1.460250
   -1.447384
   -1.433019
   -1.418772
   -1.402115
   -1.382762
   -1.357313
   -1.324791
   -1.294832
   -1.303287
   -1.302274
   -1.276773
   -1.232950
   -1.165266
   -1.042517
   -0.794223
   -0.470661
   -1.456147
   -1.411873
   -1.391745
   -1.431786
   -1.425142
   -1.419494
   -1.408350
   -1.393764
   -1.374131
   -1.353084
   -1.326335
   -1.296594
   -1.261300
   -1.272000
   -1.275455
   -1.257566
   -1.213879
   -1.129691
   -0.981590
   -0.746787
   -0.430404
   -1.247159
   -1.235028
   -1.203973
   -1.188028
   -1.177190
   -1.167830
   -1.157183
   -1.145656
   -1.131549
   -1.115073
   -1.093308
   -1.064548
   -1.035184
   -1.035084
   -1.029599
   -1.012067
   -0.979597
   -0.923381
   -0.819787
   -0.617018
   -0.344124
   -1.094493
   -1.107181
   -1.063743
   -1.092481
   -1.089026
   -1.084021
   -1.074899
   -1.062722
   -1.047355
   -1.030505
   -1.011130
   -0.988273
   -0.957221
   -0.972713
   -0.976785
   -0.960080
   -0.914124
   -0.832818
   -0.715112
   -0.535417
   -0.325224
   -0.979042
   -0.991785
   -0.986798
   -0.974146
   -0.965752
   -0.958449
   -0.949709
   -0.940161
   -0.928254
   -0.914306
   -0.895360
   -0.870062
   -0.842228
   -0.841072
   -0.836089
   -0.821605
   -0.793536
   -0.743779
   -0.655070
   -0.489367
   -0.269188
   -0.858732
   -0.883646
   -0.835828
   -0.842054
   -0.836424
   -0.831880
   -0.822198
   -0.811145
   -0.799083
   -0.786439
   -0.772817
   -0.753639
   -0.727937
   -0.741795
   -0.744012
   -0.725981
   -0.682677
   -0.621333
   -0.536047
   -0.395908
   -0.249253
   -0.751615
   -0.796023
   -0.812703
   -0.808857
   -0.802653
   -0.796463
   -0.789076
   -0.780668
   -0.770243
   -0.757415
   -0.740754
   -0.719079
   -0.693404
   -0.692825
   -0.688195
   -0.675004
   -0.649559
   -0.603379
   -0.525044
   -0.389690
   -0.216009
   -0.665888
   -0.706398
   -0.681739
   -0.678805
   -0.675194
   -0.669138
   -0.661677
   -0.653679
   -0.644608
   -0.633569
   -0.619060
   -0.598697
   -0.574912
   -0.580018
   -0.578061
   -0.562825
   -0.535735
   -0.493379
   -0.425650
   -0.310140
   -0.185319
   -0.560739
   -0.623333
   -0.632457
   -0.661501
   -0.661550
   -0.658552
   -0.653017
   -0.644675
   -0.633486
   -0.619550
   -0.603352
   -0.583776
   -0.559563
   -0.565254
   -0.564822
   -0.552865
   -0.524650
   -0.467119
   -0.382536
   -0.275420
   -0.168256
   -0.484874
   -0.543689
   -0.562024
   -0.563563
   -0.560954
   -0.556802
   -0.551503
   -0.545187
   -0.537439
   -0.527564
   -0.514552
   -0.496836
   -0.472430
   -0.472406
   -0.470440
   -0.460159
   -0.439550
   -0.402428
   -0.341947
   -0.248274
   -0.132868
   -0.406352
   -0.457424
   -0.467311
   -0.466958
   -0.464910
   -0.461427
   -0.456898
   -0.451473
   -0.445092
   -0.436729
   -0.425689
   -0.408877
   -0.387918
   -0.391028
   -0.387800
   -0.378114
   -0.359745
   -0.327959
   -0.275701
   -0.200456
   -0.096260
   -0.338465
   -0.366580
   -0.381047
   -0.381757
   -0.380340
   -0.377474
   -0.373734
   -0.368948
   -0.363614
   -0.356432
   -0.347097
   -0.332470
   -0.314145
   -0.319852
   -0.316545
   -0.307031
   -0.290791
   -0.263667
   -0.217599
   -0.153990
   -0.051039
   -0.274311
   -0.247836
   -0.291759
   -0.301442
   -0.301866
   -0.299953
   -0.296968
   -0.292906
   -0.288175
   -0.282525
   -0.274548
   -0.261323
   -0.239740
   -0.245482
   -0.247441
   -0.241139
   -0.228047
   -0.202390
   -0.156121
   -0.083057
    0.014850
   -0.222149
   -0.175913
   -0.135035
   -0.142734
   -0.143671
   -0.142557
   -0.141091
   -0.139018
   -0.136923
   -0.133954
   -0.129870
   -0.122799
   -0.109411
   -0.124104
   -0.117882
   -0.110895
   -0.103426
   -0.091272
   -0.064805
   -0.013837
    0.080102
