   -5.164595
   -6.394030
   -8.870695
   -9.653840
  -10.213061
  -10.346676
  -10.222923
   -9.742284
   -9.832931
   -9.780822
   -9.361320
   -8.601752
   -7.835601
   -7.931371
   -8.341271
   -8.195244
   -7.334438
   -6.737191
   -5.820230
   -3.726455
   -1.477445
   -4.316572
   -4.765667
   -2.887233
   -2.941026
   -2.904298
   -2.851124
   -2.784449
   -2.659669
   -2.579298
   -2.537150
   -2.495990
   -2.479172
   -2.637995
   -2.851133
   -2.854646
   -2.750238
   -2.481650
   -2.005417
   -1.745957
   -1.427583
   -1.017095
   -3.425439
   -2.597237
   -1.956181
   -1.953122
   -1.941886
   -1.928818
   -1.914303
   -1.897092
   -1.878277
   -1.853350
   -1.823541
   -1.786997
   -1.745990
   -1.725534
   -1.690998
   -1.645448
   -1.579651
   -1.481277
   -1.323837
   -1.045511
   -0.690823
   -2.656931
   -1.654773
   -1.483582
   -1.482053
   -1.473423
   -1.463652
   -1.452792
   -1.440417
   -1.425571
   -1.408493
   -1.385381
   -1.357834
   -1.326057
   -1.314361
   -1.295552
   -1.265040
   -1.218547
   -1.147731
   -1.034088
   -0.826286
   -0.527362
   -2.046838
   -1.273412
   -1.150016
   -1.147709
   -1.140278
   -1.131070
   -1.120618
   -1.109319
   -1.097032
   -1.082832
   -1.065304
   -1.043536
   -1.023523
   -1.025800
   -1.016728
   -0.988609
   -0.948335
   -0.892573
   -0.805249
   -0.640075
   -0.417005
   -1.612002
   -1.052928
   -0.920202
   -0.944440
   -0.943860
   -0.934866
   -0.919652
   -0.903383
   -0.888237
   -0.875523
   -0.864540
   -0.854569
   -0.847555
   -0.872400
   -0.882686
   -0.857777
   -0.799712
   -0.726360
   -0.642850
   -0.510364
   -0.358742
   -1.038539
   -0.890242
   -0.885551
   -0.890706
   -0.884045
   -0.877819
   -0.870808
   -0.863078
   -0.853145
   -0.840875
   -0.825610
   -0.808241
   -0.789470
   -0.787106
   -0.780386
   -0.764051
   -0.736930
   -0.693420
   -0.619661
   -0.490206
   -0.286175
   -0.809905
   -0.766868
   -0.717676
   -0.710246
   -0.704686
   -0.698696
   -0.691901
   -0.685093
   -0.677010
   -0.667577
   -0.655241
   -0.639294
   -0.623518
   -0.624482
   -0.620360
   -0.604433
   -0.579992
   -0.545117
   -0.486854
   -0.375241
   -0.228656
   -0.697111
   -0.679911
   -0.671233
   -0.690758
   -0.687985
   -0.685414
   -0.680124
   -0.673133
   -0.663615
   -0.653364
   -0.640392
   -0.625787
   -0.607793
   -0.610101
   -0.608042
   -0.595545
   -0.571126
   -0.528654
   -0.458637
   -0.352252
   -0.208892
   -0.600855
   -0.596560
   -0.582140
   -0.574723
   -0.569607
   -0.565182
   -0.560059
   -0.554452
   -0.547494
   -0.539325
   -0.528595
   -0.514251
   -0.499047
   -0.496907
   -0.491606
   -0.480216
   -0.461845
   -0.433029
   -0.383681
   -0.291248
   -0.165042
   -0.528769
   -0.535424
   -0.514689
   -0.528735
   -0.527108
   -0.524766
   -0.520359
   -0.514416
   -0.506833
   -0.498462
   -0.488852
   -0.477332
   -0.461363
   -0.466877
   -0.466233
   -0.455351
   -0.430732
   -0.390218
   -0.333981
   -0.250905
   -0.155213
   -0.473349
   -0.479957
   -0.477666
   -0.471785
   -0.467675
   -0.464205
   -0.459954
   -0.455247
   -0.449309
   -0.442301
   -0.432837
   -0.420049
   -0.405590
   -0.403247
   -0.398640
   -0.389186
   -0.373425
   -0.348091
   -0.305496
   -0.228525
   -0.125753
   -0.415487
   -0.427694
   -0.404564
   -0.407809
   -0.405051
   -0.402899
   -0.398177
   -0.392717
   -0.386693
   -0.380292
   -0.373361
   -0.363466
   -0.349909
   -0.354920
   -0.354046
   -0.343247
   -0.320601
   -0.290145
   -0.248998
   -0.182284
   -0.115154
   -0.363729
   -0.385251
   -0.393361
   -0.391737
   -0.388694
   -0.385746
   -0.382132
   -0.377946
   -0.372712
   -0.366216
   -0.357808
   -0.346706
   -0.333272
   -0.331319
   -0.327215
   -0.318842
   -0.304828
   -0.281650
   -0.243822
   -0.179191
   -0.097599
   -0.322232
   -0.341801
   -0.329828
   -0.328612
   -0.326874
   -0.323972
   -0.320316
   -0.316322
   -0.311745
   -0.306107
   -0.298685
   -0.288085
   -0.275462
   -0.276503
   -0.274158
   -0.265373
   -0.251136
   -0.230335
   -0.197717
   -0.140671
   -0.082043
   -0.271369
   -0.301576
   -0.305980
   -0.320223
   -0.320263
   -0.318844
   -0.316120
   -0.311961
   -0.306361
   -0.299329
   -0.291101
   -0.280890
   -0.268205
   -0.269555
   -0.267891
   -0.260661
   -0.245958
   -0.218302
   -0.178411
   -0.124620
   -0.073599
   -0.234693
   -0.263071
   -0.271898
   -0.272773
   -0.271554
   -0.269568
   -0.266950
   -0.263783
   -0.259860
   -0.254811
   -0.248090
   -0.238645
   -0.225958
   -0.224807
   -0.222784
   -0.216831
   -0.206259
   -0.188634
   -0.160162
   -0.112010
   -0.056931
   -0.196744
   -0.221436
   -0.226225
   -0.226117
   -0.225185
   -0.223514
   -0.221253
   -0.218536
   -0.215295
   -0.211009
   -0.205217
   -0.196137
   -0.185120
   -0.185772
   -0.183520
   -0.178265
   -0.169250
   -0.154678
   -0.130690
   -0.089845
   -0.040388
   -0.163935
   -0.177581
   -0.184630
   -0.184973
   -0.184359
   -0.182984
   -0.181098
   -0.178706
   -0.175996
   -0.172314
   -0.167380
   -0.159587
   -0.149909
   -0.151944
   -0.149848
   -0.144885
   -0.136965
   -0.124420
   -0.103002
   -0.067468
   -0.023036
   -0.132908
   -0.120141
   -0.141435
   -0.146108
   -0.146400
   -0.145492
   -0.143982
   -0.141953
   -0.139562
   -0.136659
   -0.132459
   -0.125748
   -0.114656
   -0.116762
   -0.117204
   -0.113769
   -0.107007
   -0.094174
   -0.070707
   -0.033811
   -0.005171
   -0.107663
   -0.085292
   -0.065465
   -0.069192
   -0.069729
   -0.069218
   -0.068491
   -0.067461
   -0.066408
   -0.064906
   -0.062774
   -0.059343
   -0.052497
   -0.059151
   -0.055877
   -0.052295
   -0.048138
   -0.041380
   -0.027270
   -0.005918
    0.011328
