   -7.999569
   -9.998851
  -14.050576
  -15.327192
  -16.245081
  -16.477671
  -16.294086
  -15.533027
  -15.710570
  -15.662848
  -15.019416
  -13.824242
  -12.621870
  -12.866422
  -13.674071
  -13.591683
  -12.321904
  -11.560210
  -10.342546
   -7.111557
   -3.394845
   -6.619655
   -7.336972
   -4.258622
   -4.348797
   -4.290871
   -4.207735
   -4.103045
   -3.903541
   -3.778416
   -3.718341
   -3.661967
   -3.649988
   -3.937403
   -4.321950
   -4.363460
   -4.233836
   -3.828895
   -3.058962
   -2.692725
   -2.299976
   -1.984373
   -5.180284
   -3.807311
   -2.754905
   -2.748180
   -2.731429
   -2.712997
   -2.692747
   -2.668867
   -2.643312
   -2.609052
   -2.568161
   -2.518470
   -2.464012
   -2.442474
   -2.401142
   -2.347155
   -2.265957
   -2.138385
   -1.923948
   -1.531701
   -1.075947
   -3.949303
   -2.308185
   -2.029429
   -2.026431
   -2.013902
   -2.000320
   -1.985374
   -1.968395
   -1.948149
   -1.924983
   -1.893368
   -1.855921
   -1.813810
   -1.802455
   -1.782088
   -1.746460
   -1.689110
   -1.597461
   -1.444077
   -1.153483
   -0.737515
   -2.988324
   -1.733759
   -1.547448
   -1.544021
   -1.533468
   -1.520728
   -1.506351
   -1.490837
   -1.474135
   -1.454882
   -1.431184
   -1.401862
   -1.376486
   -1.383731
   -1.375635
   -1.341284
   -1.290330
   -1.218086
   -1.101014
   -0.871773
   -0.562933
   -2.313762
   -1.417830
   -1.230049
   -1.263089
   -1.262104
   -1.249827
   -1.229045
   -1.206841
   -1.186293
   -1.169164
   -1.154544
   -1.141525
   -1.133554
   -1.170638
   -1.188650
   -1.158453
   -1.082204
   -0.984490
   -0.872035
   -0.689379
   -0.478498
   -1.420802
   -1.191147
   -1.182679
   -1.188989
   -1.179583
   -1.171138
   -1.161685
   -1.151273
   -1.137940
   -1.121472
   -1.100994
   -1.077766
   -1.053360
   -1.052489
   -1.046533
   -1.027808
   -0.994357
   -0.938285
   -0.839562
   -0.661267
   -0.378866
   -1.086580
   -1.023335
   -0.956159
   -0.945885
   -0.938234
   -0.930182
   -0.921070
   -0.911956
   -0.901184
   -0.888623
   -0.872179
   -0.851024
   -0.830660
   -0.833569
   -0.830115
   -0.810955
   -0.780238
   -0.735014
   -0.656998
   -0.503733
   -0.302504
   -0.930962
   -0.906108
   -0.894089
   -0.919891
   -0.915949
   -0.912466
   -0.905375
   -0.896026
   -0.883350
   -0.869705
   -0.852426
   -0.833051
   -0.809567
   -0.814091
   -0.813426
   -0.798947
   -0.768274
   -0.712739
   -0.618772
   -0.473115
   -0.276307
   -0.800823
   -0.794443
   -0.775047
   -0.765031
   -0.758191
   -0.752269
   -0.745428
   -0.737961
   -0.728736
   -0.717920
   -0.703694
   -0.684769
   -0.664983
   -0.663190
   -0.657599
   -0.644038
   -0.621011
   -0.583435
   -0.517255
   -0.390770
   -0.218987
   -0.704250
   -0.712912
   -0.685254
   -0.703822
   -0.701677
   -0.698523
   -0.692640
   -0.684735
   -0.674686
   -0.663617
   -0.650901
   -0.635750
   -0.614937
   -0.623241
   -0.623816
   -0.610873
   -0.579406
   -0.526069
   -0.450819
   -0.337851
   -0.206315
   -0.630398
   -0.639044
   -0.635972
   -0.628010
   -0.622647
   -0.617990
   -0.612321
   -0.606076
   -0.598224
   -0.588989
   -0.576498
   -0.559716
   -0.540944
   -0.538726
   -0.533815
   -0.522584
   -0.502775
   -0.469632
   -0.412718
   -0.308227
   -0.168599
   -0.553315
   -0.569530
   -0.538785
   -0.542981
   -0.539401
   -0.536494
   -0.530197
   -0.522962
   -0.514995
   -0.506578
   -0.497469
   -0.484580
   -0.467080
   -0.474606
   -0.474510
   -0.461256
   -0.431964
   -0.391631
   -0.336777
   -0.247488
   -0.155118
   -0.484433
   -0.513097
   -0.523891
   -0.521604
   -0.517660
   -0.513692
   -0.508867
   -0.503329
   -0.496412
   -0.487871
   -0.476799
   -0.462308
   -0.444920
   -0.443164
   -0.438720
   -0.428633
   -0.410815
   -0.380188
   -0.329753
   -0.243389
   -0.132732
   -0.429203
   -0.455310
   -0.439417
   -0.437711
   -0.435440
   -0.431540
   -0.426657
   -0.421371
   -0.415321
   -0.407919
   -0.398168
   -0.384416
   -0.368124
   -0.370202
   -0.367782
   -0.356707
   -0.338056
   -0.309976
   -0.266195
   -0.191583
   -0.112311
   -0.361470
   -0.401764
   -0.407654
   -0.426543
   -0.426638
   -0.424712
   -0.421070
   -0.415561
   -0.408147
   -0.398882
   -0.388056
   -0.374815
   -0.358361
   -0.360830
   -0.359341
   -0.350342
   -0.330976
   -0.293241
   -0.238674
   -0.168900
   -0.101132
   -0.312604
   -0.350455
   -0.362257
   -0.363391
   -0.361763
   -0.359078
   -0.355581
   -0.351377
   -0.346184
   -0.339546
   -0.330756
   -0.318591
   -0.302038
   -0.300973
   -0.298703
   -0.290999
   -0.276638
   -0.251995
   -0.212773
   -0.151229
   -0.078597
   -0.262033
   -0.294933
   -0.301323
   -0.301223
   -0.299931
   -0.297654
   -0.294641
   -0.291020
   -0.286724
   -0.281086
   -0.273592
   -0.261856
   -0.247474
   -0.248629
   -0.245781
   -0.238674
   -0.225914
   -0.204827
   -0.170841
   -0.120125
   -0.056920
   -0.218310
   -0.236464
   -0.245849
   -0.246411
   -0.245509
   -0.243614
   -0.241107
   -0.237913
   -0.234317
   -0.229474
   -0.223145
   -0.212899
   -0.200256
   -0.203195
   -0.200476
   -0.193710
   -0.182512
   -0.164622
   -0.134667
   -0.090114
   -0.031365
   -0.176975
   -0.159947
   -0.188332
   -0.194662
   -0.194941
   -0.193662
   -0.191652
   -0.188945
   -0.185769
   -0.181950
   -0.176575
   -0.167590
   -0.153011
   -0.156028
   -0.156807
   -0.152368
   -0.143425
   -0.126794
   -0.097200
   -0.046033
    0.005658
   -0.143349
   -0.113550
   -0.087207
   -0.092232
   -0.092841
   -0.092104
   -0.091129
   -0.089751
   -0.088348
   -0.086354
   -0.083631
   -0.079059
   -0.070037
   -0.079017
   -0.074895
   -0.070488
   -0.065575
   -0.057903
   -0.041559
   -0.007872
    0.039676
