    1.512447
    2.055607
    3.205116
    3.598055
    3.889846
    3.997543
    3.992351
    3.829705
    3.956691
    4.035910
    3.953429
    3.715433
    3.490594
    3.732281
    4.258237
    4.567150
    4.491957
    4.749268
    5.023537
    4.485762
    3.239241
    1.135540
    1.305700
    0.428338
    0.462147
    0.453347
    0.439221
    0.419904
    0.374606
    0.353196
    0.354941
    0.362553
    0.391880
    0.533907
    0.713757
    0.798130
    0.846047
    0.804324
    0.603268
    0.616184
    0.756275
    1.386143
    0.762276
    0.340777
    0.041572
    0.039829
    0.039989
    0.040962
    0.042226
    0.043919
    0.046937
    0.050016
    0.054011
    0.059822
    0.069915
    0.086387
    0.105108
    0.131613
    0.162509
    0.193401
    0.214795
    0.209831
    0.294164
    0.461351
   -0.003517
   -0.079749
   -0.080011
   -0.079494
   -0.078663
   -0.077672
   -0.076473
   -0.074832
   -0.072568
   -0.070116
   -0.066455
   -0.059887
   -0.048097
   -0.032833
   -0.014138
    0.006797
    0.027441
    0.042334
    0.036530
    0.025045
    0.255089
   -0.078831
   -0.104340
   -0.104494
   -0.103918
   -0.103313
   -0.102641
   -0.101884
   -0.100761
   -0.099255
   -0.097236
   -0.094284
   -0.088192
   -0.078495
   -0.066841
   -0.053821
   -0.039734
   -0.025337
   -0.015010
   -0.019894
   -0.027029
    0.128745
   -0.090329
   -0.092602
   -0.095098
   -0.094864
   -0.094091
   -0.092974
   -0.091782
   -0.090493
   -0.089120
   -0.087554
   -0.085484
   -0.081422
   -0.075491
   -0.066117
   -0.054307
   -0.042031
   -0.030880
   -0.023693
   -0.026702
   -0.035930
   -0.045524
   -0.086542
   -0.090033
   -0.092367
   -0.091884
   -0.091255
   -0.090547
   -0.089778
   -0.088724
   -0.087317
   -0.085504
   -0.083214
   -0.079235
   -0.073284
   -0.064481
   -0.054035
   -0.042867
   -0.031803
   -0.024456
   -0.027023
   -0.033744
   -0.071750
   -0.076329
   -0.072652
   -0.072769
   -0.072253
   -0.071622
   -0.070905
   -0.070198
   -0.069307
   -0.068164
   -0.066632
   -0.064438
   -0.061115
   -0.057197
   -0.051278
   -0.043568
   -0.035138
   -0.027120
   -0.021969
   -0.023988
   -0.026206
   -0.067141
   -0.067743
   -0.067345
   -0.070399
   -0.070245
   -0.070019
   -0.069472
   -0.068734
   -0.067662
   -0.066419
   -0.064800
   -0.062814
   -0.059590
   -0.056301
   -0.050482
   -0.042944
   -0.034567
   -0.026330
   -0.020845
   -0.021768
   -0.023643
   -0.058731
   -0.058703
   -0.057097
   -0.056362
   -0.055814
   -0.055345
   -0.054796
   -0.054199
   -0.053412
   -0.052401
   -0.051025
   -0.049039
   -0.046447
   -0.043683
   -0.039221
   -0.033515
   -0.027270
   -0.021471
   -0.017820
   -0.018802
   -0.017110
   -0.051246
   -0.051900
   -0.049523
   -0.051099
   -0.050939
   -0.050707
   -0.050239
   -0.049598
   -0.048736
   -0.047708
   -0.046459
   -0.044827
   -0.042222
   -0.040537
   -0.036701
   -0.031293
   -0.024954
   -0.018970
   -0.015332
   -0.015608
   -0.015678
   -0.045231
   -0.045770
   -0.045375
   -0.044595
   -0.044130
   -0.043763
   -0.043310
   -0.042803
   -0.042125
   -0.041253
   -0.040015
   -0.038236
   -0.035824
   -0.033562
   -0.030029
   -0.025506
   -0.020690
   -0.016437
   -0.013922
   -0.014283
   -0.011492
   -0.039064
   -0.040146
   -0.037566
   -0.037795
   -0.037480
   -0.037250
   -0.036746
   -0.036150
   -0.035464
   -0.034665
   -0.033706
   -0.032244
   -0.029848
   -0.028398
   -0.025655
   -0.021639
   -0.017019
   -0.013193
   -0.011229
   -0.011422
   -0.010224
   -0.033673
   -0.035682
   -0.036386
   -0.036089
   -0.035744
   -0.035428
   -0.035041
   -0.034579
   -0.033978
   -0.033172
   -0.032065
   -0.030504
   -0.028228
   -0.026190
   -0.023302
   -0.019708
   -0.015932
   -0.012711
   -0.010978
   -0.011063
   -0.008197
   -0.029528
   -0.031259
   -0.029952
   -0.029750
   -0.029551
   -0.029243
   -0.028854
   -0.028408
   -0.027880
   -0.027171
   -0.026170
   -0.024648
   -0.022442
   -0.020887
   -0.018837
   -0.016038
   -0.012887
   -0.010237
   -0.008951
   -0.009083
   -0.006949
   -0.024595
   -0.027288
   -0.027645
   -0.028938
   -0.028910
   -0.028747
   -0.028450
   -0.027992
   -0.027370
   -0.026535
   -0.025473
   -0.024030
   -0.021945
   -0.020518
   -0.018463
   -0.015764
   -0.012631
   -0.009748
   -0.008121
   -0.007986
   -0.006356
   -0.021129
   -0.023599
   -0.024362
   -0.024375
   -0.024234
   -0.024033
   -0.023758
   -0.023407
   -0.022964
   -0.022334
   -0.021431
   -0.020068
   -0.018122
   -0.016778
   -0.015209
   -0.013216
   -0.010732
   -0.008511
   -0.007384
   -0.007295
   -0.005630
   -0.017600
   -0.019731
   -0.020118
   -0.020028
   -0.019924
   -0.019781
   -0.019565
   -0.019284
   -0.018928
   -0.018396
   -0.017607
   -0.016283
   -0.014544
   -0.013629
   -0.012548
   -0.011146
   -0.009142
   -0.007323
   -0.006371
   -0.006226
   -0.005467
   -0.014631
   -0.015773
   -0.016367
   -0.016324
   -0.016258
   -0.016164
   -0.016004
   -0.015775
   -0.015484
   -0.015041
   -0.014373
   -0.013229
   -0.011699
   -0.011092
   -0.010378
   -0.009436
   -0.007779
   -0.006263
   -0.005525
   -0.005527
   -0.005553
   -0.011846
   -0.010688
   -0.012571
   -0.012934
   -0.012951
   -0.012905
   -0.012786
   -0.012600
   -0.012349
   -0.012005
   -0.011454
   -0.010521
   -0.009008
   -0.008581
   -0.008343
   -0.007838
   -0.006441
   -0.005052
   -0.004428
   -0.004681
   -0.005315
   -0.009597
   -0.007615
   -0.005889
   -0.006212
   -0.006263
   -0.006236
   -0.006179
   -0.006085
   -0.005976
   -0.005803
   -0.005537
   -0.005090
   -0.004181
   -0.004411
   -0.004287
   -0.004181
   -0.003359
   -0.002581
   -0.002290
   -0.002073
   -0.004286
