   -2.499812
   -3.014008
   -4.027270
   -4.342990
   -4.563504
   -4.602352
   -4.532394
   -4.311894
   -4.318145
   -4.258430
   -4.043615
   -3.686935
   -3.322386
   -3.280246
   -3.314440
   -3.103011
   -2.617907
   -2.161149
   -1.510098
   -0.478680
    0.375120
   -2.146001
   -2.345569
   -1.580487
   -1.599554
   -1.581787
   -1.556095
   -1.524425
   -1.468675
   -1.429615
   -1.403917
   -1.376486
   -1.354812
   -1.392781
   -1.446712
   -1.414303
   -1.332191
   -1.188641
   -0.985006
   -0.824229
   -0.576406
   -0.077662
   -1.764640
   -1.441608
   -1.181273
   -1.180869
   -1.174388
   -1.166236
   -1.157050
   -1.146060
   -1.133548
   -1.117324
   -1.097812
   -1.073575
   -1.044913
   -1.025691
   -0.997241
   -0.959017
   -0.906804
   -0.834881
   -0.730894
   -0.563313
   -0.311370
   -1.426745
   -1.017341
   -0.946023
   -0.945585
   -0.940380
   -0.934170
   -0.927190
   -0.919205
   -0.909520
   -0.898216
   -0.883175
   -0.865013
   -0.843097
   -0.831141
   -0.813577
   -0.787524
   -0.750827
   -0.699368
   -0.623895
   -0.498420
   -0.317635
   -1.144398
   -0.817867
   -0.753770
   -0.752552
   -0.747929
   -0.742086
   -0.735430
   -0.728216
   -0.720230
   -0.710901
   -0.699323
   -0.684796
   -0.670108
   -0.667551
   -0.657359
   -0.634982
   -0.604711
   -0.564740
   -0.506804
   -0.406441
   -0.270254
   -0.934199
   -0.688603
   -0.608752
   -0.624572
   -0.624216
   -0.618398
   -0.608621
   -0.598158
   -0.588320
   -0.579917
   -0.572480
   -0.565456
   -0.559501
   -0.572333
   -0.574920
   -0.554941
   -0.514395
   -0.464810
   -0.410296
   -0.329078
   -0.237815
   -0.660089
   -0.587784
   -0.586502
   -0.590618
   -0.586443
   -0.582369
   -0.577767
   -0.572691
   -0.566130
   -0.557976
   -0.547806
   -0.536149
   -0.523005
   -0.519137
   -0.511519
   -0.497326
   -0.476184
   -0.444928
   -0.396302
   -0.316773
   -0.192098
   -0.532001
   -0.507964
   -0.476344
   -0.471801
   -0.468202
   -0.464248
   -0.459763
   -0.455264
   -0.449887
   -0.443563
   -0.435278
   -0.424491
   -0.413367
   -0.412363
   -0.407469
   -0.394576
   -0.376127
   -0.351342
   -0.313070
   -0.244249
   -0.153444
   -0.460995
   -0.450945
   -0.445498
   -0.458798
   -0.457071
   -0.455392
   -0.451902
   -0.447275
   -0.440937
   -0.434064
   -0.425352
   -0.415476
   -0.403022
   -0.403100
   -0.399527
   -0.388821
   -0.370394
   -0.340793
   -0.295065
   -0.229059
   -0.140160
   -0.398272
   -0.395806
   -0.386296
   -0.381432
   -0.378042
   -0.375113
   -0.371717
   -0.367994
   -0.363343
   -0.357842
   -0.350601
   -0.340865
   -0.330337
   -0.327863
   -0.322792
   -0.313463
   -0.299604
   -0.279416
   -0.247217
   -0.189867
   -0.110254
   -0.350648
   -0.355158
   -0.341360
   -0.350760
   -0.349683
   -0.348146
   -0.345225
   -0.341271
   -0.336198
   -0.330562
   -0.324067
   -0.316224
   -0.305210
   -0.307921
   -0.305988
   -0.297085
   -0.279286
   -0.251714
   -0.215193
   -0.163370
   -0.103547
   -0.313797
   -0.318236
   -0.316696
   -0.312786
   -0.310024
   -0.307737
   -0.304916
   -0.301779
   -0.297795
   -0.293066
   -0.286664
   -0.277966
   -0.267953
   -0.265542
   -0.261237
   -0.253548
   -0.241860
   -0.224428
   -0.196846
   -0.148849
   -0.083454
   -0.275331
   -0.283435
   -0.268011
   -0.270188
   -0.268333
   -0.266920
   -0.263783
   -0.260139
   -0.256095
   -0.251770
   -0.247057
   -0.240285
   -0.230829
   -0.233329
   -0.231650
   -0.223307
   -0.207388
   -0.186923
   -0.160441
   -0.118773
   -0.076330
   -0.240908
   -0.255179
   -0.260553
   -0.259493
   -0.257442
   -0.255499
   -0.253099
   -0.250303
   -0.246784
   -0.242397
   -0.236703
   -0.229138
   -0.219811
   -0.217728
   -0.213964
   -0.207289
   -0.197098
   -0.181422
   -0.157106
   -0.116702
   -0.064557
   -0.213339
   -0.226281
   -0.218302
   -0.217526
   -0.216351
   -0.214431
   -0.212002
   -0.209331
   -0.206252
   -0.202438
   -0.197401
   -0.190163
   -0.181359
   -0.181352
   -0.179005
   -0.172370
   -0.162298
   -0.148363
   -0.127504
   -0.091930
   -0.054465
   -0.179590
   -0.199562
   -0.202475
   -0.211959
   -0.211960
   -0.211025
   -0.209216
   -0.206437
   -0.202679
   -0.197942
   -0.192377
   -0.185414
   -0.176627
   -0.176867
   -0.174940
   -0.169311
   -0.158957
   -0.140652
   -0.115151
   -0.081620
   -0.049040
   -0.155280
   -0.174022
   -0.179859
   -0.180467
   -0.179632
   -0.178316
   -0.176579
   -0.174459
   -0.171820
   -0.168407
   -0.163849
   -0.157399
   -0.148667
   -0.147395
   -0.145420
   -0.140849
   -0.133359
   -0.121630
   -0.103489
   -0.073554
   -0.038656
   -0.130145
   -0.146448
   -0.149617
   -0.149560
   -0.148908
   -0.147803
   -0.146307
   -0.144489
   -0.142310
   -0.139417
   -0.135479
   -0.129277
   -0.121677
   -0.121724
   -0.119759
   -0.115818
   -0.109519
   -0.099918
   -0.084708
   -0.059378
   -0.028553
   -0.108439
   -0.117443
   -0.122119
   -0.122362
   -0.121902
   -0.120996
   -0.119756
   -0.118157
   -0.116339
   -0.113860
   -0.110496
   -0.105171
   -0.098516
   -0.099549
   -0.097739
   -0.094079
   -0.088619
   -0.080459
   -0.066931
   -0.044673
   -0.017802
   -0.087918
   -0.079474
   -0.093588
   -0.096712
   -0.096821
   -0.096223
   -0.095236
   -0.093888
   -0.092289
   -0.090335
   -0.087476
   -0.082905
   -0.075406
   -0.076533
   -0.076380
   -0.073755
   -0.069123
   -0.060847
   -0.045945
   -0.022316
   -0.006504
   -0.071224
   -0.056435
   -0.043377
   -0.045889
   -0.046136
   -0.045804
   -0.045333
   -0.044662
   -0.043961
   -0.042958
   -0.041518
   -0.039193
   -0.034588
   -0.038818
   -0.036355
   -0.033803
   -0.031017
   -0.026747
   -0.017817
   -0.004194
    0.004097
