  -13.034393
  -16.419430
  -23.307245
  -25.456499
  -27.007641
  -27.411348
  -27.116089
  -25.849992
  -26.177517
  -26.131625
  -25.083218
  -23.104236
  -21.117185
  -21.638531
  -23.164527
  -23.203145
  -21.206719
  -20.145644
  -18.366322
  -13.067831
   -6.730337
  -10.697156
  -11.896459
   -6.654937
   -6.809232
   -6.711469
   -6.573471
   -6.399717
   -6.065038
   -5.859140
   -5.766892
   -5.683277
   -5.680209
   -6.199526
   -6.895988
   -7.008862
   -6.837104
   -6.188784
   -4.891641
   -4.333980
   -3.806798
   -3.656690
   -8.271908
   -5.916147
   -4.120171
   -4.105026
   -4.077711
   -4.049532
   -4.019060
   -3.983423
   -3.946142
   -3.895675
   -3.835368
   -3.762904
   -3.685229
   -3.663484
   -3.611639
   -3.544584
   -3.438287
   -3.261162
   -2.947008
   -2.354620
   -1.727873
   -6.210581
   -3.417423
   -2.944916
   -2.938175
   -2.918446
   -2.898142
   -2.876118
   -2.851234
   -2.821823
   -2.788432
   -2.742260
   -2.688173
   -2.628647
   -2.619117
   -2.597131
   -2.553957
   -2.479311
   -2.353017
   -2.131547
   -1.697959
   -1.085332
   -4.621879
   -2.501073
   -2.203317
   -2.197409
   -2.181369
   -2.162528
   -2.141466
   -2.118834
   -2.094796
   -2.067233
   -2.033275
   -1.991557
   -1.957666
   -1.974410
   -1.968762
   -1.924647
   -1.856473
   -1.757053
   -1.589728
   -1.251708
   -0.801635
   -3.520018
   -2.018926
   -1.735756
   -1.783617
   -1.781945
   -1.764067
   -1.733879
   -1.701712
   -1.672222
   -1.647937
   -1.627506
   -1.609827
   -1.600853
   -1.659525
   -1.691369
   -1.653053
   -1.546880
   -1.408730
   -1.247792
   -0.981128
   -0.673570
   -2.057466
   -1.682306
   -1.666763
   -1.674700
   -1.660657
   -1.648439
   -1.634929
   -1.620115
   -1.601273
   -1.578042
   -1.549096
   -1.516425
   -1.483020
   -1.485437
   -1.481403
   -1.459464
   -1.416306
   -1.339971
   -1.199696
   -0.939813
   -0.529670
   -1.538544
   -1.439425
   -1.341717
   -1.326642
   -1.315538
   -1.304016
   -1.291100
   -1.278258
   -1.263207
   -1.245711
   -1.222751
   -1.193352
   -1.165972
   -1.172745
   -1.170959
   -1.147144
   -1.106887
   -1.045380
   -0.935040
   -0.713120
   -0.423391
   -1.310195
   -1.271647
   -1.253855
   -1.289909
   -1.284035
   -1.278986
   -1.268951
   -1.255798
   -1.238070
   -1.219051
   -1.194922
   -1.168024
   -1.135949
   -1.144786
   -1.146998
   -1.129962
   -1.089806
   -1.013518
   -0.880415
   -0.670279
   -0.386978
   -1.123532
   -1.113152
   -1.085400
   -1.071113
   -1.061401
   -1.052991
   -1.043380
   -1.032951
   -1.020161
   -1.005217
   -0.985514
   -0.959430
   -0.932632
   -0.931946
   -0.926350
   -0.909827
   -0.879868
   -0.828701
   -0.735350
   -0.553526
   -0.308463
   -0.986623
   -0.998258
   -0.959235
   -0.985130
   -0.982049
   -0.977550
   -0.969305
   -0.958284
   -0.944353
   -0.929068
   -0.911508
   -0.890732
   -0.862434
   -0.875811
   -0.878828
   -0.863070
   -0.821022
   -0.747335
   -0.641205
   -0.479675
   -0.291206
   -0.882768
   -0.894442
   -0.890002
   -0.878638
   -0.871092
   -0.864513
   -0.856603
   -0.847939
   -0.837115
   -0.824431
   -0.807236
   -0.784238
   -0.758827
   -0.757265
   -0.752225
   -0.738545
   -0.712639
   -0.667327
   -0.587203
   -0.438076
   -0.239964
   -0.774485
   -0.797029
   -0.753950
   -0.759592
   -0.754526
   -0.750423
   -0.741659
   -0.731630
   -0.720660
   -0.709145
   -0.696732
   -0.679232
   -0.655706
   -0.667709
   -0.669214
   -0.652408
   -0.612847
   -0.557133
   -0.479965
   -0.353343
   -0.221669
   -0.677963
   -0.718047
   -0.733106
   -0.729672
   -0.724087
   -0.718500
   -0.711802
   -0.704155
   -0.694659
   -0.682976
   -0.667821
   -0.648074
   -0.624606
   -0.623595
   -0.618946
   -0.606514
   -0.583037
   -0.540973
   -0.470052
   -0.347691
   -0.191205
   -0.600655
   -0.637220
   -0.614988
   -0.612371
   -0.609118
   -0.603642
   -0.596874
   -0.589594
   -0.581318
   -0.571244
   -0.558005
   -0.539408
   -0.517597
   -0.521785
   -0.519646
   -0.505465
   -0.480541
   -0.441919
   -0.380416
   -0.275426
   -0.163101
   -0.505822
   -0.562293
   -0.570530
   -0.596759
   -0.596809
   -0.594092
   -0.589060
   -0.581470
   -0.571283
   -0.558600
   -0.543841
   -0.525958
   -0.503803
   -0.508517
   -0.507738
   -0.496502
   -0.470562
   -0.418283
   -0.341563
   -0.243838
   -0.147549
   -0.437389
   -0.490445
   -0.506989
   -0.508401
   -0.506050
   -0.502288
   -0.497465
   -0.491707
   -0.484627
   -0.475614
   -0.463720
   -0.447484
   -0.425160
   -0.424782
   -0.422697
   -0.413039
   -0.393958
   -0.360048
   -0.304980
   -0.219168
   -0.115526
   -0.366559
   -0.412627
   -0.421550
   -0.421255
   -0.419406
   -0.416246
   -0.412111
   -0.407171
   -0.401333
   -0.393699
   -0.383590
   -0.368130
   -0.348891
   -0.351426
   -0.348301
   -0.339262
   -0.322220
   -0.293140
   -0.245457
   -0.175732
   -0.083135
   -0.305321
   -0.330681
   -0.343737
   -0.344403
   -0.343121
   -0.340518
   -0.337097
   -0.332741
   -0.327864
   -0.321309
   -0.312762
   -0.299295
   -0.282450
   -0.287367
   -0.284245
   -0.275483
   -0.260440
   -0.235629
   -0.193600
   -0.133886
   -0.043924
   -0.247450
   -0.223568
   -0.263196
   -0.271955
   -0.272337
   -0.270594
   -0.267866
   -0.264167
   -0.259850
   -0.254686
   -0.247396
   -0.235288
   -0.215574
   -0.220533
   -0.222174
   -0.216486
   -0.204454
   -0.181123
   -0.139130
   -0.071272
    0.012559
   -0.200397
   -0.158689
   -0.121821
   -0.128786
   -0.129631
   -0.128622
   -0.127294
   -0.125399
   -0.123488
   -0.120777
   -0.117057
   -0.110638
   -0.098428
   -0.111523
   -0.105859
   -0.099798
   -0.093093
   -0.082139
   -0.058199
   -0.012067
    0.066767
