   -0.022737
    0.119033
    0.447715
    0.568833
    0.663825
    0.714189
    0.736263
    0.718547
    0.793281
    0.863585
    0.893103
    0.881258
    0.879583
    1.046520
    1.359957
    1.632776
    1.771884
    2.104106
    2.518837
    2.576183
    2.131818
   -0.122235
   -0.092581
   -0.347041
   -0.333555
   -0.332606
   -0.331881
   -0.332075
   -0.339242
   -0.337832
   -0.327073
   -0.312027
   -0.285679
   -0.212235
   -0.120790
   -0.055643
    0.005771
    0.034676
   -0.012430
    0.056943
    0.238528
    0.818308
   -0.208859
   -0.348105
   -0.435458
   -0.436774
   -0.434376
   -0.430742
   -0.426515
   -0.421321
   -0.414697
   -0.406590
   -0.396644
   -0.383857
   -0.366647
   -0.348915
   -0.326195
   -0.294926
   -0.255591
   -0.208715
   -0.155382
   -0.093438
    0.057013
   -0.266902
   -0.400201
   -0.420454
   -0.420743
   -0.418526
   -0.415653
   -0.412382
   -0.408593
   -0.403852
   -0.398079
   -0.390713
   -0.381471
   -0.368925
   -0.356919
   -0.340587
   -0.318852
   -0.291619
   -0.258852
   -0.220291
   -0.174768
   -0.110386
   -0.287005
   -0.370216
   -0.361403
   -0.361219
   -0.359125
   -0.356511
   -0.353542
   -0.350297
   -0.346506
   -0.341937
   -0.336136
   -0.328608
   -0.319090
   -0.312044
   -0.300846
   -0.284040
   -0.263496
   -0.238976
   -0.209913
   -0.173405
   -0.123694
   -0.284864
   -0.327318
   -0.297790
   -0.305570
   -0.305316
   -0.302608
   -0.298143
   -0.293350
   -0.288721
   -0.284585
   -0.280663
   -0.276560
   -0.271669
   -0.272974
   -0.268182
   -0.253042
   -0.229564
   -0.203236
   -0.177385
   -0.147162
   -0.116401
   -0.287976
   -0.285805
   -0.287535
   -0.290646
   -0.288749
   -0.286810
   -0.284616
   -0.282182
   -0.278974
   -0.274910
   -0.269767
   -0.263714
   -0.256059
   -0.250810
   -0.242383
   -0.230338
   -0.215122
   -0.196011
   -0.172354
   -0.142523
   -0.097086
   -0.254702
   -0.248346
   -0.233759
   -0.232006
   -0.230265
   -0.228374
   -0.226221
   -0.224044
   -0.221392
   -0.218202
   -0.213964
   -0.208298
   -0.201793
   -0.198927
   -0.193324
   -0.183454
   -0.170956
   -0.156237
   -0.137992
   -0.112025
   -0.077230
   -0.224137
   -0.220705
   -0.218351
   -0.225426
   -0.224644
   -0.223898
   -0.222241
   -0.219993
   -0.216849
   -0.213380
   -0.208923
   -0.203747
   -0.196784
   -0.194725
   -0.189704
   -0.180798
   -0.168336
   -0.151572
   -0.130168
   -0.104656
   -0.070420
   -0.194319
   -0.193445
   -0.188740
   -0.186307
   -0.184624
   -0.183230
   -0.181596
   -0.179782
   -0.177471
   -0.174677
   -0.170943
   -0.165820
   -0.159986
   -0.157242
   -0.152437
   -0.145181
   -0.135819
   -0.124268
   -0.109361
   -0.087323
   -0.054610
   -0.170920
   -0.173180
   -0.166264
   -0.170934
   -0.170426
   -0.169723
   -0.168319
   -0.166383
   -0.163854
   -0.160989
   -0.157628
   -0.153477
   -0.147441
   -0.147407
   -0.144219
   -0.137307
   -0.126317
   -0.111709
   -0.095109
   -0.074872
   -0.051088
   -0.152610
   -0.154765
   -0.153932
   -0.151906
   -0.150572
   -0.149486
   -0.148120
   -0.146582
   -0.144592
   -0.142173
   -0.138851
   -0.134272
   -0.128749
   -0.126327
   -0.122363
   -0.116450
   -0.108814
   -0.099297
   -0.086957
   -0.068309
   -0.040602
   -0.133552
   -0.137452
   -0.129723
   -0.130787
   -0.129949
   -0.129293
   -0.127763
   -0.125968
   -0.123946
   -0.121727
   -0.119244
   -0.115628
   -0.110328
   -0.110350
   -0.107891
   -0.102007
   -0.092784
   -0.082297
   -0.070773
   -0.054651
   -0.037032
   -0.116556
   -0.123446
   -0.126023
   -0.125481
   -0.124556
   -0.123642
   -0.122476
   -0.121099
   -0.119337
   -0.117087
   -0.114123
   -0.110135
   -0.104965
   -0.102806
   -0.099415
   -0.094432
   -0.088004
   -0.079799
   -0.069282
   -0.053603
   -0.031170
   -0.103056
   -0.109215
   -0.105210
   -0.104866
   -0.104384
   -0.103479
   -0.102297
   -0.100981
   -0.099438
   -0.097476
   -0.094840
   -0.091010
   -0.086085
   -0.085052
   -0.082710
   -0.078191
   -0.072166
   -0.064955
   -0.056156
   -0.042621
   -0.026489
   -0.086635
   -0.096170
   -0.097527
   -0.102151
   -0.102240
   -0.101817
   -0.100939
   -0.099570
   -0.097697
   -0.095288
   -0.092403
   -0.088737
   -0.083896
   -0.083052
   -0.080867
   -0.076796
   -0.070663
   -0.061525
   -0.050647
   -0.037888
   -0.024025
   -0.074881
   -0.083813
   -0.086560
   -0.086869
   -0.086523
   -0.085896
   -0.085042
   -0.083990
   -0.082661
   -0.080899
   -0.078517
   -0.075111
   -0.070376
   -0.068997
   -0.067066
   -0.063793
   -0.059184
   -0.053048
   -0.045496
   -0.034293
   -0.019615
   -0.062758
   -0.070572
   -0.072094
   -0.072053
   -0.071736
   -0.071164
   -0.070403
   -0.069490
   -0.068379
   -0.066873
   -0.064811
   -0.061515
   -0.057350
   -0.056761
   -0.055098
   -0.052382
   -0.048559
   -0.043477
   -0.037311
   -0.028085
   -0.015713
   -0.052321
   -0.056668
   -0.058963
   -0.059043
   -0.058786
   -0.058274
   -0.057620
   -0.056809
   -0.055877
   -0.054584
   -0.052822
   -0.049962
   -0.046278
   -0.046244
   -0.044816
   -0.042430
   -0.039235
   -0.034970
   -0.029770
   -0.021891
   -0.011753
   -0.042443
   -0.038402
   -0.045241
   -0.046731
   -0.046756
   -0.046384
   -0.045851
   -0.045163
   -0.044345
   -0.043323
   -0.041822
   -0.039359
   -0.035344
   -0.035396
   -0.034863
   -0.033125
   -0.030551
   -0.026463
   -0.021018
   -0.012872
   -0.007476
   -0.034401
   -0.027283
   -0.020994
   -0.022212
   -0.022345
   -0.022128
   -0.021871
   -0.021523
   -0.021160
   -0.020631
   -0.019863
   -0.018569
   -0.016122
   -0.017801
   -0.016447
   -0.015047
   -0.013675
   -0.011652
   -0.008755
   -0.003846
   -0.002724
