   -4.256269
   -5.240918
   -7.216691
   -7.840714
   -8.284707
   -8.386262
   -8.281099
   -7.889463
   -7.951540
   -7.897108
   -7.547729
   -6.926132
   -6.297570
   -6.345671
   -6.626850
   -6.458159
   -5.725554
   -5.176749
   -4.351863
   -2.622310
   -0.849345
   -3.577382
   -3.941118
   -2.443889
   -2.485868
   -2.455724
   -2.412004
   -2.357337
   -2.256213
   -2.189988
   -2.153462
   -2.116985
   -2.098488
   -2.215985
   -2.374457
   -2.365512
   -2.268585
   -2.042729
   -1.659763
   -1.434056
   -1.139748
   -0.699139
   -2.860664
   -2.205468
   -1.694881
   -1.692818
   -1.683240
   -1.671860
   -1.659163
   -1.644067
   -1.627387
   -1.605411
   -1.579095
   -1.546698
   -1.509894
   -1.489765
   -1.457217
   -1.414078
   -1.352828
   -1.263397
   -1.124118
   -0.883322
   -0.563086
   -2.239418
   -1.440230
   -1.303227
   -1.302117
   -1.294660
   -1.286103
   -1.276556
   -1.265664
   -1.252556
   -1.237421
   -1.217034
   -1.192630
   -1.164175
   -1.152330
   -1.133884
   -1.104821
   -1.061583
   -0.997265
   -0.896499
   -0.716434
   -0.457127
   -1.741286
   -1.120819
   -1.017620
   -1.015697
   -1.009211
   -1.001143
   -0.991972
   -0.982046
   -0.971200
   -0.958631
   -0.943100
   -0.923754
   -0.905495
   -0.906099
   -0.896609
   -0.870381
   -0.833431
   -0.782940
   -0.705461
   -0.562018
   -0.367993
   -1.383104
   -0.931254
   -0.816423
   -0.837823
   -0.837310
   -0.829391
   -0.816005
   -0.801685
   -0.788315
   -0.777040
   -0.767238
   -0.758239
   -0.751538
   -0.772308
   -0.779965
   -0.756670
   -0.704454
   -0.639045
   -0.565217
   -0.449866
   -0.318397
   -0.911796
   -0.789458
   -0.785947
   -0.790762
   -0.784925
   -0.779429
   -0.773226
   -0.766382
   -0.757570
   -0.746673
   -0.733108
   -0.717644
   -0.700726
   -0.697826
   -0.690772
   -0.675112
   -0.649950
   -0.610500
   -0.545115
   -0.432339
   -0.254808
   -0.717284
   -0.680723
   -0.637444
   -0.630975
   -0.626068
   -0.620766
   -0.614743
   -0.608701
   -0.601515
   -0.593114
   -0.582124
   -0.567888
   -0.553631
   -0.553908
   -0.549497
   -0.534544
   -0.512062
   -0.480511
   -0.428883
   -0.331535
   -0.203563
   -0.618556
   -0.603799
   -0.596212
   -0.613655
   -0.611228
   -0.608964
   -0.604274
   -0.598067
   -0.589604
   -0.580474
   -0.568918
   -0.555880
   -0.539705
   -0.541240
   -0.538643
   -0.526703
   -0.504240
   -0.466019
   -0.404063
   -0.311130
   -0.185953
   -0.533536
   -0.529879
   -0.517104
   -0.510531
   -0.505995
   -0.502073
   -0.497523
   -0.492540
   -0.486344
   -0.479057
   -0.469480
   -0.456657
   -0.442985
   -0.440708
   -0.435453
   -0.424707
   -0.407794
   -0.381802
   -0.338125
   -0.257370
   -0.146720
   -0.469621
   -0.475574
   -0.457152
   -0.469643
   -0.468206
   -0.466134
   -0.462220
   -0.456934
   -0.450180
   -0.442713
   -0.434131
   -0.423821
   -0.409479
   -0.414036
   -0.412931
   -0.402666
   -0.380268
   -0.344006
   -0.294279
   -0.221589
   -0.137920
   -0.420385
   -0.426284
   -0.424245
   -0.419009
   -0.415361
   -0.412281
   -0.408503
   -0.404314
   -0.399019
   -0.392762
   -0.384306
   -0.372864
   -0.359863
   -0.357476
   -0.352940
   -0.344027
   -0.329568
   -0.306803
   -0.269150
   -0.201804
   -0.111541
   -0.368980
   -0.379829
   -0.359259
   -0.362142
   -0.359697
   -0.357786
   -0.353586
   -0.348724
   -0.343353
   -0.337635
   -0.331429
   -0.322556
   -0.310344
   -0.314501
   -0.313327
   -0.303295
   -0.282826
   -0.255618
   -0.219277
   -0.160853
   -0.102069
   -0.322986
   -0.342102
   -0.349301
   -0.347855
   -0.345158
   -0.342538
   -0.339322
   -0.335593
   -0.330924
   -0.325121
   -0.317602
   -0.307660
   -0.295575
   -0.293560
   -0.289537
   -0.281673
   -0.268870
   -0.248113
   -0.214707
   -0.158084
   -0.086391
   -0.286115
   -0.303486
   -0.292839
   -0.291761
   -0.290222
   -0.287642
   -0.284389
   -0.280829
   -0.276743
   -0.271704
   -0.265060
   -0.255556
   -0.244185
   -0.244860
   -0.242479
   -0.234342
   -0.221425
   -0.202820
   -0.174023
   -0.124026
   -0.072571
   -0.240934
   -0.267746
   -0.271653
   -0.284307
   -0.284347
   -0.283086
   -0.280661
   -0.276955
   -0.271961
   -0.265684
   -0.258327
   -0.249175
   -0.237768
   -0.238731
   -0.236946
   -0.230177
   -0.216854
   -0.192211
   -0.156997
   -0.109800
   -0.065086
   -0.208361
   -0.233545
   -0.241378
   -0.242158
   -0.241079
   -0.239314
   -0.236983
   -0.234157
   -0.230655
   -0.226141
   -0.220124
   -0.211650
   -0.200260
   -0.199052
   -0.197011
   -0.191427
   -0.181816
   -0.166050
   -0.140907
   -0.098647
   -0.050392
   -0.174664
   -0.196576
   -0.200826
   -0.200733
   -0.199905
   -0.198421
   -0.196407
   -0.193983
   -0.191088
   -0.187255
   -0.182068
   -0.173916
   -0.164020
   -0.164459
   -0.162278
   -0.157343
   -0.149169
   -0.136138
   -0.114935
   -0.079044
   -0.035895
   -0.145538
   -0.157647
   -0.163906
   -0.164213
   -0.163667
   -0.162446
   -0.160767
   -0.158631
   -0.156211
   -0.152917
   -0.148498
   -0.141506
   -0.132818
   -0.134515
   -0.132516
   -0.127840
   -0.120677
   -0.109467
   -0.090497
   -0.059201
   -0.020793
   -0.117995
   -0.106662
   -0.125571
   -0.129724
   -0.129982
   -0.129174
   -0.127825
   -0.126017
   -0.123883
   -0.121284
   -0.117525
   -0.111518
   -0.101604
   -0.103389
   -0.103665
   -0.100335
   -0.094211
   -0.082769
   -0.061951
   -0.029415
   -0.005436
   -0.095585
   -0.075727
   -0.058134
   -0.061450
   -0.061928
   -0.061473
   -0.060813
   -0.059903
   -0.058963
   -0.057619
   -0.055710
   -0.052646
   -0.046537
   -0.052395
   -0.049444
   -0.046047
   -0.042297
   -0.036266
   -0.023754
   -0.005106
    0.008710
