   -6.094066
   -7.574989
  -10.565939
  -11.510226
  -12.186922
  -12.353023
  -12.209753
  -11.637449
  -11.756626
  -11.706147
  -11.213059
  -10.310878
   -9.401412
   -9.544528
  -10.082380
   -9.954440
   -8.957302
   -8.303514
   -7.287706
   -4.826782
   -2.103265
   -5.072285
   -5.609050
   -3.338784
   -3.404358
   -3.360720
   -3.297763
   -3.218662
   -3.069485
   -2.974478
   -2.926432
   -2.880195
   -2.864870
   -3.065318
   -3.333932
   -3.349212
   -3.235736
   -2.921829
   -2.349329
   -2.054638
   -1.712247
   -1.333329
   -4.002006
   -2.995952
   -2.220644
   -2.216438
   -2.203365
   -2.188515
   -2.172092
   -2.152664
   -2.131601
   -2.103552
   -2.070046
   -2.029108
   -1.983560
   -1.962549
   -1.925454
   -1.876665
   -1.805207
   -1.696607
   -1.520155
   -1.204989
   -0.817732
   -3.082315
   -1.871509
   -1.665176
   -1.663237
   -1.653275
   -1.642228
   -1.629996
   -1.616081
   -1.599427
   -1.580283
   -1.554321
   -1.523405
   -1.488170
   -1.476420
   -1.456859
   -1.424328
   -1.373835
   -1.295735
   -1.168844
   -0.934366
   -0.597333
   -2.357410
   -1.426809
   -1.282781
   -1.280169
   -1.271640
   -1.261249
   -1.249475
   -1.236766
   -1.222998
   -1.207076
   -1.187456
   -1.163091
   -1.141254
   -1.145023
   -1.136108
   -1.105704
   -1.061628
   -1.000195
   -0.903062
   -0.717253
   -0.465857
   -1.844060
   -1.174882
   -1.024002
   -1.051211
   -1.050422
   -1.040331
   -1.023243
   -1.004995
   -0.988045
   -0.973824
   -0.961584
   -0.950523
   -0.943135
   -0.971904
   -0.984598
   -0.957738
   -0.893433
   -0.811863
   -0.718861
   -0.570181
   -0.398900
   -1.165966
   -0.991043
   -0.985136
   -0.990752
   -0.983093
   -0.976122
   -0.968271
   -0.959638
   -0.948564
   -0.934859
   -0.917815
   -0.898432
   -0.877743
   -0.875759
   -0.869160
   -0.851848
   -0.822406
   -0.774566
   -0.692614
   -0.547372
   -0.317248
   -0.902586
   -0.852921
   -0.797769
   -0.789418
   -0.783117
   -0.776439
   -0.768837
   -0.761254
   -0.752274
   -0.741768
   -0.728019
   -0.710281
   -0.692914
   -0.694433
   -0.690423
   -0.673259
   -0.646517
   -0.608013
   -0.543218
   -0.418081
   -0.253327
   -0.775601
   -0.755894
   -0.746113
   -0.767759
   -0.764554
   -0.761678
   -0.755752
   -0.747969
   -0.737398
   -0.725986
   -0.711538
   -0.695290
   -0.675414
   -0.678370
   -0.676661
   -0.663340
   -0.636630
   -0.589641
   -0.511706
   -0.392557
   -0.231389
   -0.668073
   -0.663104
   -0.647027
   -0.638711
   -0.633033
   -0.628104
   -0.622369
   -0.616141
   -0.608429
   -0.599357
   -0.587425
   -0.571512
   -0.554732
   -0.552645
   -0.547167
   -0.534931
   -0.514836
   -0.482945
   -0.428015
   -0.324489
   -0.183099
   -0.587817
   -0.595156
   -0.572103
   -0.587617
   -0.585847
   -0.583227
   -0.578293
   -0.571693
   -0.563286
   -0.553997
   -0.543321
   -0.530559
   -0.512939
   -0.519327
   -0.519015
   -0.507337
   -0.480297
   -0.435431
   -0.373016
   -0.280381
   -0.172412
   -0.526229
   -0.533537
   -0.530981
   -0.524334
   -0.519861
   -0.515981
   -0.511230
   -0.506006
   -0.499422
   -0.491657
   -0.481159
   -0.467020
   -0.451101
   -0.448767
   -0.444017
   -0.433900
   -0.416681
   -0.388675
   -0.341479
   -0.255786
   -0.140594
   -0.461928
   -0.475498
   -0.449813
   -0.453319
   -0.450330
   -0.447907
   -0.442650
   -0.436582
   -0.429887
   -0.422803
   -0.415122
   -0.404229
   -0.389348
   -0.395171
   -0.394519
   -0.382835
   -0.357852
   -0.324015
   -0.278567
   -0.205249
   -0.129270
   -0.404418
   -0.428363
   -0.437373
   -0.435466
   -0.432171
   -0.428860
   -0.424836
   -0.420184
   -0.414362
   -0.407173
   -0.397852
   -0.385625
   -0.370866
   -0.368958
   -0.364707
   -0.355696
   -0.340285
   -0.314528
   -0.272748
   -0.201799
   -0.110484
   -0.358292
   -0.380092
   -0.366809
   -0.365388
   -0.363491
   -0.360235
   -0.356175
   -0.351723
   -0.346614
   -0.340373
   -0.332151
   -0.320529
   -0.306667
   -0.308018
   -0.305584
   -0.295907
   -0.279936
   -0.256383
   -0.220137
   -0.158784
   -0.093555
   -0.301732
   -0.335366
   -0.340281
   -0.356060
   -0.356139
   -0.354532
   -0.351508
   -0.346872
   -0.340623
   -0.332828
   -0.323710
   -0.312525
   -0.298562
   -0.300255
   -0.298582
   -0.290625
   -0.274073
   -0.242545
   -0.197384
   -0.139914
   -0.084332
   -0.260928
   -0.292516
   -0.302365
   -0.303314
   -0.301954
   -0.299715
   -0.296809
   -0.293265
   -0.288874
   -0.283273
   -0.275856
   -0.265566
   -0.251550
   -0.250368
   -0.248136
   -0.241369
   -0.229089
   -0.208434
   -0.175975
   -0.125253
   -0.065989
   -0.218708
   -0.246158
   -0.251487
   -0.251405
   -0.250328
   -0.248432
   -0.245923
   -0.242876
   -0.239241
   -0.234480
   -0.228150
   -0.218217
   -0.206031
   -0.206775
   -0.204158
   -0.197984
   -0.187148
   -0.169470
   -0.141356
   -0.099501
   -0.048765
   -0.182212
   -0.197354
   -0.205185
   -0.205653
   -0.204904
   -0.203331
   -0.201242
   -0.198557
   -0.195517
   -0.191428
   -0.186081
   -0.177410
   -0.166713
   -0.169009
   -0.166564
   -0.160757
   -0.151267
   -0.136207
   -0.111356
   -0.074667
   -0.028938
   -0.147711
   -0.133498
   -0.157189
   -0.162473
   -0.162712
   -0.161652
   -0.159980
   -0.157704
   -0.155025
   -0.151799
   -0.147262
   -0.139676
   -0.127414
   -0.129845
   -0.130362
   -0.126578
   -0.118947
   -0.104804
   -0.079958
   -0.038069
   -0.000514
   -0.119648
   -0.094779
   -0.072801
   -0.077000
   -0.077514
   -0.076905
   -0.076094
   -0.074937
   -0.073755
   -0.072076
   -0.069782
   -0.065930
   -0.058359
   -0.065849
   -0.062382
   -0.058770
   -0.054516
   -0.047807
   -0.033878
   -0.006765
    0.026193
