     441
       1      6.6900      0.0000      1.3020
       2      6.6900      0.5125      1.3199
       3      6.6900      1.0250      1.3378
       4      6.6900      1.5375      1.3557
       5      6.6900      2.0500      1.3736
       6      6.6900      2.5625      1.3915
       7      6.6900      3.0750      1.4094
       8      6.6900      3.5875      1.4273
       9      6.6900      4.1000      1.4452
      10      6.6900      4.6125      1.4631
      11      6.6900      5.1250      1.4810
      12      6.6900      5.6375      1.4989
      13      6.6900      6.1500      1.5168
      14      6.6900      6.6625      1.5347
      15      6.6900      7.1750      1.5526
      16      6.6900      7.6875      1.5705
      17      6.6900      8.2000      1.5883
      18      6.6900      8.7125      1.6062
      19      6.6900      9.2250      1.6241
      20      6.6900      9.7375      1.6420
      21      6.6900     10.2500      1.6599
      22      6.7961      0.0000      1.2983
      23      6.7961      0.5125      1.3162
      24      6.7961      1.0250      1.3341
      25      6.7961      1.5375      1.3520
      26      6.7961      2.0500      1.3699
      27      6.7961      2.5625      1.3878
      28      6.7961      3.0750      1.4057
      29      6.7961      3.5875      1.4236
      30      6.7961      4.1000      1.4415
      31      6.7961      4.6125      1.4594
      32      6.7961      5.1250      1.4773
      33      6.7961      5.6375      1.4952
      34      6.7961      6.1500      1.5131
      35      6.7908      6.6625      1.5314
      36      6.7855      7.1750      1.5498
      37      6.7802      7.6875      1.5681
      38      6.7749      8.2000      1.5865
      39      6.7696      8.7125      1.6049
      40      6.7643      9.2250      1.6232
      41      6.7590      9.7375      1.6416
      42      6.7537     10.2500      1.6599
      43      6.9022      0.0000      1.2946
      44      6.9022      0.5125      1.3125
      45      6.9022      1.0250      1.3304
      46      6.9022      1.5375      1.3483
      47      6.9022      2.0500      1.3662
      48      6.9022      2.5625      1.3841
      49      6.9022      3.0750      1.4020
      50      6.9022      3.5875      1.4199
      51      6.9022      4.1000      1.4378
      52      6.9022      4.6125      1.4557
      53      6.9022      5.1250      1.4736
      54      6.9022      5.6375      1.4915
      55      6.9022      6.1500      1.5094
      56      6.8916      6.6625      1.5282
      57      6.8810      7.1750      1.5470
      58      6.8704      7.6875      1.5658
      59      6.8598      8.2000      1.5846
      60      6.8492      8.7125      1.6035
      61      6.8385      9.2250      1.6223
      62      6.8279      9.7375      1.6411
      63      6.8173     10.2500      1.6599
      64      7.0083      0.0000      1.2909
      65      7.0083      0.5125      1.3088
      66      7.0083      1.0250      1.3267
      67      7.0083      1.5375      1.3446
      68      7.0083      2.0500      1.3625
      69      7.0083      2.5625      1.3804
      70      7.0083      3.0750      1.3983
      71      7.0083      3.5875      1.4162
      72      7.0083      4.1000      1.4341
      73      7.0083      4.6125      1.4520
      74      7.0083      5.1250      1.4699
      75      7.0083      5.6375      1.4877
      76      7.0083      6.1500      1.5056
      77      6.9924      6.6625      1.5249
      78      6.9765      7.1750      1.5442
      79      6.9606      7.6875      1.5635
      80      6.9446      8.2000      1.5828
      81      6.9287      8.7125      1.6021
      82      6.9128      9.2250      1.6214
      83      6.8969      9.7375      1.6407
      84      6.8810     10.2500      1.6599
      85      7.1144      0.0000      1.2872
      86      7.1144      0.5125      1.3051
      87      7.1144      1.0250      1.3230
      88      7.1144      1.5375      1.3409
      89      7.1144      2.0500      1.3588
      90      7.1144      2.5625      1.3767
      91      7.1144      3.0750      1.3946
      92      7.1144      3.5875      1.4125
      93      7.1144      4.1000      1.4304
      94      7.1144      4.6125      1.4483
      95      7.1144      5.1250      1.4661
      96      7.1144      5.6375      1.4840
      97      7.1144      6.1500      1.5019
      98      7.0932      6.6625      1.5217
      99      7.0720      7.1750      1.5414
     100      7.0507      7.6875      1.5612
     101      7.0295      8.2000      1.5809
     102      7.0083      8.7125      1.6007
     103      6.9871      9.2250      1.6204
     104      6.9659      9.7375      1.6402
     105      6.9447     10.2500      1.6599
     106      7.2205      0.0000      1.2835
     107      7.2205      0.5125      1.3014
     108      7.2205      1.0250      1.3193
     109      7.2205      1.5375      1.3372
     110      7.2205      2.0500      1.3551
     111      7.2205      2.5625      1.3730
     112      7.2205      3.0750      1.3909
     113      7.2205      3.5875      1.4088
     114      7.2205      4.1000      1.4266
     115      7.2205      4.6125      1.4445
     116      7.2205      5.1250      1.4624
     117      7.2205      5.6375      1.4803
     118      7.2205      6.1500      1.4982
     119      7.1940      6.6625      1.5184
     120      7.1674      7.1750      1.5387
     121      7.1409      7.6875      1.5589
     122      7.1144      8.2000      1.5791
     123      7.0879      8.7125      1.5993
     124      7.0614      9.2250      1.6195
     125      7.0349      9.7375      1.6397
     126      7.0083     10.2500      1.6599
     127      7.3266      0.0000      1.2798
     128      7.3266      0.5125      1.2977
     129      7.3266      1.0250      1.3156
     130      7.3266      1.5375      1.3335
     131      7.3266      2.0500      1.3514
     132      7.3266      2.5625      1.3693
     133      7.3266      3.0750      1.3872
     134      7.3266      3.5875      1.4050
     135      7.3266      4.1000      1.4229
     136      7.3266      4.6125      1.4408
     137      7.3266      5.1250      1.4587
     138      7.3266      5.6375      1.4766
     139      7.3266      6.1500      1.4945
     140      7.2948      6.6625      1.5152
     141      7.2629      7.1750      1.5359
     142      7.2311      7.6875      1.5566
     143      7.1993      8.2000      1.5772
     144      7.1675      8.7125      1.5979
     145      7.1356      9.2250      1.6186
     146      7.1038      9.7375      1.6393
     147      7.0720     10.2500      1.6599
     148      7.4327      0.0000      1.2761
     149      7.4327      0.5125      1.2940
     150      7.4327      1.0250      1.3119
     151      7.4327      1.5375      1.3298
     152      7.4327      2.0500      1.3477
     153      7.4327      2.5625      1.3655
     154      7.4327      3.0750      1.3834
     155      7.4327      3.5875      1.4013
     156      7.4327      4.1000      1.4192
     157      7.4327      4.6125      1.4371
     158      7.4327      5.1250      1.4550
     159      7.4327      5.6375      1.4729
     160      7.4327      6.1500      1.4908
     161      7.3955      6.6625      1.5120
     162      7.3584      7.1750      1.5331
     163      7.3213      7.6875      1.5542
     164      7.2842      8.2000      1.5754
     165      7.2470      8.7125      1.5965
     166      7.2099      9.2250      1.6177
     167      7.1728      9.7375      1.6388
     168      7.1357     10.2500      1.6599
     169      7.5388      0.0000      1.2724
     170      7.5388      0.5125      1.2903
     171      7.5388      1.0250      1.3082
     172      7.5388      1.5375      1.3261
     173      7.5388      2.0500      1.3439
     174      7.5388      2.5625      1.3618
     175      7.5388      3.0750      1.3797
     176      7.5388      3.5875      1.3976
     177      7.5388      4.1000      1.4155
     178      7.5388      4.6125      1.4334
     179      7.5388      5.1250      1.4513
     180      7.5388      5.6375      1.4692
     181      7.5388      6.1500      1.4871
     182      7.4963      6.6625      1.5087
     183      7.4539      7.1750      1.5303
     184      7.4115      7.6875      1.5519
     185      7.3690      8.2000      1.5735
     186      7.3266      8.7125      1.5951
     187      7.2842      9.2250      1.6167
     188      7.2418      9.7375      1.6383
     189      7.1993     10.2500      1.6599
     190      7.6449      0.0000      1.2687
     191      7.6449      0.5125      1.2866
     192      7.6449      1.0250      1.3044
     193      7.6449      1.5375      1.3223
     194      7.6449      2.0500      1.3402
     195      7.6449      2.5625      1.3581
     196      7.6449      3.0750      1.3760
     197      7.6449      3.5875      1.3939
     198      7.6449      4.1000      1.4118
     199      7.6449      4.6125      1.4297
     200      7.6449      5.1250      1.4476
     201      7.6449      5.6375      1.4655
     202      7.6449      6.1500      1.4834
     203      7.5971      6.6625      1.5055
     204      7.5494      7.1750      1.5275
     205      7.5017      7.6875      1.5496
     206      7.4539      8.2000      1.5717
     207      7.4062      8.7125      1.5937
     208      7.3585      9.2250      1.6158
     209      7.3107      9.7375      1.6379
     210      7.2630     10.2500      1.6599
     211      7.7510      0.0000      1.2650
     212      7.7510      0.5125      1.2828
     213      7.7510      1.0250      1.3007
     214      7.7510      1.5375      1.3186
     215      7.7510      2.0500      1.3365
     216      7.7510      2.5625      1.3544
     217      7.7510      3.0750      1.3723
     218      7.7510      3.5875      1.3902
     219      7.7510      4.1000      1.4081
     220      7.7510      4.6125      1.4260
     221      7.7510      5.1250      1.4439
     222      7.7510      5.6375      1.4618
     223      7.7510      6.1500      1.4797
     224      7.6979      6.6625      1.5022
     225      7.6449      7.1750      1.5248
     226      7.5918      7.6875      1.5473
     227      7.5388      8.2000      1.5698
     228      7.4858      8.7125      1.5924
     229      7.4327      9.2250      1.6149
     230      7.3797      9.7375      1.6374
     231      7.3267     10.2500      1.6599
     232      7.8570      0.0000      1.2612
     233      7.8570      0.5125      1.2791
     234      7.8570      1.0250      1.2970
     235      7.8570      1.5375      1.3149
     236      7.8570      2.0500      1.3328
     237      7.8570      2.5625      1.3507
     238      7.8570      3.0750      1.3686
     239      7.8570      3.5875      1.3865
     240      7.8570      4.1000      1.4044
     241      7.8570      4.6125      1.4223
     242      7.8570      5.1250      1.4402
     243      7.8570      5.6375      1.4581
     244      7.8570      6.1500      1.4760
     245      7.7987      6.6625      1.4990
     246      7.7404      7.1750      1.5220
     247      7.6820      7.6875      1.5450
     248      7.6237      8.2000      1.5680
     249      7.5654      8.7125      1.5910
     250      7.5070      9.2250      1.6140
     251      7.4487      9.7375      1.6369
     252      7.3903     10.2500      1.6599
     253      7.9631      0.0000      1.2575
     254      7.9631      0.5125      1.2754
     255      7.9631      1.0250      1.2933
     256      7.9631      1.5375      1.3112
     257      7.9631      2.0500      1.3291
     258      7.9631      2.5625      1.3470
     259      7.9631      3.0750      1.3649
     260      7.9631      3.5875      1.3828
     261      7.9631      4.1000      1.4007
     262      7.9631      4.6125      1.4186
     263      7.9631      5.1250      1.4365
     264      7.9631      5.6375      1.4544
     265      7.9631      6.1500      1.4723
     266      7.8995      6.6625      1.4958
     267      7.8359      7.1750      1.5192
     268      7.7722      7.6875      1.5427
     269      7.7086      8.2000      1.5661
     270      7.6449      8.7125      1.5896
     271      7.5813      9.2250      1.6130
     272      7.5176      9.7375      1.6365
     273      7.4540     10.2500      1.6599
     274      8.0692      0.0000      1.2538
     275      8.0692      0.5125      1.2717
     276      8.0692      1.0250      1.2896
     277      8.0692      1.5375      1.3075
     278      8.0692      2.0500      1.3254
     279      8.0692      2.5625      1.3433
     280      8.0692      3.0750      1.3612
     281      8.0692      3.5875      1.3791
     282      8.0692      4.1000      1.3970
     283      8.0692      4.6125      1.4149
     284      8.0692      5.1250      1.4328
     285      8.0692      5.6375      1.4507
     286      8.0692      6.1500      1.4686
     287      8.0003      6.6625      1.4925
     288      7.9313      7.1750      1.5164
     289      7.8624      7.6875      1.5403
     290      7.7935      8.2000      1.5643
     291      7.7245      8.7125      1.5882
     292      7.6556      9.2250      1.6121
     293      7.5866      9.7375      1.6360
     294      7.5177     10.2500      1.6599
     295      8.1753      0.0000      1.2501
     296      8.1753      0.5125      1.2680
     297      8.1753      1.0250      1.2859
     298      8.1753      1.5375      1.3038
     299      8.1753      2.0500      1.3217
     300      8.1753      2.5625      1.3396
     301      8.1753      3.0750      1.3575
     302      8.1753      3.5875      1.3754
     303      8.1753      4.1000      1.3933
     304      8.1753      4.6125      1.4112
     305      8.1753      5.1250      1.4291
     306      8.1753      5.6375      1.4470
     307      8.1753      6.1500      1.4649
     308      8.1011      6.6625      1.4893
     309      8.0268      7.1750      1.5137
     310      7.9526      7.6875      1.5380
     311      7.8783      8.2000      1.5624
     312      7.8041      8.7125      1.5868
     313      7.7298      9.2250      1.6112
     314      7.6556      9.7375      1.6356
     315      7.5813     10.2500      1.6599
     316      8.2814      0.0000      1.2464
     317      8.2814      0.5125      1.2643
     318      8.2814      1.0250      1.2822
     319      8.2814      1.5375      1.3001
     320      8.2814      2.0500      1.3180
     321      8.2814      2.5625      1.3359
     322      8.2814      3.0750      1.3538
     323      8.2814      3.5875      1.3717
     324      8.2814      4.1000      1.3896
     325      8.2814      4.6125      1.4075
     326      8.2814      5.1250      1.4254
     327      8.2814      5.6375      1.4433
     328      8.2814      6.1500      1.4612
     329      8.2019      6.6625      1.4860
     330      8.1223      7.1750      1.5109
     331      8.0428      7.6875      1.5357
     332      7.9632      8.2000      1.5606
     333      7.8837      8.7125      1.5854
     334      7.8041      9.2250      1.6103
     335      7.7246      9.7375      1.6351
     336      7.6450     10.2500      1.6599
     337      8.3875      0.0000      1.2427
     338      8.3875      0.5125      1.2606
     339      8.3875      1.0250      1.2785
     340      8.3875      1.5375      1.2964
     341      8.3875      2.0500      1.3143
     342      8.3875      2.5625      1.3322
     343      8.3875      3.0750      1.3501
     344      8.3875      3.5875      1.3680
     345      8.3875      4.1000      1.3859
     346      8.3875      4.6125      1.4038
     347      8.3875      5.1250      1.4217
     348      8.3875      5.6375      1.4396
     349      8.3875      6.1500      1.4575
     350      8.3027      6.6625      1.4828
     351      8.2178      7.1750      1.5081
     352      8.1330      7.6875      1.5334
     353      8.0481      8.2000      1.5587
     354      7.9632      8.7125      1.5840
     355      7.8784      9.2250      1.6093
     356      7.7935      9.7375      1.6346
     357      7.7087     10.2500      1.6599
     358      8.4936      0.0000      1.2390
     359      8.4936      0.5125      1.2569
     360      8.4936      1.0250      1.2748
     361      8.4936      1.5375      1.2927
     362      8.4936      2.0500      1.3106
     363      8.4936      2.5625      1.3285
     364      8.4936      3.0750      1.3464
     365      8.4936      3.5875      1.3643
     366      8.4936      4.1000      1.3822
     367      8.4936      4.6125      1.4001
     368      8.4936      5.1250      1.4180
     369      8.4936      5.6375      1.4359
     370      8.4936      6.1500      1.4538
     371      8.4035      6.6625      1.4795
     372      8.3133      7.1750      1.5053
     373      8.2231      7.6875      1.5311
     374      8.1330      8.2000      1.5569
     375      8.0428      8.7125      1.5826
     376      7.9527      9.2250      1.6084
     377      7.8625      9.7375      1.6342
     378      7.7723     10.2500      1.6599
     379      8.5997      0.0000      1.2353
     380      8.5997      0.5125      1.2532
     381      8.5997      1.0250      1.2711
     382      8.5997      1.5375      1.2890
     383      8.5997      2.0500      1.3069
     384      8.5997      2.5625      1.3248
     385      8.5997      3.0750      1.3427
     386      8.5997      3.5875      1.3606
     387      8.5997      4.1000      1.3785
     388      8.5997      4.6125      1.3964
     389      8.5997      5.1250      1.4143
     390      8.5997      5.6375      1.4322
     391      8.5997      6.1500      1.4501
     392      8.5043      6.6625      1.4763
     393      8.4088      7.1750      1.5025
     394      8.3133      7.6875      1.5288
     395      8.2179      8.2000      1.5550
     396      8.1224      8.7125      1.5812
     397      8.0269      9.2250      1.6075
     398      7.9315      9.7375      1.6337
     399      7.8360     10.2500      1.6599
     400      8.7058      0.0000      1.2316
     401      8.7058      0.5125      1.2495
     402      8.7058      1.0250      1.2674
     403      8.7058      1.5375      1.2853
     404      8.7058      2.0500      1.3032
     405      8.7058      2.5625      1.3211
     406      8.7058      3.0750      1.3390
     407      8.7058      3.5875      1.3569
     408      8.7058      4.1000      1.3748
     409      8.7058      4.6125      1.3927
     410      8.7058      5.1250      1.4106
     411      8.7058      5.6375      1.4285
     412      8.7058      6.1500      1.4464
     413      8.6050      6.6625      1.4731
     414      8.5043      7.1750      1.4998
     415      8.4035      7.6875      1.5265
     416      8.3027      8.2000      1.5532
     417      8.2020      8.7125      1.5798
     418      8.1012      9.2250      1.6065
     419      8.0004      9.7375      1.6332
     420      7.8997     10.2500      1.6599
     421      8.8119      0.0000      1.2279
     422      8.8119      0.5125      1.2458
     423      8.8119      1.0250      1.2637
     424      8.8119      1.5375      1.2816
     425      8.8119      2.0500      1.2995
     426      8.8119      2.5625      1.3174
     427      8.8119      3.0750      1.3353
     428      8.8119      3.5875      1.3532
     429      8.8119      4.1000      1.3711
     430      8.8119      4.6125      1.3890
     431      8.8119      5.1250      1.4069
     432      8.8119      5.6375      1.4248
     433      8.8119      6.1500      1.4427
     434      8.7058      6.6625      1.4698
     435      8.5998      7.1750      1.4970
     436      8.4937      7.6875      1.5241
     437      8.3876      8.2000      1.5513
     438      8.2815      8.7125      1.5785
     439      8.1755      9.2250      1.6056
     440      8.0694      9.7375      1.6328
     441      7.9633     10.2500      1.6599
